1 20 4458 144 1 172 271 808 23 595 501 109 155 216 177 586 72 602 146 61 341 856 274 269 541 951 370 977 340 29 53 28 466 547 309 660 282 731 120 486 366 89 241
2 20 4103 89 480 702 304 297 414 32 394 936 312 334 78 30 512 671 102 572 329 350 114 602 587 640 474 166 562 59 500 829 42 354 176 654 445 162 527 530 141 197 405
3 20 5390 298 513 549 566 629 573 956 128 588 518 535 500 199 130 951 257 592 41 345 43 270 390 634 425 701 149 86 578 477 364 743 273 782 451 691 184 708 488 46 269
4 20 4514 152 83 543 416 780 280 867 434 539 200 198 372 350 543 316 105 768 65 330 83 471 343 305 410 818 444 102 570 666 29 322 589 379 477 219 60 643 235 261 560
5 20 4698 313 557 927 310 437 404 638 566 966 125 202 345 801 462 774 439 68 504 228 371 484 61 776 464 138 532 773 544 96 520 639 246 553 111 260 247 161 377 162 453
6 20 4731 382 532 791 478 605 39 99 286 188 543 558 470 634 415 475 523 399 462 132 440 770 352 63 230 948 160 125 383 454 159 796 170 435 406 44 534 645 317 919 139
7 20 5356 646 527 324 34 660 103 575 346 809 395 242 206 114 359 502 518 980 451 642 512 586 185 698 496 471 225 430 205 281 510 167 347 933 117 990 423 265 311 398 302
8 20 5339 980 275 992 111 911 525 553 254 185 140 226 180 463 134 434 567 218 466 408 147 943 45 909 191 663 550 859 100 80 181 387 421 97 110 710 307 281 495 379 379
9 20 4647 841 276 925 213 10 41 807 62 559 199 361 320 223 269 631 95 295 317 203 589 288 270 789 51 124 471 167 294 801 494 71 288 52 486 822 241 468 272 857 507
10 20 4957 990 427 403 488 615 267 256 142 366 178 406 146 927 534 947 402 498 188 173 38 225 231 150 72 509 484 870 196 498 254 789 264 701 481 385 431 88 165 119 266
11 20 4803 300 344 110 158 604 241 234 528 378 564 386 577 622 277 500 26 659 5 928 146 269 198 348 406 910 178 258 596 340 190 98 3 945 341 642 192 933 102 142 170
12 20 5442 918 511 54 173 817 56 58 21 253 586 313 235 599 9 276 115 746 481 895 600 324 4 788 258 898 227 260 126 632 59 963 214 660 4 332 257 774 190 324 589
13 20 5491 1 124 928 322 489 43 150 320 706 469 839 334 348 40 963 361 120 464 557 91 632 538 875 284 386 167 836 283 501 133 321 459 730 116 141 388 867 584 592 529
14 20 5547 591 269 151 531 653 543 473 181 955 226 999 357 635 289 658 50 673 460 590 99 957 113 228 149 524 104 494 577 473 92 420 99 440 72 505 357 291 126 385 547
15 20 5511 421 461 120 489 362 468 921 419 633 538 799 101 898 31 851 473 415 245 100 226 695 264 898 434 393 90 736 496 536 527 163 575 116 543 798 2 751 479 416 519
16 20 4494 75 549 318 143 711 33 413 564 935 504 595 24 200 201 820 190 688 520 11 516 4 226 233 179 297 97 779 120 903 473 168 119 657 270 782 556 165 237 235 247
17 20 5078 412 179 59 474 409 249 955 116 564 10 798 587 280 453 141 81 430 164 626 522 794 546 514 279 751 180 738 215 543 581 349 368 33 276 863 190 861 346 37 80
18 20 5306 933 241 857 523 688 277 894 370 202 110 452 12 716 316 630 297 675 271 91 372 522 247 273 555 530 71 768 145 33 435 105 315 187 468 568 26 977 340 512 545
19 20 4761 141 373 144 303 365 307 931 190 75 356 176 78 749 214 284 130 526 81 39 521 470 510 661 555 820 274 737 500 913 85 783 417 506 157 230 192 458 184 515 530
20 20 3775 36 317 913 218 230 39 757 342 946 487 720 142 262 262 130 399 371 544 228 335 57 229 4 283 43 526 376 219 506 279 606 257 185 463 502 161 19 96 659 528
21 20 4865 67 149 117 503 973 157 419 521 816 569 572 539 612 74 123 279 246 324 485 199 57 404 309 100 280 342 996 413 237 95 873 446 990 393 950 360 78 391 530 416
22 20 5735 428 297 734 43 846 156 715 550 812 529 372 176 967 137 965 318 899 357 462 49 344 392 687 48 676 34 637 2 323 259 551 15 256 311 757 215 20 465 19 492
23 20 4642 568 425 640 581 7 392 970 149 118 161 607 56 754 595 82 221 573 595 375 564 648 298 9 310 100 540 288 441 457 555 75 20 620 291 944 169 735 522 714 294
24 20 5047 24 245 722 353 300 245 577 535 768 81 530 189 713 588 131 466 112 378 623 232 632 559 676 445 134 281 875 545 525 73 495 196 771 78 815 586 537 296 135 244
25 20 5206 37 60 747 187 793 71 858 142 391 319 320 555 828 452 682 331 426 560 297 101 966 239 369 121 997 9 381 504 450 197 480 337 542 581 540 331 288 84 20 324
26 20 4711 792 145 992 81 304 269 866 583 115 502 81 279 642 202 84 492 512 545 389 560 155 600 828 470 789 530 978 271 364 222 89 519 762 74 447 234 15 479 218 22
27 20 4509 766 523 165 154 158 559 457 14 535 300 673 454 18 236 289 381 387 432 459 209 398 128 857 8 766 590 411 274 900 595 580 284 179 471 716 555 141 546 164 394
28 20 4401 63 509 338 533 674 131 420 176 156 298 197 303 790 432 325 180 658 383 90 540 84 210 341 244 439 258 81 423 851 78 678 571 56 32 914 280 738 119 909 290
29 20 5426 946 318 871 47 928 393 301 550 895 67 840 230 402 503 850 399 454 84 507 502 920 579 125 213 174 312 7 404 578 61 222 442 302 518 84 574 533 83 913 422
30 20 5016 345 94 222 289 425 45 149 257 453 553 128 302 334 463 548 215 522 363 574 179 539 417 316 424 625 569 989 234 931 65 856 275 728 163 502 292 482 305 365 473
31 20 5197 976 70 677 386 181 442 803 300 556 351 381 216 469 384 476 581 300 254 597 451 188 13 700 201 946 369 114 595 389 504 142 164 856 136 113 70 724 66 806 388
32 20 4705 371 596 439 406 516 337 754 364 31 1 157 356 36 333 790 496 658 417 346 193 580 358 1000 460 5 229 927 451 583 468 224 32 401 7 636 93 705 552 252 470
33 20 4373 895 323 217 147 633 552 586 294 25 387 648 112 912 74 180 453 432 28 303 329 976 402 96 308 100 588 397 101 90 503 272 471 248 158 199 456 730 423 808 449
34 20 4423 181 108 254 223 483 581 392 596 998 279 315 528 591 335 221 66 153 113 38 409 895 310 51 211 727 544 346 326 686 284 720 510 480 285 515 49 196 455 604 570
35 20 3589 315 32 772 528 315 237 80 306 538 477 8 276 369 359 366 400 346 500 426 75 257 594 567 435 463 108 796 426 84 125 246 587 675 32 187 320 244 383 125 236
36 20 5479 824 219 574 24 547 2 448 386 260 351 306 148 800 39 756 428 555 196 677 475 978 582 164 551 916 88 360 280 209 125 278 442 974 13 376 402 579 569 378 222
37 20 4164 187 268 79 119 461 382 943 494 219 423 299 80 526 377 645 445 369 144 107 154 548 443 16 363 654 33 490 147 384 138 874 395 703 296 170 449 187 544 468 567
38 20 6361 842 340 532 528 606 11 303 102 901 598 799 98 416 62 9 213 973 105 976 575 614 93 964 422 490 487 372 42 938 10 630 449 549 139 540 488 422 32 846 385
39 20 4183 411 481 326 375 961 210 41 89 276 576 721 379 269 386 913 256 545 571 366 23 59 247 780 314 400 181 292 154 118 424 180 221 868 20 41 296 205 94 594 510
40 20 4928 872 528 465 415 367 136 940 235 419 551 511 325 500 474 840 23 183 397 397 292 737 51 197 247 337 530 348 165 933 551 1 332 484 197 51 384 726 13 548 486
41 20 5070 407 332 453 128 132 116 50 156 323 405 180 342 518 369 916 589 886 224 152 379 688 131 801 261 983 84 800 227 434 383 138 299 711 201 624 379 733 84 211 431
42 20 5438 982 274 806 34 804 433 662 153 650 138 251 249 9 335 398 186 15 160 618 528 951 488 201 382 685 182 101 532 979 225 386 336 683 129 201 138 569 363 926 327
43 20 5732 427 93 941 447 998 278 961 465 20 221 865 244 50 295 753 228 584 495 11 229 726 27 473 20 116 243 500 349 914 447 478 270 742 127 350 305 935 206 621 108
44 20 6569 372 488 907 338 941 189 841 130 699 463 703 19 898 237 760 370 854 50 537 294 596 397 131 121 400 108 840 246 385 282 978 37 765 91 69 430 538 152 924 271
45 20 4775 332 553 939 129 24 480 256 85 998 423 769 525 828 96 367 119 44 518 162 258 331 279 601 365 5 511 803 557 600 389 49 30 427 531 763 114 849 256 403 221
46 20 4489 272 4 653 27 341 42 586 494 605 391 315 310 340 174 321 380 816 6 447 238 475 478 540 147 589 362 374 169 259 168 398 539 124 14 377 475 506 366 640 260
47 20 5966 906 93 370 59 789 428 262 467 825 24 326 266 619 203 325 60 971 252 824 398 370 39 554 369 701 436 904 73 747 496 387 161 865 277 62 579 845 4 280 339
48 20 4328 501 307 100 557 741 192 45 56 991 262 209 383 113 537 577 162 51 369 160 347 697 583 194 504 558 130 843 115 728 6 345 400 628 96 150 593 652 456 373 77
49 20 4189 294 421 184 65 216 507 662 460 95 575 343 325 11 284 869 304 894 359 522 112 365 468 84 49 456 193 625 84 449 107 7 310 174 429 915 380 302 335 911 317
50 20 3905 182 285 713 43 717 278 218 321 433 31 685 269 801 321 651 330 10 327 162 303 407 398 407 427 55 7 146 171 863 257 746 528 248 35 125 510 75 208 167 418
51 20 5614 390 534 806 590 538 45 959 389 653 405 199 20 866 486 294 127 992 131 647 352 359 458 811 181 95 154 397 442 936 446 962 443 937 72 258 364 37 504 92 426
52 20 4958 688 425 606 376 71 403 415 482 345 244 700 572 563 285 833 486 489 140 336 507 242 249 482 512 642 176 78 484 798 135 930 120 106 120 640 216 556 440 397 205
53 20 4803 174 278 662 401 824 506 280 265 668 401 430 352 577 156 3 560 981 533 329 505 816 340 768 20 564 517 361 74 549 498 10 274 357 348 382 340 751 350 121 325
54 20 4975 880 336 934 427 840 489 10 122 143 327 319 465 585 241 315 256 386 488 17 600 676 419 141 124 569 97 709 188 771 527 724 165 743 403 681 280 149 303 359 488
55 20 5003 209 448 393 424 795 71 1 515 545 311 756 296 944 287 288 90 131 359 719 418 350 34 890 76 37 406 407 53 729 328 945 317 140 106 558 309 620 235 549 571
56 20 5108 864 150 569 12 364 203 374 254 332 374 859 359 694 413 126 29 795 187 150 431 185 202 884 38 973 151 887 56 158 371 145 63 296 148 513 591 848 232 201 2
57 20 4118 93 68 65 189 178 392 405 516 329 183 622 238 744 106 173 265 877 93 512 172 334 1 667 402 478 303 445 572 150 204 501 166 483 232 495 216 151 217 534 515
58 20 4747 220 598 389 497 529 445 493 216 918 12 447 487 37 507 764 389 376 426 695 352 714 343 217 179 378 1 156 476 364 342 853 426 855 227 182 552 364 168 543 585
59 20 4691 176 388 441 544 935 563 499 82 84 133 456 258 343 73 124 191 996 374 715 252 612 175 628 402 497 533 251 451 580 510 163 194 472 405 896 296 101 73 414 542
60 20 4703 996 595 298 313 23 150 358 139 346 147 461 143 518 464 844 181 655 287 361 542 858 363 215 459 794 259 70 493 308 537 205 94 487 85 436 579 433 129 741 420
61 20 5118 469 282 246 110 309 351 888 44 599 4 434 382 304 390 544 533 404 202 717 150 905 383 237 193 923 590 425 173 535 24 304 387 758 166 1 54 253 496 982 443
62 20 4031 160 258 55 107 975 453 690 461 380 427 478 256 823 515 262 238 735 386 653 225 266 343 859 98 350 568 395 139 82 468 31 559 354 534 30 73 125 73 359 207
63 20 5389 288 594 807 140 445 598 908 144 536 436 708 386 17 46 665 66 42 575 163 109 522 139 880 353 665 511 283 597 980 138 861 457 650 155 818 254 177 133 363 148
64 20 4705 133 267 11 342 559 285 266 252 484 389 606 70 561 309 935 165 28 535 631 348 772 12 268 292 742 235 422 416 330 543 659 464 650 229 552 110 617 442 184 87
65 20 4151 675 304 924 541 311 409 356 278 389 573 125 275 597 120 543 216 878 468 224 283 444 536 535 556 591 416 12 328 220 95 475 346 545 202 183 173 122 45 154 355
66 20 4930 101 216 758 74 832 187 231 302 100 200 435 129 155 184 453 486 847 411 838 136 850 292 824 74 98 246 433 31 783 397 629 165 423 371 34 406 134 550 902 90
67 20 5685 729 51 817 566 791 385 815 557 70 259 147 166 883 18 378 57 123 355 234 406 186 561 802 229 973 551 737 99 370 378 796 381 459 549 629 6 747 464 685 39
68 20 4777 648 460 449 495 675 357 176 159 858 60 138 454 491 566 990 225 142 241 498 211 98 502 615 50 469 597 804 540 480 212 330 235 724 433 155 425 55 567 759 499
69 20 4233 502 140 101 481 74 79 971 262 295 255 595 202 865 157 203 576 484 108 271 286 353 545 483 35 624 246 961 99 315 60 808 489 150 372 104 479 297 479 11 454
70 20 5278 995 37 866 80 295 525 91 265 265 127 636 599 909 570 66 35 103 496 876 53 850 306 951 553 977 50 69 540 319 457 371 449 114 27 661 335 956 489 187 160
71 20 4229 255 535 625 400 196 335 287 324 521 382 5 431 147 293 343 534 60 458 352 197 411 236 820 143 690 81 646 28 388 561 340 64 231 151 695 401 863 203 583 225
72 20 5642 348 346 422 588 801 30 743 301 969 577 832 422 409 322 199 308 316 82 55 168 234 169 742 5 971 361 791 572 768 255 300 167 719 402 853 500 657 532 155 228
73 20 5665 950 402 582 88 289 98 508 544 281 383 74 82 453 23 770 566 873 389 774 579 856 301 451 291 550 358 366 11 536 463 976 63 979 565 592 403 76 395 394 146
74 20 4679 216 489 962 282 186 145 393 19 275 90 70 24 284 126 116 328 711 95 597 579 863 385 502 146 6 243 486 79 977 453 694 514 234 141 786 486 790 126 210 203
75 20 4135 14 324 213 178 453 526 520 560 96 534 368 372 935 252 134 565 706 542 39 358 188 425 628 548 178 229 403 87 775 473 155 81 824 177 616 480 539 322 487 77
76 20 5352 133 341 489 543 328 425 394 109 67 210 564 543 620 74 698 111 617 172 156 568 648 419 996 405 628 485 606 347 759 288 889 58 363 416 723 558 460 486 567 356
77 20 6614 418 48 629 268 360 341 884 382 779 245 785 368 810 339 691 75 906 125 512 489 909 245 797 79 903 327 701 148 520 339 432 9 506 208 717 572 527 14 443 535
78 20 3294 118 441 337 469 969 290 279 330 360 426 524 180 299 99 41 560 382 563 505 486 769 582 3 334 663 99 101 418 148 456 431 472 226 26 147 230 207 265 79 388
79 20 4554 884 436 14 239 401 490 559 327 311 529 402 59 260 280 563 287 615 468 134 275 387 140 310 275 601 392 400 139 700 258 116 118 611 255 558 163 459 335 824 92
80 20 4767 353 573 1 374 960 271 80 50 874 155 585 40 906 241 676 342 802 277 128 474 284 181 401 57 140 571 24 50 648 115 519 415 902 520 768 434 324 190 160 68
81 20 5080 32 276 697 523 730 130 342 294 409 387 231 167 663 411 473 381 681 427 747 103 328 255 656 151 486 230 353 574 245 167 958 172 471 191 788 384 69 237 801 285
82 20 5425 694 149 3 360 760 74 786 303 309 369 231 570 728 320 368 72 669 366 190 587 974 520 41 504 571 543 991 417 285 464 795 480 911 187 144 281 663 78 738 382
83 20 4018 142 478 760 438 113 106 792 52 1000 49 114 158 43 184 359 497 274 36 658 402 607 574 777 5 494 108 239 591 789 247 224 276 367 68 238 210 3 75 44 449
84 20 5294 259 22 63 471 604 564 578 170 1000 30 397 519 306 347 434 399 485 255 593 143 766 578 710 185 48 73 288 478 805 557 698 365 678 494 748 94 810 468 319 131
85 20 5147 517 330 162 123 503 27 650 414 251 330 270 149 33 343 204 98 778 190 754 240 952 598 439 585 694 53 915 459 325 231 859 550 858 437 193 30 660 573 278 192
86 20 5737 197 6 765 206 80 122 565 437 824 269 567 185 514 211 757 456 191 373 370 368 336 106 779 244 901 541 699 584 289 492 757 436 445 428 984 56 929 142 525 481
87 20 5804 203 504 673 198 919 469 635 547 110 88 680 66 465 485 281 580 798 35 713 524 522 489 584 528 967 418 957 381 103 273 676 129 857 45 159 536 325 51 982 552
88 20 5556 937 260 702 359 83 395 638 386 537 303 109 306 861 431 498 524 431 64 571 520 507 520 944 353 291 226 529 490 535 106 763 334 578 439 804 273 736 93 59 460
89 20 4262 247 306 4 410 767 102 677 29 31 499 910 571 256 28 168 4 827 50 462 252 626 443 158 503 26 448 899 353 199 155 644 167 456 253 77 321 370 63 720 511
90 20 4499 256 249 403 225 203 285 544 387 752 375 354 121 166 190 805 371 137 261 68 291 913 157 112 498 239 304 53 32 960 144 239 96 667 193 948 56 473 110 706 130
91 20 5549 211 82 605 508 297 228 906 497 948 362 292 89 859 92 802 278 299 540 600 397 107 489 826 428 901 427 330 36 230 379 937 417 365 480 154 473 895 526 534 51
92 20 5431 483 471 842 88 566 450 653 259 441 530 204 577 410 112 151 479 869 275 848 440 595 283 673 449 970 48 442 255 192 342 139 133 942 245 545 236 610 557 288 419
93 20 5842 706 585 884 165 871 259 872 558 9 3 939 240 324 369 949 577 846 141 632 373 189 400 771 486 743 584 148 237 377 598 378 432 200 306 909 155 273 234 664 39
94 20 5524 662 587 570 70 915 588 714 14 731 449 186 481 846 142 220 572 798 6 533 539 151 367 272 486 517 420 237 224 447 273 803 392 882 12 941 540 561 480 63 368
95 20 5199 318 111 47 94 870 561 608 197 511 414 303 31 264 82 286 549 86 193 587 359 747 279 941 163 799 307 445 381 225 108 621 424 836 293 471 360 665 29 769 44
96 20 5063 838 357 229 101 669 253 316 95 966 254 434 599 531 247 34 158 233 60 282 470 772 132 757 274 578 599 303 208 781 560 817 222 493 353 271 537 18 527 805 489
97 20 4868 929 364 734 104 85 316 377 543 559 411 881 321 477 551 103 460 700 469 46 359 796 109 273 463 262 167 518 448 251 542 88 366 889 243 712 216 702 47 354 75
98 20 3960 544 593 298 45 342 411 739 32 687 507 60 517 101 368 101 321 255 179 876 477 464 284 648 491 446 401 106 381 78 380 973 136 254 76 77 286 247 544 624 494
99 20 5339 693 216 848 572 462 496 709 484 402 592 53 327 720 528 895 397 660 439 167 253 229 487 502 379 612 330 42 75 949 2 190 79 870 440 802 175 21 547 852 176
100 20 4920 379 93 395 372 12 300 434 366 371 450 437 435 183 377 947 492 267 343 975 417 251 600 373 320 456 29 924 73 503 109 100 297 345 33 806 469 824 72 859 269
101 20 4597 644 460 619 588 400 436 276 283 680 370 835 235 938 140 230 89 374 196 395 292 47 334 540 481 372 455 33 552 79 48 111 537 317 501 529 40 873 60 903 456
102 20 4453 826 411 872 579 332 183 172 340 318 61 928 562 22 30 883 217 732 383 651 161 488 576 154 46 503 178 168 500 143 221 227 510 179 147 656 178 369 538 284 117
103 20 4490 497 113 583 475 847 342 648 488 186 49 167 119 394 547 288 220 559 193 917 70 613 333 88 367 97 298 787 205 686 506 353 267 131 513 95 41 277 424 768 75
104 20 4369 870 155 451 53 518 205 285 255 299 245 321 504 372 295 115 199 659 417 48 214 771 239 130 41 773 540 927 542 140 40 168 370 855 84 558 303 359 373 119 339
105 20 5186 860 390 365 455 800 308 361 533 84 587 952 130 52 446 69 66 95 332 947 67 288 215 407 563 648 153 821 142 75 480 941 452 580 329 713 131 537 331 778 29
106 20 4813 965 375 365 216 630 234 943 382 375 342 179 159 438 283 766 391 887 203 112 80 551 380 758 492 577 560 9 52 639 270 536 54 89 178 95 123 150 259 562 502
107 20 4062 995 453 524 414 178 506 85 126 67 113 349 129 477 515 144 510 160 551 128 96 850 105 524 154 146 70 814 130 177 255 273 52 806 227 408 142 386 152 634 551
108 20 4584 298 472 707 334 976 348 264 499 141 410 117 485 616 53 377 429 783 598 379 275 560 37 423 121 257 129 581 486 864 541 476 362 187 467 311 470 772 385 80 341
109 20 4164 92 260 5 39 79 284 168 74 801 362 446 533 68 520 209 18 426 364 635 102 878 371 762 62 581 312 526 567 690 6 69 125 345 130 828 207 70 216 651 490
110 20 5043 595 343 574 436 939 138 642 115 929 541 531 515 185 318 234 51 815 574 691 447 837 131 37 252 574 285 349 349 133 126 931 225 464 600 263 503 274 592 90 47
111 20 5395 963 513 765 331 609 269 613 253 273 483 390 73 461 398 926 386 386 208 643 537 819 389 690 406 210 419 546 61 337 423 250 158 984 125 461 58 329 287 135 240
112 20 5279 374 351 754 217 785 387 933 185 863 409 366 237 967 583 579 304 130 45 855 581 451 378 114 145 278 4 177 511 846 157 685 551 139 281 290 59 921 448 51 566
113 20 3927 134 57 527 592 652 394 37 108 325 214 83 206 404 550 792 187 978 556 385 9 480 244 353 436 112 49 331 3 171 64 287 332 392 179 165 366 770 402 476 280
114 20 5555 957 177 682 142 345 72 313 172 999 70 588 533 213 472 782 61 831 438 454 161 370 113 571 527 540 324 845 254 846 367 554 268 344 178 235 216 258 429 384 569
115 20 4796 756 245 218 307 659 400 31 548 33 340 935 592 183 298 439 258 176 455 981 537 252 292 553 106 973 26 412 147 66 448 263 195 841 148 522 582 510 196 790 524
116 20 5635 992 310 816 102 986 62 536 126 704 244 729 273 130 242 990 594 878 250 628 490 443 261 151 418 610 566 201 182 945 590 977 311 146 36 16 101 188 584 204 320
117 20 5085 324 320 770 345 313 404 763 282 345 492 49 28 684 286 617 161 548 235 140 278 583 9 915 414 392 386 144 169 25 4 314 22 800 461 689 527 806 457 949 50
118 20 5111 319 347 566 546 631 42 798 45 539 85 978 390 171 303 399 15 792 506 19 481 580 191 279 201 283 291 724 535 781 177 84 559 488 349 958 81 118 90 715 457
119 20 4861 965 262 666 412 873 59 226 297 33 400 102 204 632 333 617 345 621 480 234 439 945 480 258 358 758 294 38 16 837 486 54 183 458 210 351 240 398 181 656 429
120 20 4660 456 309 95 422 797 31 111 343 916 313 60 121 986 318 593 570 377 407 272 474 252 50 654 551 315 118 977 409 617 260 11 523 866 433 40 143 451 313 475 69
121 20 4568 856 410 394 402 96 486 854 31 202 465 802 220 245 440 174 41 237 355 317 327 760 513 619 83 551 442 965 399 111 194 584 389 378 64 160 555 212 433 619 451
122 20 5118 551 147 911 388 266 117 489 28 711 515 470 501 428 539 86 366 145 501 892 583 707 174 408 317 179 310 225 50 961 252 64 534 658 392 968 554 206 500 912 58
123 20 5558 218 249 65 577 958 450 919 171 612 291 599 575 442 423 832 295 134 38 513 171 591 500 992 596 125 194 323 58 959 268 816 522 837 144 482 520 220 505 479 410
124 20 5495 552 456 24 453 471 184 44 131 456 121 481 55 614 346 356 238 860 268 680 303 641 541 499 357 914 280 438 79 557 415 324 392 503 310 951 571 867 572 758 596
125 20 4869 931 579 989 116 62 98 662 31 510 243 30 241 36 557 606 529 995 86 668 126 409 46 153 65 743 88 134 29 43 572 768 29 984 179 646 133 163 287 206 149
126 20 5215 935 519 617 78 744 243 104 46 80 551 985 94 296 353 322 67 75 554 631 33 286 51 230 598 182 361 891 38 420 535 676 277 963 144 809 327 498 562 687 460
127 20 4763 823 174 914 552 47 579 510 298 846 197 781 536 390 160 366 487 141 464 407 214 505 164 18 392 95 229 758 214 860 339 965 294 161 445 477 57 450 293 13 11
128 20 5640 41 592 517 142 398 327 851 566 277 367 798 390 315 162 958 294 119 205 158 532 928 325 682 92 901 330 628 422 85 183 829 408 482 254 978 223 530 162 806 570
129 20 4710 906 65 766 31 431 181 553 16 156 424 769 238 489 493 740 596 109 34 695 32 10 233 85 200 771 372 626 546 692 96 595 502 46 581 23 14 643 314 315 348
130 20 3868 682 144 203 580 144 218 895 456 540 543 277 69 575 177 852 24 321 241 268 99 183 286 370 65 229 517 952 157 340 425 1 563 11 308 278 471 541 73 74 330
131 20 4331 264 568 524 122 696 541 799 564 148 49 691 585 385 506 970 289 630 501 154 585 203 95 292 231 820 248 30 197 111 431 177 164 764 267 391 110 229 595 384 319
132 20 4966 248 541 402 404 936 145 509 347 239 559 49 281 659 27 565 536 22 319 378 241 753 428 644 319 416 489 690 281 957 67 45 86 789 88 453 221 754 537 424 376
133 20 5361 468 355 842 459 264 238 717 92 773 464 503 163 644 102 795 374 511 196 728 505 804 580 663 18 186 47 532 333 589 120 205 221 145 524 683 66 172 568 499 493
134 20 4811 684 73 632 427 171 61 295 542 412 42 620 66 529 446 743 530 394 356 276 106 766 512 768 595 139 465 620 19 336 310 560 313 52 96 970 108 331 141 324 200
135 20 5390 950 68 380 13 83 86 510 229 291 438 150 86 705 271 917 41 491 63 624 293 150 222 591 460 681 65 979 217 659 315 80 554 563 145 822 237 835 320 320 78
136 20 5123 995 391 528 181 377 300 442 515 237 353 509 547 627 121 35 25 767 373 646 52 749 282 1 68 756 494 999 295 993 450 8 320 868 84 144 216 178 108 387 77
137 20 5455 579 498 929 358 920 293 678 150 992 582 570 487 229 346 485 453 157 317 594 433 799 203 137 392 909 259 823 530 951 481 263 295 74 181 200 124 577 502 45 315
138 20 4894 888 224 890 381 878 85 192 439 179 471 64 308 271 508 69 9 57 111 674 454 363 224 388 295 500 370 501 230 524 162 979 175 221 237 963 222 248 495 939 298
139 20 4455 133 278 960 196 415 117 727 529 520 274 357 130 613 432 144 112 333 264 686 94 450 235 287 535 515 458 438 187 231 549 62 12 253 574 775 153 435 581 577 26
140 20 4570 284 98 836 388 587 299 619 331 672 258 251 597 251 464 478 208 807 120 238 142 685 46 140 234 188 221 517 88 25 382 175 466 564 175 419 206 498 294 907 63
141 20 5008 847 142 235 329 226 80 596 336 110 123 334 272 422 397 134 43 982 527 466 219 590 197 703 148 325 443 253 377 349 445 870 125 703 575 798 477 671 100 402 325
142 20 5789 732 47 717 297 355 275 782 30 999 71 441 78 92 383 840 166 538 576 706 585 54 436 941 10 634 470 681 584 572 56 643 552 378 336 184 499 602 467 688 102
143 20 5739 101 213 185 36 701 481 844 359 965 496 306 464 653 521 843 171 500 462 313 365 433 243 941 432 808 15 254 281 637 177 543 187 312 292 223 483 927 507 990 195
144 20 5304 529 30 733 74 654 337 827 333 22 186 221 124 922 39 598 12 33 345 999 191 409 277 824 102 467 556 967 346 383 111 342 40 672 168 450 56 437 532 120 375
145 20 5594 341 9 750 556 308 97 620 158 626 297 919 304 950 163 565 568 548 585 406 496 169 509 138 209 835 136 460 235 454 304 868 428 530 321 946 293 317 178 439 60
146 20 4813 95 122 571 159 326 419 271 97 600 225 809 561 557 3 29 357 39 355 689 594 112 439 657 176 986 341 500 284 157 425 979 194 735 92 279 33 666 348 570 360
147 20 4133 23 83 54 321 896 330 380 227 708 324 87 491 645 108 784 211 949 72 366 54 167 412 76 104 926 430 192 557 165 368 143 128 467 270 313 600 753 320 172 42
148 20 4239 931 490 285 30 82 346 569 142 428 32 324 481 999 158 365 24 122 410 483 21 586 203 583 2 238 459 476 72 981 41 63 159 102 356 210 444 154 521 497 177
149 20 5210 944 468 869 472 403 274 605 293 420 575 792 69 141 411 419 17 573 346 390 42 659 379 693 309 282 389 942 214 619 180 484 466 500 149 97 513 387 28 202 515
150 20 4404 147 372 381 487 42 433 670 94 93 23 790 58 178 153 947 161 479 215 185 566 976 183 177 463 828 159 710 128 94 483 891 504 579 440 91 492 115 136 436 241
151 20 5569 891 569 321 231 891 42 204 454 477 299 142 161 640 135 458 271 333 537 657 23 765 341 423 569 39 393 874 33 534 311 459 143 813 26 772 548 904 125 541 476
152 20 5721 912 311 223 451 82 249 933 417 892 390 414 48 74 455 970 33 846 301 871 278 900 341 548 367 843 304 633 104 350 336 432 348 200 98 5 241 435 396 880 129
153 20 4430 390 289 833 591 193 310 500 483 377 125 449 314 110 298 296 46 696 401 161 162 638 83 903 294 124 347 700 552 352 144 674 161 432 453 572 25 459 109 2 412
154 20 4848 154 122 500 343 102 379 502 436 764 193 828 578 669 112 759 590 126 22 636 560 541 263 171 427 990 147 833 485 100 380 238 139 961 273 257 378 401 397 164 106
155 20 5030 220 20 449 534 729 326 344 164 478 504 22 232 157 194 802 360 280 79 647 72 2 268 769 527 545 168 1000 9 555 21 166 174 517 226 877 38 897 343 604 550
156 20 5278 602 222 362 50 62 426 189 265 665 51 869 150 796 297 717 268 944 145 745 308 519 557 8 209 455 414 762 407 31 512 586 334 993 225 343 102 865 23 44 36
157 20 5271 1 535 490 108 641 7 895 127 159 309 501 117 603 131 556 94 438 42 576 143 357 582 966 417 791 205 973 181 695 499 150 9 348 312 362 381 225 102 815 502
158 20 4855 668 30 853 6 31 564 282 107 941 264 491 58 338 71 760 276 547 119 348 25 475 61 269 46 228 586 297 293 135 188 619 586 862 259 576 588 39 444 951 170
159 20 4485 226 18 173 358 268 538 74 467 277 246 197 365 819 168 965 105 415 7 841 334 482 294 612 539 370 530 353 525 479 315 132 41 748 192 663 494 810 316 66 596
160 20 4665 275 598 31 541 615 519 198 154 522 105 865 567 504 390 468 469 460 410 568 520 143 219 306 277 225 583 260 296 4 449 785 214 900 84 761 196 678 149 762 223
161 20 5363 155 509 133 93 528 527 821 382 153 159 897 228 349 581 715 305 478 339 358 289 523 250 722 542 755 21 977 421 304 85 265 67 380 554 707 426 900 321 606 248
162 20 5698 29 246 463 493 792 338 501 186 663 537 844 288 236 336 896 122 406 357 393 581 707 459 873 309 97 506 782 61 252 499 920 413 791 200 756 52 59 281 937 577
163 20 4701 588 468 204 559 234 533 359 437 568 598 379 117 844 116 140 489 687 483 850 81 13 165 465 301 628 530 211 313 574 82 430 162 37 598 492 427 931 560 768 240
164 20 4568 80 58 429 62 229 29 242 420 688 368 283 381 720 71 578 423 572 13 120 186 974 207 841 480 91 280 35 282 748 474 266 213 715 600 801 88 192 125 533 133
165 20 3933 396 490 275 1 77 492 958 382 662 194 917 473 335 3 231 163 306 515 53 228 235 243 795 441 220 344 795 565 151 9 476 208 200 119 60 160 21 395 703 554
166 20 5395 140 139 765 14 964 588 644 82 442 178 451 487 689 36 508 427 816 167 5 248 527 60 851 402 438 454 232 521 383 598 880 281 96 391 922 246 422 555 616 383
167 20 5493 504 135 395 359 664 102 718 270 6 72 463 268 878 432 44 85 431 127 379 341 690 438 102 181 775 563 984 298 986 369 684 184 471 42 899 402 85 368 828 433
168 20 5538 927 161 227 574 626 7 994 270 715 153 111 557 536 436 976 45 829 288 389 426 635 108 843 552 15 520 819 291 510 523 87 232 60 70 715 121 989 576 74 280
169 20 4353 800 403 919 159 71 401 312 98 400 465 629 148 62 463 831 322 161 275 168 13 275 484 626 351 323 161 304 573 200 427 1000 491 151 147 272 379 362 59 841 566
170 20 5215 865 413 344 465 157 575 823 355 917 541 343 216 234 398 53 536 969 292 410 370 721 267 307 421 770 84 133 341 60 267 637 377 890 311 797 305 314 333 686 149
171 20 4281 788 192 70 507 871 129 517 463 548 540 183 508 534 144 898 400 544 354 495 510 130 456 161 340 27 271 510 89 175 561 226 309 524 513 323 532 57 237 982 403
172 20 4175 126 64 17 351 26 397 384 530 18 65 966 188 232 114 911 447 282 328 340 210 388 403 246 248 732 492 57 219 804 93 890 155 169 395 810 254 164 59 789 120
173 20 5562 224 166 247 512 934 337 790 478 604 42 258 377 23 135 790 227 218 548 622 69 331 224 906 249 570 101 452 2 849 50 446 459 709 118 601 21 901 421 649 179
174 20 6089 894 533 608 103 978 513 608 336 595 340 638 316 674 42 698 333 351 196 1000 18 340 239 553 361 712 552 958 123 849 120 318 146 435 559 838 10 62 246 69 381
175 20 3361 367 124 728 127 561 336 158 111 162 429 288 149 253 103 565 117 142 45 21 558 782 323 121 567 138 529 429 458 188 124 698 371 745 79 108 568 197 72 72 60
176 20 4107 142 503 905 328 330 464 317 469 923 343 641 387 614 510 532 425 615 339 199 181 24 116 183 322 415 549 886 567 433 339 62 91 114 335 325 598 153 198 401 592
177 20 5143 749 92 540 332 827 396 728 167 530 591 655 138 834 395 216 576 20 594 622 76 17 364 898 535 203 7 885 435 342 170 798 396 167 41 185 555 958 408 112 170
178 20 4518 615 146 204 416 386 467 997 564 356 247 372 359 81 310 436 451 868 422 753 445 716 205 352 2 965 12 248 246 413 196 112 460 410 517 219 271 184 53 349 237
179 20 4148 339 164 129 323 443 563 476 586 334 219 795 516 989 26 798 51 584 511 221 4 177 6 291 240 220 224 131 415 578 481 429 494 500 153 148 45 74 506 640 600
180 20 5051 279 288 918 404 486 56 65 13 370 448 482 328 141 563 699 312 134 38 120 145 376 383 886 228 831 51 837 10 179 187 623 54 544 568 302 316 990 473 840 86
181 20 5184 130 122 761 302 591 75 483 51 899 90 199 381 484 376 751 540 459 410 884 207 246 369 205 525 629 363 815 183 21 210 780 344 843 401 185 25 785 283 218 83
182 20 4745 634 5 99 451 129 152 280 537 609 266 998 460 947 247 28 194 699 107 372 234 958 308 510 536 211 364 196 263 707 417 126 548 537 27 733 35 273 465 445 375
183 20 3887 525 466 326 553 298 40 517 488 78 212 76 234 308 282 73 94 413 371 861 334 461 456 377 441 521 587 154 98 473 296 373 107 412 217 437 280 440 112 652 25
184 20 4998 142 89 209 165 672 515 975 346 212 349 377 59 894 387 508 586 130 365 663 25 578 320 595 583 965 450 79 155 658 273 805 149 985 299 95 45 124 42 331 173
185 20 4941 233 267 922 518 377 511 462 42 115 56 249 324 417 252 663 62 690 409 390 182 440 458 782 303 275 536 973 175 745 236 75 248 954 361 63 60 902 30 155 140
186 20 3128 27 197 26 288 33 485 162 317 195 592 45 301 836 570 526 274 774 32 492 542 127 494 366 562 19 533 787 586 271 435 264 551 17 420 252 220 961 590 76 379
187 20 4456 424 542 528 158 140 8 443 459 453 587 820 129 755 126 553 165 548 514 61 167 934 427 830 251 342 466 146 512 701 125 374 189 201 220 361 359 218 461 80 356
188 20 4913 254 301 862 435 900 491 362 276 813 163 526 322 558 481 101 513 69 167 376 265 908 52 713 422 647 299 635 129 412 130 761 552 205 495 187 76 235 402 302 543
189 20 5354 610 7 787 190 711 106 79 102 862 269 799 341 766 158 552 295 335 273 407 551 666 45 873 419 299 508 8 204 673 54 493 153 259 281 15 491 933 73 581 106
190 20 4763 833 360 706 600 156 373 648 72 143 210 258 111 318 464 520 79 72 206 644 86 396 354 558 501 783 87 42 321 439 270 894 555 319 46 657 313 931 262 210 479
191 20 4811 670 595 615 358 555 87 537 502 518 467 967 264 40 368 175 257 543 359 358 132 246 297 598 500 577 113 494 438 83 507 728 162 121 84 659 122 934 57 204 181
192 20 3961 74 400 296 473 33 22 389 191 510 445 175 455 720 351 15 369 66 248 52 564 447 382 761 229 245 261 859 307 745 188 402 138 402 488 536 269 834 490 362 467
193 20 6021 437 132 825 389 710 139 283 290 735 317 265 463 958 230 138 268 479 465 968 123 828 454 831 296 636 298 366 505 871 354 374 551 547 37 594 441 493 341 704 46
194 20 4679 504 499 844 57 862 215 154 386 37 576 495 365 751 70 197 227 26 435 51 74 931 475 628 576 262 167 694 124 898 133 377 353 603 331 462 109 339 85 244 9
195 20 4922 335 121 37 182 920 82 371 361 174 65 982 314 434 592 225 274 399 249 214 496 411 346 80 44 268 250 276 151 592 471 540 41 902 228 908 150 858 151 919 543
196 20 5085 723 528 962 253 71 371 521 350 309 350 888 387 75 281 795 105 425 86 467 368 962 275 128 29 775 100 444 321 848 81 224 1 205 172 373 238 300 429 675 220
197 20 5061 688 71 997 182 229 238 571 220 821 515 225 385 376 101 609 283 470 124 284 580 145 218 987 97 935 530 508 494 470 422 354 448 513 273 815 367 118 155 7 293
198 20 5102 507 367 691 486 807 144 584 411 425 376 118 186 487 501 93 207 780 96 558 559 422 532 801 39 384 339 171 183 819 520 65 458 506 445 817 439 694 190 476 21
199 20 5792 648 43 732 16 980 440 563 557 140 251 707 371 777 421 814 282 33 457 22 255 834 211 619 169 90 272 647 473 987 150 749 223 442 484 513 239 697 341 591 554
200 20 4661 629 38 111 119 679 325 633 168 716 403 115 138 499 255 465 212 308 134 368 128 876 566 926 539 210 295 464 286 164 536 24 444 558 391 216 455 821 268 541 175
201 20 4961 518 182 107 330 941 291 422 204 458 87 334 68 789 35 433 467 107 371 191 242 169 256 805 274 948 480 493 379 715 91 708 550 573 300 344 250 667 33 200 295
202 20 6370 309 306 941 463 987 106 913 213 69 257 204 289 962 475 923 565 623 183 335 531 352 135 480 428 826 272 996 457 934 591 566 512 386 32 953 132 298 320 683 486
203 20 4819 253 380 552 273 148 214 569 422 701 396 279 461 936 415 822 300 590 66 147 257 301 496 15 155 656 128 664 494 899 329 694 333 152 157 438 424 255 406 568 294
204 20 4246 603 336 385 280 121 442 320 435 75 248 932 577 71 370 820 362 338 239 883 342 919 275 252 194 455 514 322 141 224 513 172 504 61 482 323 181 557 209 659 279
205 20 5746 802 575 529 569 25 589 100 1 837 267 48 582 654 310 801 265 400 228 883 478 69 305 505 24 968 215 53 143 765 129 789 324 880 174 905 398 895 492 584 581
206 20 4705 828 357 588 327 244 353 748 43 143 211 262 580 747 111 102 318 351 369 635 294 690 563 556 27 271 532 889 31 692 542 22 70 792 552 564 488 111 103 175 116
207 20 6114 724 408 610 81 995 217 726 540 896 499 590 196 88 449 655 241 834 152 918 47 678 518 129 512 677 336 33 66 818 75 916 437 108 449 800 92 276 560 757 29
208 20 3699 42 409 435 365 497 334 36 388 970 169 440 329 285 268 640 37 26 587 789 128 667 578 24 242 702 111 84 498 502 161 191 367 43 107 226 479 362 270 438 155
209 20 5826 813 72 779 118 699 536 900 275 549 332 84 558 678 20 30 348 915 431 792 83 978 118 699 300 371 77 436 558 974 415 459 367 395 143 429 564 500 63 172 167
210 20 4282 344 205 545 383 586 17 413 9 817 323 1 103 358 485 6 512 421 523 653 146 951 300 696 496 109 405 645 452 259 353 453 71 16 3 277 523 296 4 718 397
211 20 5374 849 575 933 473 22 25 860 413 59 337 234 30 458 12 922 376 942 383 555 147 789 542 838 162 211 429 754 592 434 596 101 411 569 256 897 124 64 5 258 168
212 20 4496 306 356 288 587 347 333 176 510 254 551 97 595 984 400 66 392 888 363 548 115 989 365 731 47 952 120 385 505 837 411 16 146 463 26 418 74 143 2 104 197
213 20 4942 673 522 118 107 253 226 64 533 857 376 332 205 106 260 891 182 691 231 950 292 512 304 642 583 676 185 357 560 348 428 979 41 243 589 98 398 687 553 407 104
214 20 5019 340 556 480 365 570 547 626 199 529 145 900 443 218 542 84 241 594 406 617 168 803 191 335 17 663 171 647 311 233 208 591 238 305 264 273 468 837 147 394 275
215 20 3255 140 580 324 397 357 139 515 96 373 105 31 546 503 130 188 57 29 8 686 487 117 354 403 53 162 576 216 460 212 369 384 286 975 546 388 191 150 468 357 286
216 20 3893 98 377 412 464 623 263 150 528 38 130 377 258 106 222 958 218 743 597 579 112 319 159 72 270 63 65 900 114 840 188 7 509 547 466 580 127 179 448 196 500
217 20 4263 905 247 337 301 751 266 746 413 559 525 571 470 369 192 907 273 205 514 268 152 10 428 17 369 500 532 2 62 114 352 616 2 412 339 269 449 933 550 36 286
218 20 5708 252 174 292 380 3 472 108 277 657 367 522 370 806 461 692 151 811 69 963 106 903 258 384 429 529 290 619 314 633 262 816 72 533 250 556 132 834 359 503 498
219 20 4633 264 449 57 276 492 212 68 261 809 25 673 546 146 167 805 278 511 18 687 311 711 101 591 138 438 197 648 55 203 491 133 313 867 104 517 39 216 438 431 88
220 20 5041 286 492 168 200 408 559 447 323 617 292 792 356 603 575 240 444 723 310 377 435 984 571 363 462 642 183 264 351 516 239 758 263 714 410 3 407 518 38 660 589
221 20 4024 55 82 486 550 355 272 989 156 422 387 130 476 553 195 329 409 159 7 401 596 46 490 578 42 999 148 24 209 231 547 195 464 950 543 317 541 684 307 145 113
222 20 5107 513 437 3 375 752 549 641 194 986 330 706 157 827 543 513 31 673 108 287 118 453 403 635 303 513 128 474 259 32 460 75 368 955 458 373 385 1 238 803 591
223 20 4541 323 463 691 423 295 286 446 550 402 574 136 433 753 489 202 447 481 444 418 343 812 498 115 303 20 455 10 459 995 519 502 190 975 167 251 565 840 405 415 364
224 20 6314 924 530 965 269 714 60 808 143 335 446 868 434 667 500 460 409 830 345 355 121 845 457 874 301 294 92 516 347 756 219 391 345 202 44 546 34 611 590 668 17
225 20 3876 65 410 643 253 566 585 666 476 4 208 162 499 423 249 46 505 747 376 428 371 61 320 142 68 180 73 598 308 618 188 268 513 700 394 204 52 598 483 633 505
226 20 4946 600 546 343 164 849 6 192 215 345 100 298 20 994 431 484 295 83 90 41 477 2 256 575 246 779 27 28 314 660 148 832 131 525 343 984 598 524 129 754 136
227 20 4966 405 376 963 89 524 522 228 83 523 396 617 125 803 354 599 469 804 53 981 411 199 364 218 491 400 388 343 215 501 110 500 228 154 116 603 355 476 338 91 92
228 20 3580 222 295 208 68 78 193 32 529 174 525 861 540 170 320 63 497 788 525 349 229 492 79 8 191 748 329 77 598 840 125 119 138 593 167 425 541 500 156 414 328
229 20 5881 330 156 39 228 204 220 896 583 899 280 876 314 838 45 392 219 463 363 643 101 415 164 958 379 345 342 332 478 987 270 620 293 983 111 159 218 509 472 875 445
230 20 5076 732 189 741 8 828 567 389 222 287 325 104 259 135 296 192 475 457 482 793 321 243 282 957 332 998 84 918 452 556 528 89 192 238 512 490 191 499 417 506 322
231 20 4874 522 376 65 457 44 375 665 16 714 384 657 118 323 280 861 230 174 545 635 237 410 195 292 219 911 374 562 338 864 324 150 386 240 423 272 540 451 311 936 125
232 20 4687 244 155 358 478 265 519 252 333 761 595 381 482 971 520 913 477 909 14 102 8 197 454 695 554 391 423 750 88 44 135 681 1 613 162 344 414 84 598 419 449
233 20 4715 37 316 2 248 110 35 193 152 472 310 432 248 375 63 309 595 818 59 885 55 736 457 232 365 232 21 394 556 955 362 847 119 492 398 749 577 395 474 765 14
234 20 4887 626 220 564 494 747 227 198 491 597 304 127 6 766 514 195 226 225 502 965 490 131 347 499 366 709 329 529 144 672 427 642 251 134 120 617 325 675 252 156 214
235 20 5029 860 121 434 135 561 301 388 311 955 183 488 489 634 27 255 169 723 385 96 529 247 320 384 400 868 423 621 585 704 253 300 262 282 338 29 412 257 140 972 553
236 20 5550 520 378 834 315 87 433 957 357 568 469 85 308 892 480 58 45 70 415 763 15 915 143 840 241 701 31 559 49 6 318 817 166 159 509 940 369 438 152 892 371
237 20 5046 721 8 930 388 771 115 523 71 607 257 888 355 794 380 667 26 76 38 153 203 814 209 319 8 499 369 231 593 457 524 63 588 463 123 274 384 293 543 550 15
238 20 5481 708 469 56 498 670 356 937 426 514 97 789 136 378 125 933 23 733 391 641 266 320 261 225 291 261 481 485 27 554 313 126 16 367 468 772 69 675 596 818 115
239 20 5114 508 356 663 229 795 452 394 183 247 220 834 274 468 352 28 181 18 311 134 341 826 3 815 504 15 564 938 222 491 456 844 235 340 290 944 536 592 39 334 78
240 20 4892 647 305 10 482 386 514 840 178 786 132 291 218 305 301 797 58 597 591 465 255 329 466 12 90 892 128 627 247 292 42 104 385 105 449 630 490 994 590 676 269
241 20 6407 607 102 463 143 575 539 720 130 95 203 195 78 907 597 615 226 737 432 647 133 876 21 581 248 496 198 909 156 567 176 845 129 957 120 680 432 572 106 770 459
242 20 4495 861 28 314 236 171 194 66 148 540 411 16 145 746 177 144 318 937 167 232 113 159 336 521 398 400 406 650 467 669 350 389 285 442 470 746 451 720 38 267 467
243 20 4382 864 10 287 178 953 234 41 43 437 464 573 188 28 296 471 419 298 93 732 174 996 393 379 2 189 520 576 453 609 26 19 131 547 265 1 402 638 368 127 441
244 20 4070 602 548 77 597 322 450 409 319 35 114 176 546 808 225 507 470 76 282 971 202 576 366 5 102 71 418 130 30 282 140 871 206 288 171 529 392 416 319 990 115
245 20 4896 727 199 738 576 130 590 1 285 351 192 884 354 691 143 536 473 680 561 214 248 852 15 564 413 507 311 186 585 13 298 821 166 328 218 793 415 709 290 67 305
246 20 5060 427 473 639 393 503 340 778 486 569 570 255 485 39 183 984 131 473 585 823 44 707 194 230 462 845 46 442 118 4 262 419 175 40 184 816 181 772 573 355 509
247 20 5831 7 237 960 587 629 172 638 1 501 213 878 314 763 366 323 437 882 169 995 298 828 597 47 16 569 331 852 544 197 12 505 234 644 487 557 498 382 333 505 225
248 20 5980 618 268 423 275 765 446 702 386 775 380 933 407 949 62 769 6 420 211 545 168 312 182 398 73 217 351 765 394 706 321 551 585 237 373 741 206 429 565 706 349
249 20 3753 150 568 563 308 137 509 355 441 318 579 55 338 298 302 706 555 278 216 16 259 828 48 799 587 328 201 179 60 280 25 411 200 12 273 377 511 469 521 947 392
250 20 4433 357 109 205 566 207 434 197 274 721 342 592 399 942 395 44 571 161 347 113 323 118 580 875 283 345 286 219 286 401 225 722 527 739 156 824 280 774 12 310 206
251 20 4387 842 538 68 338 308 579 981 203 241 164 584 138 269 483 241 354 977 56 241 521 128 49 476 388 822 421 102 484 217 548 452 262 52 578 737 394 880 173 157 146
252 20 5542 396 521 54 399 712 115 976 162 966 391 745 142 351 266 932 54 307 232 709 583 111 493 697 7 41 196 835 245 200 168 642 500 908 74 376 400 192 490 935 555
253 20 4859 462 511 154 344 216 166 433 435 594 311 406 366 696 255 69 553 770 24 673 406 339 204 906 86 668 393 220 194 580 96 309 305 70 535 509 488 776 278 868 504
254 20 5490 716 17 474 261 703 56 690 316 771 522 96 518 774 403 69 83 887 542 511 332 555 553 198 395 588 239 340 207 646 63 594 505 564 486 819 460 967 41 19 491
255 20 4857 772 285 224 542 324 75 604 88 4 110 824 501 161 463 754 532 75 262 731 208 341 457 964 592 698 325 132 273 725 259 329 181 666 446 869 464 508 471 10 191
256 20 6293 548 540 586 489 975 194 309 376 776 267 813 134 641 229 413 101 506 250 571 307 555 249 900 31 40 422 963 388 842 210 994 185 527 38 336 507 680 257 612 147
257 20 5337 172 457 721 54 983 259 738 527 635 220 926 172 378 178 415 212 459 582 402 62 812 40 567 124 649 166 32 292 988 127 1 363 126 592 342 263 920 147 408 242
258 20 3970 374 204 228 156 866 214 454 478 156 59 126 398 660 268 506 105 86 87 254 450 666 273 479 368 462 350 8 50 653 406 343 326 375 68 38 57 518 277 689 208
259 20 3905 356 291 41 572 180 133 90 576 263 331 896 274 27 113 8 271 827 243 827 79 866 308 257 406 269 215 219 50 39 424 899 450 459 459 720 144 538 261 29 447
260 20 5671 966 282 619 169 151 412 336 138 215 324 202 327 988 550 784 163 672 467 760 314 953 416 741 405 107 235 676 159 783 369 322 356 492 472 130 308 884 254 561 457
261 20 4691 290 376 939 416 489 456 519 97 51 119 588 588 620 196 501 372 834 392 189 315 105 62 739 485 362 235 658 220 647 263 474 534 328 376 243 297 24 77 783 145
262 20 5162 678 27 920 65 35 105 761 506 340 18 126 307 769 541 64 15 188 468 531 117 854 442 558 152 814 390 190 13 289 370 77 176 971 548 966 55 222 520 971 156
263 20 5192 668 549 755 115 736 317 395 237 285 79 600 579 781 148 687 282 92 587 977 155 734 235 153 296 868 208 108 295 661 77 659 174 295 539 696 353 187 578 48 491
264 20 4368 517 283 347 66 655 75 224 465 575 343 311 247 80 150 76 367 705 105 938 307 368 68 832 116 121 225 130 596 317 240 346 300 927 118 261 297 882 31 124 101
265 20 5484 500 420 406 460 907 505 748 126 860 500 228 51 979 395 408 498 87 36 552 335 740 519 782 416 669 549 828 144 578 59 357 522 585 316 218 343 482 402 55 495
266 20 5164 39 399 224 505 267 72 111 427 440 406 548 559 898 463 972 380 452 22 573 47 347 536 785 158 72 143 815 429 593 400 697 492 606 406 152 121 814 559 924 557
267 20 3983 310 124 598 221 763 329 472 590 217 143 539 471 425 524 413 587 51 127 725 210 661 97 291 323 131 520 312 199 888 327 168 108 135 561 413 400 433 339 21 50
268 20 6602 268 132 613 215 499 214 865 598 772 384 563 455 998 388 563 156 628 168 689 480 804 546 640 277 614 194 571 289 48 481 763 217 669 398 947 535 768 490 922 402
269 20 4578 13 100 701 84 50 62 54 349 568 214 832 206 495 328 78 371 452 247 419 464 740 535 677 504 706 51 326 206 629 436 538 14 223 444 576 144 228 237 851 210
270 20 5861 724 215 72 319 294 503 892 380 204 186 868 439 713 426 908 129 355 187 865 459 542 526 399 367 101 114 557 152 806 130 742 187 971 562 330 341 541 24 839 535
271 20 5297 188 414 472 475 690 353 78 413 931 447 817 366 488 393 600 127 53 334 554 377 522 162 962 437 792 400 873 105 319 592 212 343 363 385 364 431 787 583 529 146
272 20 5584 684 216 352 63 71 394 454 150 275 481 345 592 193 532 853 491 668 441 878 468 952 512 595 481 302 235 165 405 827 147 795 1 509 144 409 78 887 500 955 161
273 20 5857 932 278 583 4 192 286 968 567 799 164 538 516 295 32 768 41 96 590 306 464 642 67 432 316 845 527 881 40 614 520 729 136 477 268 812 149 38 434 768 336
274 20 5490 792 161 796 432 515 392 691 349 416 63 507 393 349 328 669 524 644 308 684 494 856 15 25 161 574 218 576 592 632 519 401 414 168 205 823 226 250 229 613 8
275 20 4735 701 321 990 309 155 315 128 355 149 549 490 527 521 303 545 596 57 398 760 325 317 235 944 384 925 127 468 402 440 500 697 300 144 130 330 61 485 598 225 424
276 20 4783 28 588 308 91 75 77 563 451 64 433 700 73 480 158 649 267 200 562 919 237 209 425 101 155 635 328 447 460 257 403 796 382 670 374 765 348 735 344 965 546
277 20 5378 495 41 476 446 485 247 908 554 845 416 709 36 894 501 416 390 961 552 602 82 484 575 104 507 379 400 143 188 423 162 508 154 648 510 803 102 444 457 30 98
278 20 3884 745 137 430 201 99 504 834 204 456 534 150 143 675 277 106 522 705 508 880 75 113 247 49 127 69 251 919 107 647 356 147 324 146 325 161 501 374 421 64 30
279 20 4595 198 270 440 380 327 497 205 193 140 276 464 504 151 453 406 338 885 151 573 227 247 483 101 474 462 159 185 98 994 414 966 476 638 290 898 463 454 573 457 401
280 20 4191 310 272 339 571 761 112 699 57 300 478 198 109 33 76 86 298 494 578 977 60 116 543 292 43 909 507 669 491 132 575 248 273 326 494 934 138 543 490 16 64
281 20 4843 150 120 149 342 650 87 324 127 534 529 739 478 958 265 532 156 884 583 524 150 114 187 397 182 200 495 961 197 166 162 664 552 842 474 347 17 21 78 530 458
282 20 5058 617 455 814 61 236 294 524 267 361 139 389 536 911 318 98 207 628 584 127 411 730 100 827 3 805 108 963 462 512 258 226 96 346 4 424 471 542 217 36 289
283 20 5421 73 213 100 204 795 219 563 344 292 5 237 362 967 350 990 330 930 337 982 458 235 290 926 492 735 542 160 207 212 85 977 228 258 227 727 337 668 74 16 293
284 20 4758 997 234 114 228 559 570 657 309 862 315 13 12 311 57 22 51 755 402 938 493 48 497 759 382 164 281 255 595 539 438 114 107 166 453 311 508 977 66 955 429
285 20 4141 792 362 262 401 760 477 200 90 639 546 412 475 160 5 691 391 527 393 403 544 155 224 597 510 40 427 143 457 588 125 662 553 367 12 631 40 209 535 45 360
286 20 2839 68 50 54 438 518 195 118 197 293 438 26 15 184 182 88 13 29 430 90 542 69 537 684 448 32 556 255 61 425 575 390 302 582 380 932 497 520 487 322 348
287 20 4517 754 555 331 248 956 586 425 296 686 150 470 270 102 599 415 314 9 537 202 523 862 368 969 172 298 355 545 470 377 508 257 221 164 458 39 289 426 418 748 566
288 20 4812 126 106 576 178 237 260 521 22 520 406 676 521 641 220 825 305 805 373 998 567 837 444 93 493 953 291 126 245 134 276 670 36 456 227 260 342 26 93 144 111
289 20 4277 27 433 517 387 582 91 504 186 172 347 600 2 814 423 620 344 184 171 790 136 13 27 272 135 111 600 958 60 421 157 249 555 824 437 289 18 146 398 461 256
290 20 5712 201 390 773 281 80 547 767 355 420 584 290 282 815 494 477 514 324 388 586 521 393 342 855 487 897 70 287 350 867 96 646 57 739 289 345 304 964 187 699 567
291 20 4795 311 71 377 280 635 265 505 452 795 368 270 169 363 529 408 12 59 562 366 14 181 193 218 31 691 169 800 291 93 229 911 518 715 449 503 126 423 45 966 233
292 20 3988 715 132 660 101 198 444 402 329 206 184 156 286 197 413 235 138 839 416 915 500 172 355 780 520 64 270 39 149 544 1 536 121 29 287 411 379 266 135 613 289
293 20 5400 778 216 131 595 682 300 574 562 476 213 83 275 823 532 414 161 445 115 813 100 350 443 965 290 902 334 190 331 607 475 743 394 676 188 403 193 631 298 115 579
294 20 4503 618 85 133 95 127 209 940 53 197 580 275 3 43 486 46 587 311 222 3 84 891 180 717 260 653 327 757 592 459 487 505 495 471 586 822 471 443 254 595 15
295 20 5222 248 344 487 526 410 455 173 104 269 399 845 92 405 465 285 440 880 507 476 304 773 301 985 199 252 156 349 474 675 436 902 329 473 111 447 229 459 79 651 565
296 20 6154 850 509 261 46 733 453 610 55 518 522 887 255 80 436 919 350 935 576 718 143 63 197 105 471 826 153 914 270 843 203 183 474 589 504 765 217 589 260 921 541
297 20 4665 766 234 245 112 468 557 24 65 599 78 198 505 564 246 370 559 963 349 215 269 268 141 967 121 532 323 548 477 801 30 677 571 67 385 333 258 508 487 218 382
298 20 3886 794 168 8 429 256 595 79 413 733 573 170 459 369 340 373 498 790 566 764 582 478 261 160 364 34 592 26 47 671 24 143 11 536 441 368 22 382 226 639 477
299 20 5343 477 453 806 203 681 443 562 104 410 517 421 294 93 105 309 42 365 353 857 56 601 386 869 16 888 526 432 22 386 411 616 59 757 600 720 589 270 553 166 1
300 20 4130 304 473 155 163 381 76 195 69 145 79 242 379 310 236 506 201 351 297 765 545 85 181 844 553 155 460 593 353 73 92 493 529 530 356 811 535 942 426 380 187
301 20 3155 997 70 532 31 220 305 141 435 430 91 620 359 168 575 69 496 993 229 224 275 273 372 161 370 498 430 412 25 68 153 237 468 69 367 154 507 5 121 39 475
302 20 4572 427 421 287 422 166 512 139 357 399 153 346 123 438 25 495 477 399 368 712 524 891 11 555 149 89 368 239 520 698 413 141 214 773 281 973 180 541 331 437 558
303 20 4720 80 249 348 24 87 73 166 290 1000 272 146 49 396 566 868 348 793 311 565 433 450 501 535 363 858 63 921 8 416 441 815 417 261 400 467 295 109 213 160 587
304 20 5057 341 558 496 562 125 373 416 413 780 387 431 326 780 266 67 260 116 439 855 87 328 227 559 278 547 329 775 388 539 458 516 283 307 11 826 139 357 566 954 188
305 20 4611 590 366 618 575 138 165 859 413 675 120 280 359 727 187 134 583 499 393 33 364 210 90 297 274 744 85 430 183 28 560 339 426 342 516 987 380 514 125 778 421
306 20 5999 643 555 838 442 226 518 937 311 957 73 942 194 389 84 779 269 631 86 88 196 752 78 999 596 497 179 736 578 318 307 639 363 354 40 391 538 6 275 877 509
307 20 5116 996 33 984 343 84 189 793 121 472 459 528 413 741 436 698 18 94 25 520 575 566 368 106 143 31 202 496 41 854 293 958 502 257 73 445 428 446 380 163 506
308 20 4940 506 152 148 44 106 347 785 326 391 146 121 550 483 167 998 483 913 441 99 133 347 196 338 591 482 25 422 173 370 505 519 235 841 192 917 204 558 69 536 506
309 20 5227 996 351 933 79 815 76 429 115 239 135 926 148 593 479 408 281 282 151 512 214 445 149 422 145 982 313 506 352 204 238 329 60 309 473 223 387 225 566 677 568
310 20 3927 289 12 720 338 530 7 175 340 300 148 301 581 399 579 330 208 284 143 804 305 524 586 45 513 80 139 290 445 481 547 676 92 951 372 550 1 28 439 97 412
311 20 5839 552 292 722 301 463 111 991 574 133 49 984 155 291 171 472 52 300 67 914 413 874 359 296 280 980 369 307 562 515 51 246 279 742 305 734 126 829 197 334 311
312 20 5550 605 183 599 181 720 537 534 35 186 55 42 187 642 513 212 529 116 599 294 600 888 160 528 2 925 364 836 1 717 440 136 44 538 518 935 202 669 411 978 504
313 20 4961 478 394 543 336 148 349 46 171 598 391 962 488 945 370 487 352 40 267 719 213 209 322 31 356 753 269 702 139 168 79 667 424 310 198 982 103 610 135 524 71
314 20 4982 337 166 960 400 689 522 534 49 666 118 699 187 565 285 496 183 227 120 706 423 158 54 665 475 666 221 725 287 197 138 510 310 739 145 399 435 21 423 5 491
315 20 4937 74 40 461 318 328 225 888 152 812 354 499 144 590 453 953 200 895 478 657 500 88 431 339 346 353 432 674 17 212 424 756 443 94 237 114 83 719 524 368 325
316 20 5214 796 554 501 440 818 188 550 589 722 20 241 202 156 308 500 9 817 534 749 546 453 292 77 526 46 329 814 237 167 14 268 86 363 450 953 23 922 2 516 568
317 20 5108 241 277 698 32 161 32 602 187 393 571 575 423 204 363 510 47 991 287 493 5 652 387 559 503 420 390 570 327 956 501 359 217 271 149 404 377 707 441 450 262
318 20 5420 591 242 523 20 846 209 790 277 56 344 39 241 956 257 586 221 886 556 100 465 674 100 558 345 730 492 780 43 432 91 834 480 65 271 700 39 449 536 246 268
319 20 5026 340 79 328 3 445 152 485 415 797 363 582 280 925 391 777 127 82 121 994 164 98 290 594 344 560 582 236 13 818 218 622 120 535 33 223 484 275 423 336 425
320 20 5232 854 480 337 156 282 106 480 191 477 58 207 258 523 319 749 256 713 68 523 189 307 193 638 415 810 156 216 465 202 530 404 195 941 111 99 223 895 377 808 524
321 20 4423 450 157 251 315 250 255 914 487 127 475 791 181 241 75 970 253 340 563 169 372 333 208 431 585 479 591 52 142 42 415 473 25 974 415 839 229 168 164 553 170
322 20 5583 800 337 914 263 614 139 741 32 356 299 545 244 302 166 978 231 363 542 225 381 417 131 331 92 553 238 940 77 660 41 657 284 873 390 46 209 664 504 188 590
323 20 4266 35 463 416 177 585 577 53 352 562 382 920 503 210 375 287 154 139 249 468 576 54 273 424 402 886 352 696 417 709 170 481 563 684 242 616 574 139 124 169 90
324 20 4571 518 167 201 120 91 145 887 587 617 210 849 205 361 322 829 490 328 100 318 139 652 497 254 274 268 565 871 375 389 419 708 19 756 110 64 545 45 409 137 531
325 20 5797 471 211 348 81 483 293 934 467 613 525 835 355 630 444 363 196 919 179 682 39 911 454 558 175 583 115 823 279 364 250 534 109 222 104 475 512 346 30 501 201
326 20 5001 38 475 934 499 410 435 144 276 931 276 239 179 202 317 305 374 874 173 760 163 955 309 812 362 721 597 981 144 140 181 238 491 285 60 53 491 135 89 846 407
327 20 4375 909 110 941 39 55 188 149 342 701 503 770 396 35 478 100 319 203 337 823 495 323 441 498 148 298 361 784 57 278 459 424 302 572 19 83 487 790 477 15 342
328 20 5330 817 75 281 295 857 71 785 496 846 8 720 195 600 600 270 25 996 477 264 153 263 188 490 558 439 76 555 523 218 280 533 301 61 165 436 49 775 387 454 495
329 20 5421 969 169 172 232 868 441 919 35 175 77 856 361 625 370 363 484 261 186 994 129 611 507 598 47 179 242 54 31 168 209 738 243 817 559 656 266 310 51 509 166
330 20 5617 527 133 109 429 944 90 378 208 621 191 984 354 789 419 17 325 891 221 9 341 933 520 772 92 714 171 414 259 560 420 809 108 358 532 709 585 469 187 227 371
331 20 5080 979 68 929 220 992 437 985 61 357 480 659 248 158 236 307 432 951 31 244 21 461 39 54 451 390 498 154 340 437 220 223 538 162 361 634 221 349 250 736 82
332 20 4851 502 589 585 11 816 346 877 428 176 224 149 178 875 594 284 11 153 132 576 71 123 576 728 398 738 174 585 108 507 7 902 375 87 240 444 83 184 289 412 126
333 20 4906 536 153 101 37 550 16 692 52 630 257 195 565 488 527 620 517 311 327 480 17 456 497 413 272 92 564 786 289 568 36 656 130 767 364 488 352 944 127 40 311
334 20 5453 263 584 260 204 986 84 667 264 965 546 818 493 27 327 473 388 870 484 578 585 256 555 330 307 254 70 712 12 223 215 136 256 661 287 985 139 933 349 509 86
335 20 4879 233 551 572 96 104 423 171 334 432 200 133 139 71 294 875 425 851 81 67 329 761 517 716 285 988 392 736 500 845 165 280 53 350 402 469 585 148 34 957 375
336 20 5694 570 43 555 421 121 597 275 130 543 360 319 593 432 436 617 521 929 303 306 550 590 320 773 498 799 277 63 113 213 16 950 186 626 472 909 3 843 129 955 2
337 20 4949 407 25 820 71 712 349 484 197 681 17 479 266 796 215 125 141 24 318 800 463 280 458 571 499 433 407 586 412 551 180 297 516 142 324 792 405 170 409 748 93
338 20 5124 894 241 475 323 763 111 724 367 183 529 551 243 711 220 1000 411 573 101 251 250 326 396 193 588 881 218 630 135 433 27 494 375 23 102 362 204 305 53 476 85
339 20 5060 765 79 91 586 808 423 627 224 121 413 384 18 638 524 5 168 510 163 554 206 356 550 317 425 382 431 407 24 754 321 61 378 865 38 872 576 736 288 868 188
340 20 5559 946 262 920 448 827 431 313 576 468 259 846 4 113 417 581 404 622 190 993 27 498 177 353 513 834 599 518 106 44 9 399 4 200 274 698 468 759 583 186 588
341 20 6123 689 69 732 408 820 122 454 554 506 594 286 234 346 576 974 513 847 491 962 211 291 408 652 166 971 204 946 598 64 436 511 569 69 139 769 218 977 181 380 260
342 20 5078 769 537 315 388 568 573 780 517 136 371 750 125 348 148 969 99 42 262 648 417 333 113 970 140 25 143 96 189 969 20 299 384 512 402 257 166 686 319 684 467
343 20 5057 633 374 489 386 534 19 768 365 966 475 211 441 98 402 452 532 497 563 57 512 572 69 542 273 100 401 671 224 635 62 819 524 210 433 911 382 24 125 925 90
344 20 5213 751 574 901 222 218 557 384 345 908 223 147 35 515 181 251 79 49 266 947 89 183 464 489 55 927 90 963 424 312 334 369 115 3 144 760 247 906 212 443 107
345 20 5220 269 69 628 185 154 507 994 265 705 101 129 170 334 249 494 426 712 144 350 267 705 104 932 268 638 284 23 120 762 197 855 306 163 542 787 251 207 65 599 307
346 20 6782 975 283 695 100 975 294 372 297 789 30 584 539 892 498 723 425 816 21 878 526 624 536 961 503 696 260 845 491 891 86 660 421 367 3 75 109 518 362 228 57
347 20 5743 923 327 518 320 765 17 452 56 363 280 533 226 301 376 202 213 708 555 419 98 416 357 198 206 640 109 696 434 977 155 342 8 1000 337 993 78 816 48 224 319
348 20 5589 472 270 872 60 698 226 570 122 367 319 559 473 847 597 891 284 165 119 868 486 477 591 9 178 425 408 416 272 736 593 281 69 549 287 809 34 845 453 323 17
349 20 4591 653 296 215 358 242 251 638 77 505 215 329 368 250 495 492 594 134 104 503 434 599 159 191 427 444 435 197 575 968 354 858 252 143 299 389 185 475 135 958 178
350 20 4876 892 366 379 154 214 290 226 518 461 541 693 90 916 497 46 292 173 99 233 298 900 73 93 495 453 236 834 371 39 197 538 452 860 510 235 140 721 219 846 361
351 20 5084 496 191 47 330 118 579 416 353 745 45 225 122 183 478 420 176 955 201 800 15 293 408 320 491 352 406 980 273 924 303 759 141 485 595 354 219 793 386 503 203
352 20 5374 143 78 601 278 263 289 698 544 754 351 136 396 427 340 910 143 458 162 19 341 897 73 791 308 826 428 912 97 742 35 221 294 132 210 765 302 302 246 751 41
353 20 4460 268 44 539 506 435 309 708 296 116 397 198 186 268 162 391 495 302 164 331 568 936 172 981 297 467 389 993 440 28 306 305 177 542 146 581 154 409 6 122 566
354 20 4543 627 408 110 10 977 550 191 444 93 435 871 483 952 474 125 35 194 138 741 550 665 428 60 87 699 419 181 107 443 296 829 172 507 486 28 203 66 304 727 111
355 20 5116 485 518 798 137 330 136 724 30 651 438 454 43 489 419 627 555 488 19 771 223 250 564 432 224 280 512 936 287 351 96 50 471 583 13 594 538 197 575 743 52
356 20 4838 900 281 261 93 965 8 586 311 842 359 414 241 628 266 525 497 121 485 62 472 376 3 537 283 663 595 543 59 170 40 787 405 201 586 112 592 422 82 561 260
357 20 5212 458 235 422 117 682 124 541 568 226 473 992 53 473 13 415 96 129 399 97 227 769 125 307 390 946 198 556 386 492 578 272 530 963 534 294 597 936 161 454 140
358 20 4245 867 570 755 418 717 449 173 487 212 564 148 153 51 472 157 287 157 421 535 218 523 337 794 481 573 217 68 141 518 256 394 116 601 521 82 381 748 335 417 494
359 20 4015 530 511 277 447 418 522 537 3 30 464 439 452 610 292 580 578 143 472 897 81 95 456 617 246 610 478 373 299 51 510 518 561 576 332 256 32 37 72 437 210
360 20 5116 771 238 584 64 609 392 966 247 870 214 587 316 11 48 655 35 127 250 405 368 491 167 260 268 592 325 405 566 785 594 128 412 330 31 982 336 656 190 18 558
361 20 4965 838 86 971 201 628 324 108 221 710 420 782 157 425 45 664 278 192 9 260 139 608 382 352 497 450 356 311 566 679 359 442 62 195 222 330 464 852 27 133 295
362 20 5135 596 585 148 221 331 158 415 205 863 459 344 46 748 343 35 590 242 448 852 217 520 97 5 513 711 402 648 338 272 96 399 402 851 230 646 595 710 135 934 94
363 20 4874 449 221 507 556 865 467 440 332 536 78 612 111 811 596 942 118 561 540 163 15 588 588 80 396 455 580 29 76 463 560 16 296 958 249 262 513 316 333 696 598
364 20 5121 420 203 234 477 724 376 919 484 333 138 824 452 465 512 256 43 226 93 511 27 899 234 438 298 437 150 210 32 453 423 884 198 462 202 414 442 297 39 836 158
365 20 5459 483 97 267 156 618 440 729 202 479 482 853 201 380 276 220 492 630 239 15 469 970 134 780 72 711 290 112 489 799 398 554 349 578 101 862 404 673 536 206 216
366 20 5183 924 527 401 600 874 445 308 169 282 181 674 261 62 383 537 485 219 176 738 420 907 85 343 326 90 473 999 54 607 317 399 378 509 503 663 150 313 357 518 132
367 20 4012 387 166 994 185 527 595 278 182 445 218 451 452 395 386 70 147 433 283 538 119 767 280 426 432 190 500 2 568 456 189 558 178 37 321 111 53 559 330 400 333
368 20 5530 464 54 266 302 362 492 529 438 801 466 966 279 664 272 144 281 628 364 27 364 830 155 883 372 469 267 304 40 569 128 327 508 660 26 485 207 692 72 991 299
369 20 4928 394 118 529 551 996 328 706 224 552 347 230 149 503 69 334 44 377 117 67 483 383 305 862 35 605 486 482 201 689 567 240 12 499 572 480 538 782 513 146 233
370 20 4054 139 153 46 226 227 550 236 176 202 381 224 41 358 28 460 69 452 413 834 560 406 369 337 415 572 167 846 265 182 8 522 390 847 458 404 24 644 88 171 92
371 20 4345 390 550 216 598 495 302 375 271 279 20 776 353 106 412 145 564 403 80 583 390 618 517 188 312 860 260 208 199 137 29 456 48 918 403 358 246 989 287 190 444
372 20 4514 741 341 348 199 477 253 536 220 439 355 25 335 234 229 448 575 557 440 963 431 547 59 691 186 353 428 288 600 483 191 302 565 701 294 247 408 200 191 448 187
373 20 4393 308 321 574 167 643 576 555 376 16 474 541 598 181 116 810 262 300 281 859 157 274 365 678 98 947 230 765 584 365 548 517 165 201 553 96 2 98 387 58 125
374 20 3945 101 102 977 354 200 328 676 343 236 158 68 517 1 350 360 427 497 173 770 492 242 325 391 441 573 578 38 166 625 69 873 289 168 242 223 422 710 483 161 360
375 20 5020 769 518 99 570 757 253 697 503 145 331 977 81 792 401 691 123 53 186 265 21 988 442 852 226 487 342 63 184 201 104 36 105 15 553 491 599 823 470 839 147
376 20 5086 518 246 487 195 716 318 89 279 631 142 64 180 286 505 920 504 546 420 759 535 916 175 778 155 208 309 222 459 138 302 813 515 545 491 993 166 350 390 194 39
377 20 4889 828 321 778 63 605 61 127 536 598 469 207 512 751 227 657 426 132 82 673 419 408 147 592 194 751 373 413 490 177 571 234 541 950 537 12 327 644 571 241 168
378 20 5505 339 265 561 11 774 175 531 245 916 63 905 191 975 546 611 220 508 302 387 176 557 57 330 313 162 574 307 371 507 143 518 365 539 551 771 570 374 518 438 395
379 20 6056 903 574 517 512 979 80 918 599 57 140 540 1 822 163 479 103 614 344 610 173 155 95 275 435 866 346 348 224 387 281 391 383 469 406 951 124 890 248 941 129
380 20 4918 585 440 784 340 179 25 268 317 322 479 255 155 994 275 248 508 719 272 343 52 687 486 619 519 287 87 820 346 583 307 799 70 289 115 312 113 286 342 458 395
381 20 5370 770 223 643 138 295 333 467 122 454 499 175 403 760 254 409 71 396 310 391 553 929 525 451 70 884 222 965 228 713 406 752 109 638 306 46 43 400 493 203 586
382 20 4604 328 476 799 50 71 214 186 45 233 527 526 552 504 189 78 134 367 329 413 562 455 97 717 576 875 348 976 347 453 194 414 432 791 544 779 532 204 434 39 3
383 20 4555 263 289 159 163 410 3 472 316 510 508 352 252 814 491 701 111 337 47 708 317 238 362 103 453 533 62 424 51 197 51 650 319 682 157 844 42 366 64 348 169
384 20 4628 64 372 679 110 563 440 811 15 619 41 39 296 68 166 158 358 758 371 848 367 603 179 29 352 22 160 152 576 464 331 673 247 619 76 966 404 228 325 894 277
385 20 5254 31 518 432 421 804 135 869 256 892 542 424 223 589 61 876 50 405 422 504 57 697 192 230 157 301 421 774 396 58 400 859 588 849 355 256 309 181 30 477 155
386 20 4930 261 198 569 427 607 339 352 555 368 37 102 118 640 340 245 405 257 246 802 155 647 74 922 408 750 213 593 368 611 312 211 280 295 530 522 317 160 273 947 298
387 20 5524 646 264 829 308 710 455 885 256 278 403 407 455 256 246 877 126 938 574 269 128 842 287 763 577 7 207 893 200 572 576 716 408 14 538 102 98 914 201 130 391
388 20 5113 979 268 185 49 405 486 599 438 955 330 165 399 5 304 840 295 432 131 381 430 973 270 363 350 707 331 337 269 566 289 331 496 862 281 719 450 119 578 303 312
389 20 5154 117 343 210 204 510 78 297 227 348 17 669 322 860 312 794 561 256 419 316 521 342 403 592 276 836 155 875 201 941 355 927 187 231 212 457 523 579 350 152 589
390 20 5717 142 233 814 226 461 180 688 435 732 187 92 519 883 173 630 234 335 506 493 506 809 583 7 574 871 96 760 439 735 191 986 350 805 63 438 134 167 591 587 557
391 20 5337 165 410 355 94 463 218 288 522 687 182 731 36 989 203 421 78 24 454 714 143 998 427 125 412 64 200 427 104 963 428 599 151 850 287 390 58 987 88 434 378
392 20 4557 816 584 342 558 847 550 912 397 364 89 344 180 473 430 261 200 315 80 145 543 104 436 47 372 254 480 353 519 568 378 796 343 773 398 300 533 563 484 538 235
393 20 5720 900 298 282 598 321 87 640 185 142 592 925 453 150 545 973 369 777 96 861 247 441 205 228 331 972 472 192 315 794 277 571 165 402 560 446 263 683 516 740 525
394 20 5702 641 317 522 436 760 585 479 82 500 485 850 582 751 167 302 176 630 379 790 256 363 128 892 527 820 577 540 242 603 520 542 237 137 392 546 320 16 96 721 450
395 20 4853 334 596 789 435 218 221 14 413 604 166 11 425 140 416 257 48 193 74 598 575 633 183 916 559 95 115 911 408 578 445 649 513 433 288 831 62 711 311 791 265
396 20 3736 65 600 377 542 49 500 572 127 24 274 349 391 868 164 930 298 78 353 495 155 329 292 410 422 44 569 503 393 820 181 872 475 431 17 44 541 182 193 30 114
397 20 5061 375 272 167 48 407 460 351 42 991 161 676 452 623 495 857 546 295 257 593 560 13 501 70 182 143 295 693 492 333 276 211 162 929 99 647 432 1000 429 748 516
398 20 3743 511 193 847 255 994 356 274 152 186 76 143 488 162 153 382 158 896 194 282 467 14 241 183 381 57 562 209 395 153 190 294 480 666 387 370 515 8 75 856 139
399 20 4604 498 244 360 223 75 201 602 75 24 592 371 441 658 212 582 232 137 287 858 482 898 411 680 312 113 92 883 391 972 73 331 72 496 326 189 422 435 140 47 155
400 20 4530 40 357 20 426 514 351 886 578 790 255 559 140 658 442 541 86 344 287 84 64 443 382 663 358 486 278 88 383 238 331 53 163 983 316 570 586 427 160 673 182
