1 20 7618 144 138 808 497 586 376 602 385 856 523 951 574 977 588 731 455 543 353 690 433 852 520 978 588 790 487 937 566 741 460 877 534 675 425 956 576 951 574 592 380
2 20 7983 962 580 813 499 780 482 768 475 666 420 731 455 839 513 773 477 906 549 866 528 628 399 754 468 605 387 948 572 796 490 919 556 877 534 657 415 853 521 826 506
3 20 8044 933 564 990 595 875 533 944 570 777 480 701 439 825 506 841 515 925 560 807 496 631 401 789 486 822 504 711 444 801 493 719 448 500 330 659 416 928 562 910 552
4 20 7722 994 597 817 501 599 384 324 235 788 486 898 545 632 402 963 580 660 417 774 478 855 522 602 385 973 585 882 536 955 576 999 600 658 416 590 379 957 577 524 343
5 20 8298 961 579 912 553 921 557 799 492 898 545 898 545 798 491 932 564 915 554 840 514 867 528 860 525 787 485 926 560 411 282 955 576 564 365 751 466 738 459 863 527
6 20 7892 576 371 933 564 894 543 452 304 530 346 768 475 568 367 977 588 955 576 621 396 593 380 869 529 849 519 925 560 913 553 946 571 720 449 849 519 948 572 898 545
7 20 8219 996 598 990 595 950 573 882 536 358 253 775 479 970 584 607 388 944 570 764 473 979 589 776 480 931 563 741 460 907 550 976 587 494 327 747 464 793 488 858 524
8 20 8696 933 564 839 513 969 583 792 488 992 596 642 407 978 588 762 472 942 569 871 530 932 564 756 468 983 591 991 595 924 559 909 551 674 424 851 520 914 554 738 459
9 20 7850 484 321 946 571 871 530 928 561 895 543 840 514 850 519 454 305 578 372 533 348 913 553 921 557 695 436 787 485 976 587 803 494 700 438 946 571 856 522 724 451
10 20 6947 31 77 1000 600 927 561 401 277 636 404 538 351 919 557 490 325 755 468 670 422 513 337 979 589 838 513 784 484 998 599 895 543 515 338 730 454 880 536 395 273
11 20 8143 426 290 675 425 643 408 969 584 947 572 943 569 654 413 874 532 931 563 879 535 996 598 958 578 812 499 813 499 961 579 913 553 366 258 780 481 868 529 879 535
12 20 7806 940 568 840 514 737 458 726 452 675 425 982 591 638 405 982 590 806 496 662 417 650 411 951 574 685 430 979 589 683 429 926 561 775 479 407 280 824 505 744 462
13 20 8069 742 461 935 565 621 395 662 418 939 567 998 599 828 507 763 472 849 519 824 505 651 412 797 491 898 545 791 487 906 550 825 506 971 585 370 260 904 548 865 527
14 20 7139 964 581 741 460 991 595 558 361 843 516 728 453 628 400 961 579 701 439 844 516 766 474 958 578 541 352 780 481 179 157 516 339 632 402 713 445 433 294 801 493
15 20 7933 550 357 544 354 711 444 880 536 849 519 538 351 959 578 992 596 811 498 936 566 962 580 937 566 626 398 803 494 953 575 810 497 844 516 852 521 733 456 577 372
16 20 7424 889 540 862 525 830 508 583 375 880 535 934 565 569 368 709 443 724 451 746 463 118 124 857 523 696 436 528 345 952 574 864 527 569 367 859 524 795 490 884 538
17 20 7642 618 394 985 592 744 462 877 534 334 241 996 598 828 507 811 498 572 369 793 489 919 557 974 586 499 330 996 598 715 446 612 391 896 544 991 595 521 341 604 387
18 20 8024 794 489 487 323 818 502 637 404 888 540 638 405 983 591 277 210 975 587 859 524 948 572 990 595 997 599 642 407 958 577 851 520 994 597 606 387 935 565 772 477
19 20 7247 694 435 905 549 736 457 597 383 502 332 618 394 676 425 729 454 883 537 378 264 802 493 973 586 737 458 629 400 685 430 998 599 766 474 594 381 757 469 836 512
20 20 8283 783 483 801 493 960 579 907 550 815 500 620 395 798 491 798 491 995 598 866 528 876 533 850 519 977 588 956 576 891 541 666 420 636 404 718 448 890 541 763 472
21 20 7850 820 503 690 433 646 409 863 526 865 527 979 589 961 579 703 440 537 350 953 575 886 539 950 573 582 374 453 305 873 532 856 523 366 258 976 588 979 589 763 472
22 20 7746 962 580 393 273 711 444 863 526 486 323 977 588 790 487 813 499 540 352 876 533 933 564 890 541 941 568 903 548 596 382 913 553 788 486 799 492 620 395 698 437
23 20 7902 947 571 930 562 809 497 418 286 884 538 779 481 810 497 691 433 906 549 909 551 797 491 903 548 701 439 432 293 527 345 786 485 735 457 932 564 939 567 969 584
24 20 7432 663 418 726 452 816 501 881 536 780 482 430 292 960 579 874 532 585 376 906 549 802 493 401 277 648 410 912 553 644 408 956 577 640 406 694 435 760 471 786 484
25 20 7563 615 392 950 573 610 389 866 528 839 514 695 436 636 404 792 488 1000 600 777 480 494 327 789 486 939 567 865 527 964 581 308 227 928 561 779 481 503 332 778 480
26 20 8158 996 598 975 587 765 473 729 454 954 576 197 167 765 473 824 505 779 481 984 592 929 562 598 383 912 553 808 497 966 582 873 532 815 500 635 403 893 542 920 557
27 20 6934 597 383 505 333 873 532 866 528 817 501 767 474 677 426 168 151 827 507 899 546 644 408 618 394 435 295 829 508 506 333 948 572 859 524 802 493 901 547 330 238
28 20 8456 695 436 799 492 876 533 842 515 869 530 970 584 942 569 974 586 930 562 962 580 622 396 973 585 996 598 719 449 570 368 714 446 846 517 798 491 882 537 934 565
29 20 7795 303 224 747 464 941 568 799 492 836 512 665 419 769 475 958 578 595 382 998 599 412 283 997 599 933 564 588 378 894 543 815 500 929 562 734 456 881 536 796 490
30 20 7548 772 477 747 464 902 548 739 459 973 586 954 575 807 496 986 592 731 455 811 498 550 357 291 217 947 572 975 586 456 306 924 559 503 332 345 247 824 505 859 524
31 20 8193 835 511 938 567 529 346 873 531 903 548 965 581 937 566 960 579 832 510 850 519 896 544 847 518 917 555 787 485 768 475 840 514 491 325 694 435 903 548 622 396
32 20 7968 887 539 743 461 939 567 965 582 943 570 887 539 536 349 689 432 843 515 858 524 849 519 918 556 919 556 976 587 616 393 560 363 622 396 433 294 887 539 866 528
33 20 7976 635 403 878 535 762 471 690 433 828 507 902 547 858 524 957 577 581 374 999 600 838 513 986 592 963 580 926 560 546 355 984 591 461 309 681 428 971 585 506 334
34 20 7966 278 210 846 517 921 557 987 593 656 415 357 253 916 555 926 561 727 453 957 577 682 428 999 600 782 483 845 517 846 517 666 420 914 554 987 593 894 543 747 463
35 20 7768 841 514 455 306 990 595 816 501 943 569 518 340 973 585 763 472 617 394 583 375 915 554 314 230 949 573 909 551 649 411 842 515 801 493 932 564 762 472 965 581
36 20 7589 494 327 666 420 799 492 799 492 489 324 810 498 715 446 797 491 916 555 986 593 977 588 475 317 975 587 684 429 670 422 732 456 855 522 665 419 924 559 751 466
37 20 7748 647 409 858 523 834 511 898 545 610 389 971 585 528 345 420 287 889 540 923 559 958 577 919 556 832 510 959 578 837 512 759 470 755 468 306 226 902 547 691 433
38 20 7421 404 279 402 277 928 562 953 575 617 393 744 462 985 592 631 401 891 541 963 580 809 497 919 556 965 581 892 542 811 498 773 478 272 207 653 413 489 324 741 460
39 20 7569 661 417 987 593 942 569 650 411 490 325 703 440 950 573 906 550 766 474 553 359 769 476 695 435 692 434 967 582 905 549 707 442 938 567 785 484 549 357 524 343
40 20 7923 940 568 975 587 835 511 975 587 413 283 717 448 992 596 936 566 659 416 957 577 789 486 764 473 773 478 966 582 873 531 946 571 684 430 412 283 620 395 620 395
41 20 7677 522 342 950 573 380 265 917 555 491 325 681 428 979 589 563 364 822 504 835 511 857 523 911 552 470 314 749 465 929 562 920 557 678 426 992 596 799 492 909 551
42 20 8479 801 493 492 326 837 512 888 539 890 541 878 534 979 589 963 580 939 567 871 530 881 536 719 449 891 541 763 472 914 554 956 576 968 583 836 512 807 496 685 430
43 20 8403 636 404 847 517 982 591 703 440 870 530 671 423 959 578 975 587 973 586 920 557 559 362 832 509 844 516 965 581 843 516 941 568 808 497 637 404 990 595 851 520
44 20 7885 733 456 827 507 922 558 598 383 999 600 824 505 967 583 342 245 672 423 450 303 927 561 946 571 974 586 827 507 848 518 557 361 657 415 986 593 979 589 735 457
45 20 7498 896 544 645 409 784 484 949 573 926 561 817 501 764 473 593 380 740 460 868 529 944 570 792 488 419 287 390 271 942 569 619 395 387 269 871 530 811 498 840 514
46 20 8059 949 572 756 469 498 329 894 543 949 573 912 553 933 564 892 542 414 284 970 584 846 517 871 531 900 546 843 515 633 402 880 535 985 592 804 494 522 342 668 421
47 20 7742 638 405 903 548 674 424 572 369 571 368 962 580 984 591 932 564 808 496 634 402 661 417 647 410 1000 600 555 360 877 534 897 544 710 444 929 562 678 426 853 521
48 20 7192 993 596 865 527 102 115 892 542 832 510 635 403 668 421 853 521 941 568 491 325 760 471 547 356 348 248 475 317 862 526 951 574 597 382 896 544 778 480 898 545
49 20 8492 748 464 810 498 942 569 996 598 902 547 865 527 944 570 781 482 867 528 971 585 493 327 897 545 755 468 977 588 900 546 967 583 515 338 961 579 844 516 850 519
50 20 7268 883 537 270 206 996 598 932 564 429 292 720 449 572 369 974 586 801 493 533 348 816 501 789 486 858 523 735 457 942 569 266 204 923 559 765 473 644 408 689 432
51 20 7637 278 211 756 468 867 529 996 598 468 313 925 560 639 405 664 419 718 448 878 534 984 592 986 592 684 430 471 314 899 546 956 576 928 561 919 556 871 530 387 269
52 20 8034 715 446 989 595 669 421 536 350 954 575 818 502 944 570 865 527 823 504 969 584 721 450 770 476 890 541 797 491 686 431 900 546 847 517 850 519 760 471 566 366
53 20 7351 510 336 982 591 919 556 584 376 883 537 745 462 672 423 820 503 934 565 604 386 790 487 622 396 906 550 570 368 452 304 849 519 709 443 601 385 901 547 649 411
54 20 8305 608 388 978 588 674 424 1000 600 958 577 849 519 838 513 560 363 714 446 930 562 538 351 944 570 882 536 762 472 946 571 905 549 923 559 984 592 659 416 959 578
55 20 6782 622 396 203 170 885 538 958 577 693 434 940 568 599 384 766 474 861 525 394 273 989 594 798 491 221 179 177 156 747 464 547 355 938 567 520 341 946 571 761 471
56 20 7457 899 546 615 392 874 532 304 224 668 421 634 403 998 599 947 572 699 437 958 577 537 350 733 456 777 480 922 558 813 499 354 251 470 314 760 471 977 588 975 587
57 20 7514 976 587 749 465 497 329 462 310 663 418 782 482 973 586 745 462 954 575 902 547 586 377 328 238 479 319 808 496 528 345 986 593 949 573 903 548 822 504 936 566
58 20 7476 904 548 764 473 978 588 857 523 777 480 598 383 768 475 594 381 813 499 908 550 635 403 918 556 697 437 846 517 468 313 833 510 648 410 520 341 644 408 783 483
59 20 7576 924 559 798 491 555 360 967 583 577 372 728 454 659 416 934 565 666 420 788 486 741 461 584 376 615 392 413 283 939 567 813 499 816 501 710 443 958 578 968 583
60 20 8025 918 556 844 516 862 526 751 466 931 563 694 435 898 545 244 192 601 385 987 593 827 507 576 371 784 484 904 548 962 579 888 540 795 489 962 579 775 479 848 518
61 20 7997 688 432 997 599 987 593 807 496 626 398 834 511 931 563 565 365 866 528 762 472 648 410 732 456 980 590 814 500 834 511 619 395 987 593 749 465 671 423 898 545
62 20 7603 821 503 777 480 617 394 800 492 916 555 941 569 987 593 913 553 962 580 623 397 826 506 996 598 386 269 953 575 454 305 659 416 827 507 554 359 706 442 489 324
63 20 7581 466 312 737 458 725 452 961 579 857 523 854 521 840 514 803 494 465 312 100 114 837 512 801 493 505 333 968 583 765 473 789 486 880 536 905 549 966 582 938 567
64 20 7766 889 540 931 563 832 509 863 526 853 521 560 362 729 454 933 564 970 584 640 406 789 486 702 439 553 359 930 562 939 567 586 377 413 283 817 501 653 413 951 574
65 20 8169 826 506 752 467 872 531 933 564 860 525 458 307 922 558 942 569 838 513 897 544 978 588 555 360 849 519 918 556 666 420 684 430 857 523 891 541 691 433 950 573
66 20 8108 971 585 933 564 981 590 921 558 900 546 617 393 803 494 335 241 663 418 837 512 535 349 967 582 661 417 909 551 811 498 959 578 767 474 909 551 780 482 958 578
67 20 7277 995 598 450 303 312 229 849 518 747 464 832 510 905 549 751 466 907 550 616 393 633 402 787 485 829 508 809 497 805 495 511 336 711 444 591 379 648 410 867 528
68 20 7539 729 454 984 592 642 407 758 470 518 340 793 488 917 555 645 408 792 488 681 428 994 597 816 501 247 194 912 553 905 549 901 547 512 337 641 406 986 593 706 442
69 20 7950 904 548 431 293 766 474 763 472 641 406 985 592 995 598 975 587 832 510 574 370 983 591 618 394 857 523 909 551 492 326 795 490 996 598 963 580 617 394 804 494
70 20 7230 685 430 606 387 819 502 646 409 562 364 492 326 840 514 593 380 718 448 260 201 971 584 742 461 732 456 741 460 793 488 957 577 998 599 918 556 626 398 762 471
71 20 8302 665 419 657 415 861 525 911 552 864 527 936 566 796 490 864 527 992 596 924 559 689 432 997 599 818 502 885 538 955 576 847 517 765 473 817 502 506 333 856 523
72 20 8165 965 581 642 407 881 536 974 586 564 365 686 431 922 558 834 510 957 577 763 472 915 554 840 514 701 439 559 362 817 501 940 568 892 542 615 393 989 594 874 532
73 20 7613 550 357 781 482 802 493 521 342 993 597 834 510 826 506 938 567 844 516 592 380 508 335 803 494 985 592 776 479 642 407 982 591 607 388 720 449 647 409 876 533
74 20 7559 764 473 861 525 746 463 937 566 720 449 390 271 312 229 698 437 866 528 442 299 613 391 735 457 808 497 971 585 871 531 990 595 960 578 982 591 935 565 518 340
75 20 7412 821 504 810 497 950 573 809 497 975 586 196 166 292 218 954 575 848 518 629 400 638 405 878 535 882 536 995 597 197 167 925 560 975 586 942 569 828 507 280 211
76 20 7888 333 240 851 520 654 413 942 569 875 533 739 459 824 505 774 478 896 544 804 494 868 529 701 439 806 496 912 553 436 296 963 580 712 445 976 587 966 582 745 463
77 20 8027 971 585 667 420 924 559 770 476 906 549 580 374 776 479 870 530 671 423 903 548 921 558 841 514 818 502 772 477 604 387 731 455 725 452 900 546 721 449 983 591
78 20 6731 878 534 970 584 276 209 212 175 604 387 986 593 866 528 506 333 689 432 485 322 954 575 960 579 456 306 188 162 676 425 750 465 434 295 966 582 619 394 988 593
79 20 7546 674 424 786 485 762 472 939 567 519 341 783 483 843 515 902 547 780 481 649 411 617 393 755 468 781 482 977 588 734 457 868 529 661 417 659 416 411 282 993 597
80 20 8077 927 561 882 536 914 554 699 438 834 510 830 508 869 530 669 422 825 506 898 545 972 585 452 304 573 370 785 484 983 591 785 484 873 531 978 589 539 351 867 528
81 20 7582 888 540 962 580 997 599 910 551 481 320 670 422 701 439 832 510 706 441 538 351 576 371 851 520 358 254 633 402 876 533 611 390 936 566 891 541 931 563 817 501
82 20 7810 986 593 971 584 684 430 952 574 827 507 795 490 955 576 945 570 859 524 982 591 560 363 792 488 416 285 856 522 823 505 613 391 973 586 515 338 525 344 591 379
83 20 7282 944 570 925 560 733 456 980 589 752 466 708 443 766 474 909 551 495 327 709 443 602 386 803 494 932 563 890 541 461 309 870 530 412 283 594 381 539 351 541 352
84 20 8350 941 569 633 402 827 507 840 514 754 468 805 495 789 486 771 477 955 576 761 471 699 438 977 588 934 564 972 585 971 584 790 487 814 500 911 552 730 454 827 507
85 20 7783 769 476 785 484 361 255 795 489 292 218 967 583 990 595 930 562 982 591 926 560 977 588 668 421 950 573 524 343 822 504 637 404 991 595 730 455 755 468 715 446
86 20 8206 603 386 794 489 909 551 791 487 907 550 850 519 711 444 921 558 892 542 932 563 925 560 977 588 449 303 998 599 523 342 895 544 784 483 846 517 763 472 943 569
87 20 7068 869 529 945 571 739 459 485 322 570 368 582 374 600 384 790 487 958 577 289 217 468 313 912 553 973 586 823 505 856 522 868 529 944 570 408 281 366 258 691 433
88 20 6898 485 322 715 446 660 417 544 354 536 349 991 595 936 566 355 252 887 539 556 361 497 328 964 581 618 394 940 568 275 209 891 541 717 447 595 382 877 534 758 469
89 20 7919 845 516 773 477 985 592 902 547 459 308 849 519 425 289 959 578 901 547 766 474 599 383 963 580 967 582 801 493 279 211 714 446 991 595 954 575 764 473 943 569
90 20 7400 671 422 368 259 861 525 489 324 877 534 1000 600 981 590 922 558 942 569 508 334 725 452 598 383 958 577 619 395 717 447 780 482 611 390 844 516 438 297 891 541
91 20 7618 614 392 867 528 688 432 929 562 348 248 1000 600 868 529 793 489 858 523 921 558 841 514 930 563 937 566 443 300 432 294 763 472 859 524 675 425 727 453 744 462
92 20 7421 304 224 933 564 710 444 937 566 957 577 942 569 779 481 631 401 752 466 999 600 354 251 571 369 958 578 612 391 238 189 836 512 634 402 785 484 998 599 913 553
93 20 8852 985 592 842 515 843 515 996 598 933 564 815 501 926 560 982 590 968 583 964 581 977 588 854 521 741 460 912 553 731 455 991 595 984 592 472 315 914 554 874 532
94 20 7204 615 393 936 566 534 349 888 540 528 345 925 560 836 512 935 565 978 588 559 362 581 374 587 377 537 350 706 442 960 579 534 348 666 420 699 438 666 420 739 459
95 20 8071 724 451 705 441 819 502 888 540 812 499 953 575 674 424 910 552 922 558 981 590 889 541 909 551 487 323 876 533 946 571 698 437 510 336 991 596 493 327 956 576
96 20 7516 735 457 436 295 523 343 846 517 790 487 956 576 674 424 780 481 700 438 717 447 969 584 806 496 705 441 477 318 749 465 713 445 810 497 941 569 895 544 811 498
97 20 8401 791 487 970 584 473 316 974 586 839 513 903 548 650 411 840 514 983 591 886 539 709 443 978 589 816 501 828 507 908 550 681 428 885 538 934 565 835 511 919 557
98 20 7987 853 521 934 565 931 563 874 532 760 471 955 576 812 499 981 590 994 597 660 417 796 490 531 347 824 505 765 473 795 489 817 501 857 523 846 517 720 449 270 206
99 20 8088 795 489 929 562 871 531 501 331 969 584 919 557 856 523 994 597 598 383 738 459 698 437 368 259 886 539 974 586 979 589 929 562 992 596 985 592 951 574 244 192
100 20 7318 751 466 829 508 897 544 585 376 816 501 877 534 284 214 576 371 738 459 585 376 507 334 902 547 444 300 945 571 941 568 877 534 862 525 828 507 453 305 939 567
101 20 8112 568 367 656 415 944 570 972 585 822 504 806 495 974 586 925 560 572 369 875 533 851 520 988 594 845 516 957 577 702 439 995 598 987 593 917 555 461 309 407 280
102 20 7304 235 187 771 477 831 509 859 524 674 424 894 543 763 472 711 444 1000 600 573 369 881 536 630 400 433 294 476 317 976 587 687 431 873 532 917 555 708 443 717 448
103 20 8404 865 528 868 529 718 448 959 578 999 600 971 585 979 589 689 432 820 503 974 586 962 580 652 412 971 584 769 475 977 588 894 543 955 576 861 525 694 435 232 186
104 20 7947 969 583 792 488 734 457 886 539 938 567 853 521 454 306 873 532 636 404 901 547 908 550 947 572 489 324 927 561 963 580 760 471 906 549 473 316 510 336 975 587
105 20 7740 876 533 701 439 603 386 923 559 765 473 452 304 640 406 977 588 342 245 1000 600 993 597 816 501 751 466 994 597 473 316 810 498 985 592 988 594 754 468 638 405
106 20 7650 613 392 825 506 990 595 724 451 892 542 693 434 900 546 834 511 721 450 846 517 319 232 549 357 964 581 796 490 679 427 819 502 991 596 339 243 910 552 897 545
107 20 7113 490 325 936 565 981 590 993 596 581 374 409 281 680 427 917 555 739 459 790 487 917 555 713 446 698 437 810 497 338 243 798 491 724 451 454 306 488 324 771 476
108 20 8186 939 567 896 544 957 577 900 546 965 581 842 515 376 263 543 354 946 571 665 420 963 580 890 541 995 597 851 520 744 462 870 530 773 478 963 580 796 490 499 329
109 20 7106 526 344 943 570 990 595 686 431 317 231 930 562 838 512 971 584 782 482 425 290 192 164 442 299 852 520 870 530 975 587 765 473 572 369 984 591 161 147 992 596
110 20 8364 934 565 778 481 993 597 900 546 980 590 966 582 933 564 854 521 997 599 919 556 511 336 899 546 884 538 836 512 398 275 483 321 894 543 907 550 999 600 663 418
111 20 6998 994 597 538 350 767 474 819 503 453 305 607 388 846 517 996 598 706 442 503 332 862 526 240 190 822 504 916 555 635 403 934 564 763 472 279 211 860 525 456 306
112 20 7784 672 423 963 580 547 356 691 433 960 578 626 398 789 486 997 599 973 586 914 554 921 558 644 408 977 588 625 398 873 531 863 526 950 573 838 513 570 368 175 154
113 20 7845 839 513 529 346 840 514 765 473 858 524 649 411 828 508 778 480 605 387 751 466 954 576 910 552 521 341 957 577 917 556 950 573 863 526 657 415 979 589 540 352
114 20 7749 994 597 820 503 799 492 832 509 875 533 509 335 821 503 977 588 799 492 875 533 976 587 714 446 481 320 847 517 603 386 679 427 811 498 619 394 848 518 619 395
115 20 7552 673 424 804 494 869 529 589 378 876 533 504 332 697 437 849 519 845 517 924 559 566 366 675 425 883 537 528 345 496 328 829 508 885 538 877 534 842 515 893 543
116 20 8342 960 579 679 427 896 544 979 589 955 576 840 514 973 586 862 526 572 369 934 565 697 437 868 529 871 531 583 375 981 590 814 500 732 455 883 537 871 531 735 457
117 20 7909 984 592 687 431 731 455 989 594 714 446 998 599 963 581 599 384 850 519 390 271 987 593 973 586 661 417 716 447 904 549 727 453 619 395 800 492 864 527 663 418
118 20 7560 996 598 986 593 755 468 786 484 932 564 874 532 479 319 751 466 790 487 690 433 994 597 725 452 369 259 277 210 708 442 693 435 958 578 931 563 855 522 572 369
119 20 7422 497 328 704 440 947 572 791 487 901 547 322 234 351 250 991 596 929 562 1000 600 878 534 594 381 814 500 777 480 635 403 937 566 658 416 859 524 602 386 658 416
120 20 7062 519 341 543 353 790 487 559 362 541 352 983 591 673 424 763 472 853 521 995 597 702 439 903 548 706 441 506 334 494 327 495 328 780 481 960 578 436 296 924 559
121 20 8600 984 591 709 443 777 480 886 539 906 550 972 585 604 387 719 449 953 575 994 597 955 576 911 552 731 455 877 534 921 558 713 445 979 589 906 550 779 481 925 560
122 20 7875 869 530 704 440 592 380 724 451 733 456 902 547 831 509 730 455 948 572 950 573 852 520 934 564 911 552 892 542 652 412 846 517 842 515 514 338 659 416 665 419
123 20 8018 919 556 871 531 697 437 722 450 548 356 970 584 996 598 843 515 984 591 469 314 787 485 964 581 414 284 755 468 665 419 875 533 797 491 980 589 856 522 925 560
124 20 8007 727 453 549 357 466 312 974 586 955 576 894 543 866 528 938 567 982 591 639 405 782 482 939 568 869 529 936 566 708 443 959 578 406 279 827 507 909 551 689 432
125 20 7839 974 586 626 398 851 520 869 529 935 565 811 498 227 183 903 548 948 572 961 579 569 367 974 586 911 552 497 328 682 428 837 512 626 399 960 579 875 533 642 407
126 20 6954 601 385 243 191 877 534 470 314 757 469 797 491 622 396 912 553 250 195 753 467 977 588 917 556 925 560 323 235 983 591 683 429 907 550 571 368 657 415 684 430
127 20 7419 964 581 892 542 782 483 709 443 992 596 802 493 768 475 568 367 611 390 864 527 771 476 796 490 670 422 847 518 548 356 665 419 313 229 720 449 638 405 918 556
128 20 7679 667 421 926 560 995 598 631 401 515 338 879 535 911 552 676 425 622 396 395 273 707 442 824 505 750 465 943 569 763 472 987 593 871 531 861 525 519 340 917 555
129 20 7801 888 540 274 208 475 317 895 543 650 411 914 554 553 359 986 593 543 353 957 577 312 229 862 525 990 595 923 559 893 542 728 453 931 563 977 588 874 532 978 588
130 20 7290 510 335 769 476 660 417 583 375 438 297 495 327 780 482 546 355 901 547 771 477 849 519 795 489 504 332 934 565 637 404 763 472 881 536 911 552 928 561 925 560
131 20 7182 997 599 613 391 354 251 638 405 649 411 968 583 189 162 980 589 801 493 784 484 547 355 621 396 579 373 718 448 665 420 740 460 944 570 844 516 975 587 758 469
132 20 7139 790 487 739 459 728 453 614 392 688 432 963 580 963 580 790 487 784 484 785 484 359 254 884 537 976 587 845 516 221 180 476 317 733 456 875 533 662 418 404 278
133 20 6700 681 428 569 368 744 462 843 516 585 376 960 579 241 190 799 492 548 356 631 401 438 297 659 416 318 232 649 411 632 401 938 567 975 587 883 537 389 270 918 556
134 20 7842 981 590 812 498 620 395 943 570 965 581 661 417 900 546 971 585 660 416 863 526 898 545 912 553 428 291 564 365 797 490 993 596 998 599 279 211 796 490 644 408
135 20 7185 861 525 694 435 604 386 969 583 414 284 875 533 943 569 527 345 698 437 683 429 757 469 530 347 744 462 641 406 421 287 571 369 959 578 797 491 718 448 964 581
136 20 7571 622 396 435 295 782 483 685 430 551 358 975 586 854 522 550 357 789 486 936 565 862 526 743 461 930 562 877 534 669 422 782 482 789 486 711 444 809 497 791 487
137 20 6838 370 260 141 136 683 429 970 584 828 508 387 269 956 577 624 397 824 505 892 542 899 546 558 361 906 550 985 592 887 539 531 347 824 505 881 536 69 98 462 310
138 20 7427 684 430 904 548 525 344 955 576 938 567 474 316 725 451 943 569 766 474 893 542 513 337 475 317 744 462 820 503 475 317 797 491 999 600 894 543 937 566 394 273
139 20 7958 828 507 932 563 951 574 787 485 676 425 763 473 964 581 563 364 921 557 855 522 845 516 793 488 753 467 538 351 872 531 678 426 735 457 871 531 760 471 831 509
140 20 7785 986 593 1000 600 578 372 817 501 157 145 891 541 384 268 903 548 968 583 777 480 702 439 807 496 987 593 633 402 915 554 869 530 657 415 859 524 901 547 780 481
141 20 8122 899 546 992 596 807 496 373 261 630 400 933 564 654 413 860 525 965 581 718 448 985 592 672 423 980 589 877 534 645 408 932 563 937 566 922 558 845 517 618 394
142 20 7889 980 589 996 598 487 323 905 549 803 494 935 565 919 557 490 325 939 567 475 317 934 565 803 494 813 499 603 386 908 550 628 399 691 433 974 586 956 577 539 352
143 20 7679 771 477 702 439 622 396 958 578 506 333 819 502 585 376 824 505 811 498 734 457 685 430 987 593 812 498 750 465 643 407 650 411 999 600 859 524 734 457 908 551
144 20 8232 979 589 883 537 903 548 401 277 440 298 857 523 907 550 768 475 808 497 916 555 782 483 982 591 992 596 924 559 907 550 973 585 947 572 634 403 925 560 537 350
145 20 8664 979 589 812 499 768 475 904 549 846 517 908 550 872 531 762 472 834 511 814 500 981 590 930 562 965 582 969 583 755 468 912 553 585 376 881 536 883 537 969 584
146 20 8118 507 334 696 436 849 518 967 582 973 586 640 406 771 476 854 521 980 589 854 521 844 516 849 519 615 392 674 424 932 564 983 591 995 598 945 570 343 246 965 582
147 20 7589 622 396 414 284 991 595 894 543 879 535 785 484 969 583 723 451 633 402 851 520 899 546 875 533 154 144 777 480 793 489 725 452 766 474 962 580 557 361 910 552
148 20 7452 561 363 546 355 846 517 823 505 800 492 918 556 930 563 762 472 508 335 747 463 953 575 782 482 752 466 916 555 710 443 751 466 824 505 898 545 238 189 639 405
149 20 8348 994 597 240 190 846 517 645 409 872 531 691 434 870 530 899 546 943 570 653 413 848 518 883 537 999 600 960 579 895 543 938 567 974 586 820 503 760 471 967 583
150 20 8248 507 334 972 585 971 585 731 455 798 491 977 588 736 458 996 598 963 580 762 472 637 404 754 468 957 577 985 592 909 551 798 491 893 543 793 488 376 263 981 590
151 20 7404 559 362 985 592 815 501 911 552 527 345 761 471 450 303 556 360 900 546 857 523 562 364 962 580 734 457 930 562 758 470 705 441 528 345 632 402 870 530 807 496
152 20 7601 950 573 876 534 759 470 813 499 894 543 840 514 828 507 675 425 733 456 761 471 787 485 985 592 572 369 557 361 906 550 131 131 847 518 659 416 702 439 927 561
153 20 7940 971 585 977 588 872 531 643 407 896 544 872 531 837 512 680 427 897 544 814 500 743 461 461 309 583 375 664 419 930 562 944 570 674 424 929 562 917 555 576 371
154 20 7211 394 273 920 557 624 397 589 378 809 497 954 576 455 306 785 484 936 566 469 314 670 422 893 542 851 520 514 338 880 535 861 525 388 270 970 584 463 310 998 599
155 20 7714 610 390 805 495 540 352 768 475 440 298 566 366 619 395 953 575 915 554 777 480 851 520 866 528 906 549 755 468 853 521 718 448 885 538 755 468 903 548 944 570
156 20 8232 817 501 511 336 862 526 707 442 615 392 878 534 633 402 950 573 794 489 981 590 910 552 899 546 983 591 621 395 784 484 858 524 968 583 915 554 872 531 906 549
157 20 7192 568 367 974 586 687 431 902 547 443 299 354 252 939 567 682 428 942 569 397 274 657 415 677 426 958 578 566 366 967 582 481 320 854 521 404 278 971 585 962 580
158 20 7395 593 380 531 347 925 560 536 350 932 564 924 559 784 484 375 263 911 552 698 437 880 535 662 418 974 586 723 451 568 367 675 425 550 357 884 538 895 544 771 477
159 20 7944 872 531 904 548 825 506 780 481 503 332 755 468 984 591 779 481 474 316 865 527 775 479 814 500 957 577 951 574 735 457 777 480 555 360 795 489 920 557 869 529
160 20 7653 707 442 905 549 884 538 890 541 351 250 995 597 864 527 471 315 567 366 475 317 966 582 756 468 947 571 641 406 599 383 833 510 874 532 740 460 875 533 966 582
161 20 7011 768 475 889 540 789 486 984 592 946 571 709 443 910 552 596 382 986 593 407 280 374 262 503 332 675 425 665 419 985 592 379 265 715 446 611 390 151 142 980 590
162 20 6991 474 316 596 382 870 530 672 423 991 595 806 496 733 456 756 468 701 439 671 423 759 470 425 290 650 411 808 497 675 425 979 589 633 402 408 280 742 461 634 403
163 20 8082 900 546 718 448 803 494 921 558 999 599 910 552 742 461 760 471 961 579 976 587 817 501 505 333 771 477 601 385 836 512 933 564 692 434 458 307 993 596 869 529
164 20 7557 991 595 833 510 853 521 586 376 934 565 954 576 726 452 698 437 660 416 563 364 764 473 770 476 545 355 946 571 424 289 862 526 635 403 911 552 858 523 602 385
165 20 6406 666 420 639 406 982 590 171 152 508 335 457 307 994 597 680 427 638 405 888 540 924 559 550 357 622 396 917 555 335 241 849 519 296 220 650 411 521 342 526 344
166 20 7546 654 413 565 365 973 586 939 567 891 541 399 276 635 403 823 505 934 565 532 348 908 551 567 366 994 597 830 509 843 516 915 554 418 286 753 467 570 368 950 573
167 20 8401 889 540 918 556 948 572 828 508 844 516 787 485 951 574 996 598 701 439 412 283 975 587 982 591 742 461 860 525 817 501 862 526 608 389 925 560 778 480 979 589
168 20 7573 722 450 937 566 881 536 570 368 623 397 954 576 528 345 974 586 688 432 954 575 996 598 512 337 923 558 979 589 703 440 627 399 643 408 515 338 709 443 709 443
169 20 7766 800 492 749 465 785 484 765 474 154 143 570 368 970 584 794 489 818 502 964 581 662 418 980 590 966 582 517 340 903 548 959 578 990 595 418 286 918 556 850 519
170 20 8045 911 552 861 525 813 499 859 524 898 545 854 522 806 496 628 399 994 597 594 381 295 219 987 593 991 595 634 403 931 563 975 587 786 485 893 542 509 335 872 531
171 20 8007 872 531 837 512 375 263 992 596 555 360 928 561 879 535 981 590 911 552 380 266 891 541 840 514 826 506 857 523 555 360 972 585 663 418 974 586 732 455 995 598
172 20 7543 728 453 784 484 558 362 830 509 913 553 953 575 664 419 345 247 779 481 577 372 931 563 567 366 655 414 773 478 902 547 854 521 693 434 980 589 839 513 762 472
173 20 8079 923 559 978 589 742 461 847 518 867 528 976 587 882 536 974 586 694 435 951 574 882 536 926 560 965 581 416 285 715 446 467 313 889 540 494 327 740 460 830 508
174 20 8071 442 299 616 393 954 575 813 499 981 590 714 446 833 510 645 409 777 480 870 530 488 323 630 400 815 500 852 521 910 551 993 596 935 565 915 554 992 596 968 583
175 20 7277 941 568 756 468 906 549 579 373 841 514 706 441 660 417 842 515 843 515 908 551 989 594 988 594 492 326 614 392 590 379 476 317 596 382 571 368 837 512 420 287
176 20 8280 897 545 850 519 978 588 976 587 793 489 863 526 855 522 935 565 904 548 786 485 672 423 931 563 645 409 956 576 392 272 771 476 918 556 670 422 796 490 973 586
177 20 7562 925 560 462 310 284 214 625 398 544 354 897 545 955 576 983 591 848 518 463 310 826 506 965 581 981 590 987 593 911 552 957 577 493 327 368 259 657 415 994 597
178 20 7942 959 578 349 249 964 581 894 543 908 551 618 394 849 519 781 482 891 541 719 448 846 517 993 596 745 462 733 456 888 540 560 363 909 551 577 372 914 554 787 485
179 20 7207 957 577 661 417 767 474 670 422 940 568 623 397 526 345 760 471 985 592 974 586 814 500 684 430 570 368 918 556 299 222 815 500 267 205 818 502 521 342 845 517
180 20 7616 751 466 675 424 546 355 511 336 983 591 824 505 816 501 917 555 952 574 721 450 924 559 712 445 550 357 561 363 631 401 908 551 918 556 862 525 516 339 954 575
181 20 8005 980 590 819 502 637 404 922 558 858 523 996 598 982 590 776 479 451 304 872 531 981 590 836 512 905 549 848 518 628 399 778 480 959 578 915 554 478 318 389 270
182 20 7033 765 473 812 499 821 504 487 323 452 304 956 577 496 328 510 336 764 473 885 538 925 560 430 293 942 569 676 425 619 395 447 302 704 440 868 529 762 472 745 462
183 20 6777 655 414 637 404 316 231 730 454 909 551 728 453 509 335 793 489 931 563 659 416 763 472 656 415 584 376 903 548 750 465 907 550 571 369 508 335 800 492 246 193
184 20 7944 691 433 901 547 709 443 862 526 978 588 912 553 612 391 989 595 855 522 771 477 679 427 417 285 898 545 707 442 926 560 837 512 820 503 764 473 910 552 650 411
185 20 8245 943 569 985 592 1000 600 943 569 948 572 923 559 688 432 639 405 996 598 848 518 945 571 928 561 692 434 761 471 811 498 664 419 814 500 741 460 351 250 871 530
186 20 8343 775 479 1000 600 897 544 815 500 625 398 855 522 702 439 909 551 943 570 817 501 833 510 902 547 850 519 887 539 923 558 780 481 666 420 665 419 893 542 950 573
187 20 8278 843 515 858 524 977 588 501 331 938 567 988 594 784 484 821 503 986 592 710 444 988 594 776 479 754 468 739 459 841 515 906 549 732 455 847 518 834 510 734 457
188 20 7276 996 598 388 270 751 466 718 448 805 495 533 348 743 462 689 433 379 265 967 582 928 561 985 592 916 555 437 296 775 479 877 534 402 277 688 432 998 599 578 372
189 20 7203 948 572 849 519 617 393 466 312 805 495 838 513 692 434 674 424 763 472 887 539 783 483 736 458 819 502 485 322 371 260 884 538 935 565 825 506 448 302 582 374
190 20 7579 499 330 948 572 736 458 725 452 512 337 575 371 723 451 948 572 899 546 727 453 805 495 895 544 776 479 588 378 560 363 824 505 909 551 973 586 838 513 699 438
191 20 7709 943 570 940 568 912 552 563 364 616 393 903 548 877 534 629 400 928 562 921 558 948 572 808 497 707 442 740 460 893 543 553 359 569 367 370 260 817 501 781 482
192 20 7333 652 412 453 305 561 363 864 527 877 534 795 490 615 392 809 497 713 445 842 515 783 483 528 345 506 333 785 484 776 479 960 579 938 567 922 558 320 233 968 583
193 20 7788 941 568 734 457 794 489 808 497 429 292 988 594 799 492 803 494 902 547 926 560 941 568 924 559 624 397 943 570 726 452 977 588 423 289 704 440 816 501 374 262
194 20 8042 684 430 704 440 918 556 429 292 298 221 805 495 982 591 898 545 554 359 986 593 865 527 823 505 749 464 986 593 904 549 901 547 916 555 883 537 857 523 942 569
195 20 7235 400 276 940 568 734 457 639 405 963 580 363 256 931 563 880 535 382 266 508 334 894 543 626 398 678 426 562 364 722 450 743 461 853 521 987 593 873 531 792 488
196 20 7849 874 532 949 573 856 523 998 599 614 392 586 377 772 477 958 577 974 586 190 163 628 399 928 561 765 473 655 414 1000 600 745 463 850 519 749 465 620 395 988 594
197 20 8424 876 533 437 296 982 591 982 591 984 592 988 594 769 476 957 577 938 567 930 563 893 542 808 496 804 495 875 533 968 583 902 547 706 442 454 305 671 423 924 559
198 20 8456 622 396 986 592 706 442 749 465 963 580 844 516 772 477 842 515 812 499 907 550 872 531 916 555 982 590 791 488 948 572 723 451 923 559 860 525 968 583 727 453
199 20 7882 964 581 809 497 997 599 892 542 755 468 973 586 836 512 740 460 396 274 774 478 813 499 680 427 967 583 953 575 609 389 581 374 847 518 673 424 604 386 901 547
200 20 7798 689 432 934 565 775 479 863 526 445 301 764 473 801 493 806 496 934 565 960 579 913 553 928 561 893 542 264 203 511 336 778 480 709 443 690 433 996 598 944 570
201 20 6407 582 374 986 593 669 421 269 206 780 482 477 318 725 451 154 144 678 426 914 554 948 572 829 508 503 332 622 396 891 541 524 343 531 347 812 499 550 357 371 260
202 20 7518 559 362 894 543 905 549 921 558 845 517 634 403 959 578 931 563 704 440 932 563 412 283 685 430 177 156 824 505 207 172 962 580 854 522 988 594 866 528 777 480
203 20 7603 956 576 481 320 681 428 384 267 875 533 767 474 996 598 899 546 552 358 890 541 976 587 924 559 841 515 528 345 899 546 791 487 682 429 782 482 395 273 908 550
204 20 7791 965 581 610 390 816 501 947 571 915 554 569 367 993 597 832 509 879 535 711 444 936 566 139 136 635 403 935 565 610 389 914 554 935 565 970 584 685 430 587 377
205 20 7643 519 340 927 561 933 564 989 594 714 446 815 500 895 544 992 596 894 543 622 396 633 402 655 414 542 353 768 475 649 411 454 305 762 472 806 496 959 578 759 470
206 20 7545 470 314 588 378 768 475 973 586 961 579 996 598 874 532 845 516 645 409 956 576 850 519 900 546 967 582 313 229 577 372 810 497 430 292 614 392 824 505 729 454
207 20 7907 917 556 786 485 363 256 888 540 919 557 528 346 814 500 810 498 903 548 804 494 973 586 681 428 814 500 448 302 615 392 928 561 886 539 841 514 912 553 984 592
208 20 8178 841 515 897 544 924 559 476 317 639 405 898 545 985 592 490 325 852 520 903 548 969 584 724 451 757 469 670 422 915 554 833 510 976 587 760 470 854 521 994 597
209 20 8086 628 399 848 518 760 471 591 379 415 285 710 443 967 582 841 514 803 494 939 567 965 581 935 565 949 573 987 593 783 483 665 419 934 565 537 350 952 574 963 580
210 20 7486 531 347 694 435 387 269 857 523 860 524 688 432 993 597 983 591 676 425 553 359 713 445 643 408 883 537 904 548 546 355 374 262 864 527 930 562 956 576 937 566
211 20 8162 932 563 998 599 780 481 845 517 993 597 915 555 939 568 885 538 274 208 995 598 884 537 800 492 823 505 940 568 926 560 346 247 823 504 807 496 543 353 877 534
212 20 7964 586 377 987 593 994 597 957 577 942 569 825 506 999 600 750 465 755 468 910 552 588 378 888 540 980 589 374 262 874 532 998 599 971 584 665 419 506 333 379 265
213 20 7723 782 483 590 379 400 276 814 500 857 523 639 405 523 343 651 412 906 549 701 439 871 530 800 492 694 435 809 497 862 526 970 584 967 582 992 596 802 493 816 501
214 20 7015 607 388 868 529 677 426 845 516 495 328 999 600 978 588 755 468 391 272 793 488 748 464 826 506 944 570 866 528 374 262 644 408 688 432 166 150 695 435 672 423
215 20 6869 456 306 511 336 717 447 793 488 919 556 633 402 632 402 814 500 883 537 663 418 690 433 774 478 175 155 708 442 825 506 773 478 878 535 884 538 320 233 690 433
216 20 7734 780 482 724 451 974 586 669 421 590 379 870 530 814 500 887 539 919 556 928 562 860 524 745 463 383 267 749 465 949 572 233 186 952 574 875 532 877 534 690 433
217 20 7436 870 530 853 521 780 481 372 261 398 275 979 589 860 525 784 483 445 301 855 522 911 552 652 412 666 420 903 548 668 421 999 600 546 355 880 536 994 597 458 308
218 20 7452 722 450 230 184 702 439 741 461 853 521 770 476 645 409 797 491 392 272 945 570 801 493 872 531 867 528 800 492 917 555 742 461 685 430 845 517 838 513 741 460
219 20 7590 562 364 807 496 889 541 960 578 799 492 736 457 888 540 917 555 421 288 521 341 908 551 826 506 873 531 924 559 792 488 624 397 858 523 722 450 605 387 548 356
220 20 7851 658 415 737 458 828 507 784 484 592 380 894 543 791 488 571 368 951 574 944 570 987 593 696 436 917 555 786 484 810 498 788 486 877 534 551 358 638 405 903 548
221 20 7950 407 280 910 552 628 400 918 556 989 595 986 593 864 527 552 358 515 338 749 465 732 456 904 548 519 340 895 544 997 599 922 558 609 389 921 557 962 580 921 558
222 20 7915 815 500 999 600 887 539 535 349 425 290 915 554 738 459 733 456 940 568 630 400 974 586 825 506 926 560 934 565 984 592 849 519 993 596 715 447 645 408 369 259
223 20 7584 576 371 983 591 976 587 751 466 894 543 212 175 853 521 852 520 696 436 919 556 783 483 858 524 664 419 893 543 900 546 323 235 882 536 903 548 399 276 851 520
224 20 7832 839 514 621 396 873 532 855 522 824 505 425 289 920 557 951 574 938 567 769 475 762 472 865 527 712 444 951 574 942 569 863 526 455 306 963 580 880 535 257 199
225 20 8219 991 596 982 590 888 540 637 404 725 452 945 571 554 359 954 575 953 575 852 520 735 457 820 503 969 583 774 478 818 502 699 437 685 430 917 555 990 595 551 358
226 20 7751 972 585 810 498 873 531 635 403 750 465 653 413 624 397 728 454 785 484 902 547 844 516 791 488 479 319 845 517 981 590 391 272 869 530 917 555 892 542 762 472
227 20 8055 724 451 849 519 242 191 810 498 994 597 621 395 871 530 983 591 634 402 918 556 978 589 933 564 949 573 426 290 855 522 832 509 757 469 956 576 870 530 908 550
228 20 7941 325 236 783 483 892 542 952 574 847 518 972 585 964 581 717 448 518 340 950 573 589 378 977 588 927 561 936 565 703 440 744 462 712 445 691 433 813 499 870 530
229 20 7993 594 381 957 577 677 426 996 598 858 524 807 496 899 546 733 456 897 545 672 423 992 596 938 567 751 466 885 538 665 419 331 239 921 558 690 433 900 546 823 505
230 20 7586 225 182 819 502 679 427 950 573 901 547 998 599 960 578 946 571 745 463 343 245 642 407 949 573 865 527 966 582 967 583 468 313 701 439 959 578 318 232 771 477
231 20 7253 654 414 425 290 502 331 650 411 801 493 914 554 991 595 922 558 564 365 759 470 582 374 632 402 472 315 980 590 689 432 950 573 834 511 977 588 218 178 990 595
232 20 7544 544 354 343 246 755 468 958 578 754 467 852 520 614 392 960 578 602 385 971 585 924 559 999 600 954 575 892 542 543 353 874 532 279 211 488 324 899 545 884 538
233 20 8298 840 514 885 538 888 539 890 541 582 374 578 372 982 591 905 549 858 524 551 358 701 439 985 592 865 528 972 585 961 579 871 530 942 569 906 550 913 553 521 341
234 20 7743 864 527 830 508 906 549 734 457 989 594 618 394 831 509 815 500 685 430 484 322 400 276 799 492 897 545 787 485 960 579 536 350 859 524 758 470 939 567 795 490
235 20 7439 750 465 572 369 817 501 646 409 863 526 905 549 848 518 272 207 790 487 454 305 959 578 390 271 812 499 735 457 810 497 945 570 663 418 924 559 878 534 845 516
236 20 7811 847 517 561 363 816 501 650 411 807 496 787 485 733 456 806 495 796 490 581 374 853 521 777 480 926 560 838 513 880 535 725 452 829 508 764 473 788 486 859 524
237 20 7931 846 517 885 538 800 492 856 522 995 597 461 309 977 588 920 557 975 587 801 493 910 552 552 359 752 466 535 349 809 497 920 557 520 341 804 494 896 544 648 410
238 20 7848 889 540 959 578 710 444 262 201 764 473 979 589 877 534 734 456 835 511 571 369 934 564 742 461 600 384 901 547 705 441 870 530 596 382 960 579 844 516 965 581
239 20 7219 855 522 856 522 740 460 882 537 584 375 804 494 488 324 478 318 914 554 716 447 491 325 753 467 522 342 836 512 682 428 474 316 757 469 932 563 711 444 963 580
240 20 8259 918 556 959 578 996 598 825 506 876 534 997 599 956 577 753 467 741 460 850 519 774 478 562 363 895 544 229 184 714 446 951 574 745 462 919 556 905 549 954 575
241 20 7768 748 464 684 429 855 522 955 576 707 442 862 526 979 589 468 313 786 485 638 405 738 459 912 553 570 368 925 560 910 552 764 473 664 419 888 540 519 340 964 581
242 20 7228 737 458 388 270 907 550 250 195 989 594 742 461 933 564 845 517 464 311 820 503 791 487 536 350 742 461 894 543 906 550 376 263 937 566 856 522 674 424 669 421
243 20 7406 658 416 849 519 771 476 879 535 496 328 985 592 641 406 541 353 490 325 764 473 490 325 958 578 871 531 935 565 535 349 944 570 639 405 734 456 776 479 857 523
244 20 7849 981 590 735 457 551 358 998 599 996 598 805 495 947 572 804 494 986 593 702 439 929 562 813 499 661 417 976 587 827 507 373 262 737 458 298 221 683 429 897 545
245 20 8019 879 535 627 399 880 535 950 573 846 517 834 510 937 566 975 586 968 583 785 484 713 445 940 568 747 464 613 391 500 330 838 513 751 466 969 583 823 505 463 310
246 20 8346 876 533 981 590 836 512 977 588 854 521 829 508 517 339 975 587 569 368 888 540 762 472 888 540 943 569 966 582 620 395 874 532 757 469 841 514 874 532 866 528
247 20 7326 923 559 434 295 851 520 965 581 787 485 502 331 942 569 706 442 811 498 792 488 775 479 527 345 796 490 394 273 941 568 586 377 837 512 675 425 619 395 790 487
248 20 7579 655 414 802 493 977 588 381 266 902 548 824 505 909 551 648 410 449 303 945 570 621 396 818 502 879 535 926 561 941 568 433 294 967 582 208 173 985 592 888 540
249 20 8128 714 446 840 514 710 444 724 451 939 567 735 457 821 504 874 532 925 560 624 397 996 598 521 342 950 573 978 589 868 529 685 430 950 573 652 412 918 556 832 509
250 20 8103 875 533 978 588 349 248 959 578 915 554 900 546 785 484 927 561 953 575 597 383 863 526 544 354 868 529 883 537 894 543 986 593 859 524 717 447 889 540 466 312
251 20 8260 927 561 850 519 610 389 734 457 754 467 609 389 964 581 803 494 646 409 927 561 651 412 941 568 632 401 943 569 968 583 954 575 889 540 921 558 897 544 900 546
252 20 8123 749 464 919 557 957 577 882 536 914 554 548 356 533 348 990 595 806 496 864 527 671 422 601 385 720 449 828 508 947 572 779 481 1000 600 984 592 905 549 649 411
253 20 7722 562 364 843 515 689 432 716 447 749 465 831 509 854 521 983 591 588 378 921 558 922 558 570 368 509 335 676 425 789 486 964 581 943 569 749 465 890 541 696 436
254 20 7275 916 555 921 557 995 597 878 535 745 463 730 455 947 572 209 173 730 455 848 518 455 306 651 412 859 524 977 588 810 498 558 362 590 379 572 369 343 245 817 502
255 20 8082 978 589 679 427 936 566 930 562 958 578 341 244 753 467 977 588 788 486 934 565 897 544 874 532 707 442 746 463 956 577 701 439 553 359 580 374 981 590 896 544
256 20 7915 894 543 577 372 754 468 807 496 424 289 989 594 655 414 862 526 899 546 740 460 932 564 885 538 977 588 836 512 966 582 770 476 808 497 340 244 724 451 992 596
257 20 7771 905 549 329 238 931 563 927 561 675 425 896 544 878 534 764 473 912 553 866 528 664 419 706 442 939 567 557 361 945 571 789 486 581 374 606 387 916 555 757 469
258 20 8276 948 572 996 598 468 313 741 461 833 510 697 437 941 568 932 563 952 574 634 403 426 290 839 513 992 596 817 501 849 519 887 539 832 509 970 584 843 515 956 577
259 20 7879 827 507 855 522 881 536 522 342 707 442 878 534 600 384 604 386 611 390 850 519 555 360 969 583 993 596 880 535 851 520 963 581 523 343 946 571 991 595 753 467
260 20 7714 987 593 923 559 807 496 958 577 917 555 547 356 963 580 686 431 621 395 867 528 923 558 652 412 866 528 95 112 989 594 849 519 428 291 773 478 907 550 670 422
261 20 7704 819 503 959 578 416 285 786 485 455 306 990 595 543 353 876 533 857 523 937 566 445 301 985 592 847 518 710 443 852 520 817 501 946 571 752 466 633 402 783 483
262 20 7460 548 356 574 370 809 497 563 364 600 384 937 566 910 552 736 458 763 472 663 418 702 439 727 453 597 383 855 522 939 567 880 535 709 443 858 524 903 548 648 410
263 20 7123 740 460 589 378 578 372 635 403 791 487 752 466 901 547 951 574 521 342 197 167 600 384 897 545 861 525 611 390 825 506 710 444 526 344 613 391 975 587 973 585
264 20 7467 403 278 787 485 315 231 673 424 653 413 977 588 982 591 627 399 980 590 742 461 717 447 950 573 661 417 958 578 688 432 840 514 818 502 507 334 950 573 707 442
265 20 8305 900 546 931 563 987 593 974 586 884 538 815 500 451 304 826 506 782 483 881 536 947 572 754 467 859 524 918 556 773 477 697 436 892 542 870 530 775 479 694 435
266 20 8234 499 330 933 564 763 472 985 592 803 494 950 573 552 358 625 397 1000 600 777 480 921 558 975 587 993 597 908 551 485 322 984 592 852 520 877 534 852 520 734 456
267 20 7905 757 469 775 478 988 594 655 414 582 374 531 347 960 579 947 572 690 433 801 493 786 485 405 279 783 483 998 599 873 532 938 567 872 531 954 576 670 422 846 517
268 20 8193 506 333 985 592 989 594 806 495 985 592 906 549 730 455 992 596 837 512 899 546 955 576 957 577 593 381 875 533 924 559 959 578 781 482 1000 600 334 241 374 262
269 20 7331 873 531 805 495 520 341 603 386 689 432 934 564 708 443 704 441 309 227 822 504 935 565 785 484 852 520 968 583 918 556 365 257 720 449 868 529 852 520 433 294
270 20 7042 873 532 692 434 852 520 715 447 966 582 838 513 734 457 725 452 270 206 381 266 546 355 679 427 837 512 629 400 485 322 912 553 996 598 941 569 514 338 500 330
271 20 7117 370 260 918 556 803 494 681 428 685 430 514 338 614 392 983 591 757 469 484 321 952 574 929 562 568 367 940 568 836 511 794 489 588 378 508 334 570 368 741 461
272 20 7809 927 561 577 372 723 451 877 534 552 359 650 411 977 588 823 504 980 590 630 400 647 410 852 520 894 543 853 521 867 528 886 539 388 270 691 433 834 511 991 596
273 20 7804 970 584 886 538 651 412 775 478 770 476 949 573 876 533 562 364 978 588 651 412 945 570 851 520 421 288 900 546 993 596 344 246 661 417 922 558 852 520 651 412
274 20 7009 944 570 772 477 559 362 947 572 890 541 517 340 256 198 963 580 879 535 546 355 955 576 493 327 624 397 707 442 621 396 958 578 344 246 779 481 711 444 553 359
275 20 7136 724 451 751 466 623 396 902 547 962 580 521 341 825 506 809 497 523 342 741 460 662 418 926 560 791 487 865 527 635 403 708 442 939 567 494 327 393 272 478 318
276 20 7946 907 550 862 526 686 431 684 430 644 408 920 557 822 504 905 549 867 528 701 439 518 340 963 580 830 508 760 471 820 503 767 475 789 486 618 394 934 565 895 544
277 20 8323 507 334 964 581 862 526 912 553 647 410 806 495 918 556 1000 600 905 549 603 386 979 589 680 427 989 594 622 396 760 470 856 523 987 593 977 588 829 508 844 516
278 20 8186 863 526 718 448 897 545 916 555 1000 600 872 531 731 455 593 380 802 493 904 549 910 552 966 582 572 369 685 430 997 599 762 472 705 441 579 373 952 574 949 573
279 20 7498 474 316 576 371 910 551 527 345 787 485 795 489 577 372 706 442 929 562 987 593 753 467 349 249 774 478 878 535 992 596 738 459 954 575 815 500 963 580 512 337
280 20 7636 592 380 998 599 948 572 993 596 377 264 898 545 943 570 706 441 983 591 713 445 672 423 640 406 873 532 907 550 991 595 188 162 956 576 701 439 283 213 910 552
281 20 6755 683 429 650 411 801 493 807 496 648 410 763 472 757 469 924 559 577 372 631 401 535 349 283 213 752 466 762 472 604 387 804 494 631 401 648 410 921 557 330 238
282 20 7437 869 529 977 588 503 332 623 397 513 337 829 508 866 528 964 581 938 567 698 437 791 487 440 298 842 515 937 566 159 146 859 524 562 364 870 530 755 468 879 535
283 20 7698 861 525 538 351 917 556 968 583 829 508 422 288 877 534 682 428 849 519 692 434 645 408 812 499 876 533 1000 600 795 489 685 430 653 413 826 506 887 539 582 375
284 20 7598 553 359 911 552 592 380 943 570 865 527 856 523 707 442 776 479 402 277 826 506 964 581 644 408 580 373 821 503 995 598 652 412 886 538 972 585 984 592 268 205
285 20 7426 802 494 900 546 587 377 241 190 795 490 925 560 976 587 908 551 499 330 617 393 509 335 807 496 824 505 999 600 462 310 794 489 780 481 710 444 976 587 742 461
286 20 7540 992 596 938 567 801 493 603 386 644 408 905 549 563 364 492 326 662 418 935 565 960 578 656 415 464 311 640 406 947 572 898 545 764 473 859 524 869 530 489 324
287 20 7187 766 474 779 481 932 563 783 483 786 485 569 367 611 390 824 505 381 266 891 541 573 369 945 570 998 599 498 329 418 286 922 558 692 434 96 112 917 555 994 597
288 20 8068 550 357 874 532 984 592 836 512 925 560 493 327 698 437 832 509 831 509 697 437 721 449 797 491 853 521 987 593 906 549 953 575 720 449 872 531 761 471 847 518
289 20 7406 458 308 971 584 985 592 855 522 848 518 772 477 968 583 578 372 882 537 732 455 707 442 814 500 816 501 551 358 639 405 593 381 746 463 979 589 428 291 491 325
290 20 7806 801 493 852 520 992 596 596 382 606 387 825 506 935 565 746 463 980 590 613 391 920 557 988 594 800 492 737 458 862 526 379 265 302 223 908 551 840 514 931 563
291 20 7766 664 419 700 438 908 551 636 404 857 523 835 511 550 357 703 440 975 587 880 535 754 467 638 405 888 540 905 549 400 276 695 435 919 557 899 546 769 475 958 578
292 20 8102 975 587 744 462 834 510 958 577 904 548 860 525 967 583 944 570 817 501 763 472 840 514 986 593 904 548 471 315 856 523 843 516 809 497 936 566 596 382 198 167
293 20 7919 810 498 860 525 799 492 876 533 965 582 819 503 940 568 880 535 941 568 782 482 822 504 458 307 625 398 793 488 570 368 880 535 608 389 622 396 838 513 951 574
294 20 7974 849 519 959 578 660 417 383 267 715 446 662 418 877 534 938 567 912 553 845 516 724 451 897 545 984 591 853 521 986 592 885 538 963 580 896 544 742 461 219 179
295 20 8183 619 394 914 554 826 506 838 513 970 584 841 514 643 407 670 422 970 584 908 551 974 586 628 399 946 571 900 546 541 353 818 502 851 520 666 420 989 594 855 522
296 20 7932 744 462 867 528 593 381 627 399 949 572 601 385 796 490 353 251 872 531 955 576 882 537 686 431 958 577 928 562 1000 600 917 555 836 512 843 516 622 396 835 511
297 20 7864 919 557 973 585 856 522 668 421 950 573 364 257 705 441 717 448 953 575 968 583 816 501 741 460 644 408 976 587 918 556 985 592 993 597 741 460 214 176 627 399
298 20 7561 981 590 945 570 851 520 770 476 859 524 931 563 750 465 927 561 900 546 440 298 781 482 822 504 536 349 895 543 588 378 315 230 950 573 645 409 416 285 821 503
299 20 7389 523 342 514 338 655 414 813 499 949 572 847 518 676 425 583 375 392 272 826 506 842 515 720 449 820 503 850 519 699 438 628 400 906 550 999 600 831 509 706 441
300 20 6946 654 414 777 480 72 99 447 302 973 586 666 420 621 395 749 465 687 431 768 475 755 468 958 578 893 542 984 592 589 378 555 360 793 489 955 576 546 355 450 303
301 20 7703 999 599 820 503 503 332 957 577 728 454 531 347 518 340 719 449 582 375 563 364 850 519 747 464 857 523 970 584 800 492 959 578 910 552 976 587 747 463 670 422
302 20 7824 996 598 934 564 641 406 931 563 677 426 937 566 866 528 752 466 470 314 570 368 990 595 234 186 769 476 839 513 678 426 896 544 898 545 790 487 951 574 829 508
303 20 7296 657 415 696 436 966 582 740 460 664 419 583 375 981 590 552 358 513 337 466 312 656 414 636 404 976 587 993 596 747 464 990 595 295 220 794 489 716 447 972 585
304 20 7336 408 281 598 383 577 372 573 370 550 357 966 582 857 523 959 578 785 484 831 509 875 533 414 284 975 587 861 525 772 477 832 510 765 473 558 362 892 542 625 398
305 20 7723 747 464 934 564 844 516 850 519 846 517 812 499 851 520 762 472 560 363 824 505 773 478 403 278 758 469 968 583 915 554 829 508 936 566 415 284 995 597 424 289
306 20 7933 965 581 422 288 736 458 579 373 902 547 838 513 892 542 956 577 892 542 677 426 998 599 861 525 642 407 366 258 651 412 867 529 926 560 946 571 824 505 927 561
307 20 7175 652 412 269 205 993 596 750 465 603 386 649 411 907 550 684 430 974 586 106 117 935 565 970 584 906 549 551 358 458 307 960 578 429 292 683 429 926 560 946 571
308 20 7927 915 554 840 514 922 558 943 569 856 522 797 491 709 443 757 469 914 554 492 326 438 297 867 529 894 543 723 451 992 596 709 443 872 531 861 525 931 563 422 288
309 20 8179 868 529 717 448 912 553 624 397 847 518 989 594 929 562 914 554 286 215 934 564 993 596 913 553 959 578 873 532 872 531 666 420 536 350 863 526 740 460 923 559
310 20 6920 926 561 599 383 919 557 932 563 782 483 459 308 926 560 539 351 843 515 313 229 407 280 381 266 349 249 725 452 938 567 670 422 809 497 907 550 680 427 737 458
311 20 7711 814 500 764 473 972 585 947 572 810 497 871 531 801 493 307 226 840 514 562 364 627 399 849 518 317 231 849 519 752 466 819 503 784 483 974 586 867 528 896 544
312 20 8219 909 551 266 204 813 499 560 363 968 583 807 496 449 302 908 550 754 468 910 552 950 573 966 582 849 519 963 580 707 442 909 551 844 516 979 589 952 574 975 587
313 20 7702 814 500 920 557 950 573 802 493 797 491 521 342 740 460 688 431 890 541 921 557 497 329 640 406 966 582 544 354 823 505 640 406 907 550 770 476 732 456 843 516
314 20 8659 669 421 940 568 767 474 902 547 769 475 995 597 973 585 648 410 707 442 903 548 940 568 798 491 879 535 926 560 925 560 933 564 968 583 897 545 847 518 933 564
315 20 7720 955 576 849 519 811 498 852 521 886 539 569 368 599 384 879 535 932 564 651 412 758 469 644 408 933 564 905 549 179 157 666 420 578 373 984 592 854 521 957 577
316 20 7889 418 286 825 506 860 524 597 382 782 482 726 452 865 527 994 597 763 472 845 516 736 457 693 434 860 525 917 555 384 268 821 503 952 575 966 582 912 553 862 526
317 20 7573 904 548 593 381 901 547 995 597 902 547 381 266 710 444 575 371 555 360 900 546 803 494 974 586 484 321 872 531 796 490 1000 600 634 403 769 476 414 284 984 592
318 20 7869 964 581 571 369 852 520 478 318 722 450 921 558 944 570 976 587 845 517 910 552 784 484 960 579 545 355 706 441 899 546 759 470 929 562 518 340 506 333 950 573
319 20 7958 888 540 372 261 754 467 977 588 397 275 923 559 767 474 794 489 795 489 952 574 779 481 832 510 954 575 922 558 568 367 774 478 993 596 791 488 967 582 718 448
320 20 8049 598 383 744 462 726 452 849 519 534 349 897 544 943 569 814 500 891 541 896 544 852 520 686 431 905 549 586 377 978 588 873 531 872 531 872 531 748 464 835 511
321 20 7443 606 388 630 401 928 562 847 518 849 519 355 252 836 512 967 582 862 526 777 480 768 475 507 334 852 520 884 538 547 355 731 455 855 522 925 560 559 362 601 385
322 20 6967 409 281 748 464 757 469 808 497 547 356 897 545 155 144 831 509 384 267 411 282 654 413 804 494 889 540 967 583 974 586 879 535 986 593 917 555 450 303 468 313
323 20 8388 969 583 791 487 747 464 744 462 765 473 923 559 829 508 767 474 926 560 609 389 899 546 827 507 874 532 964 581 791 487 885 538 746 463 957 577 913 553 850 519
324 20 7269 951 574 956 576 316 231 659 416 898 545 861 525 769 475 985 592 837 512 582 375 680 427 261 201 905 549 761 471 274 208 950 573 887 539 925 560 519 340 562 364
325 20 7884 723 451 554 360 812 498 891 541 816 501 803 494 269 206 956 576 888 540 997 599 798 491 994 597 696 436 923 558 479 319 615 392 957 577 994 597 706 441 897 545
326 20 8097 972 585 910 552 943 570 633 402 849 519 868 529 989 594 938 566 860 525 500 330 741 461 973 586 730 455 971 585 153 143 880 535 943 570 781 482 578 372 982 590
327 20 7649 976 588 733 456 457 307 747 464 943 569 839 513 469 313 810 497 971 585 962 580 566 366 694 435 841 514 697 437 884 538 769 476 890 541 511 336 844 516 696 436
328 20 7639 622 396 529 346 916 555 833 510 954 575 828 507 855 522 872 531 716 447 700 438 764 473 687 431 661 417 986 593 607 388 606 387 852 520 848 518 816 501 626 398
329 20 7453 466 312 805 495 610 389 622 396 981 590 721 450 903 548 860 525 908 551 932 563 648 410 617 393 845 516 758 469 891 541 858 524 517 339 979 589 277 210 708 442
330 20 7045 687 431 952 574 696 436 863 526 594 381 909 551 879 535 705 441 918 556 875 533 670 422 903 548 431 293 473 316 291 218 601 385 486 323 413 283 836 512 909 551
331 20 7247 463 310 955 576 833 510 704 441 735 457 674 424 734 457 650 411 403 278 927 561 967 582 879 535 625 398 839 513 434 295 705 441 412 283 940 568 719 448 896 544
332 20 7593 915 554 685 430 860 524 951 574 681 428 857 523 767 474 491 326 505 333 879 535 818 502 605 387 891 541 970 584 463 310 644 408 835 511 806 496 999 600 564 365
333 20 8025 688 432 905 549 910 552 811 498 974 586 778 480 990 595 941 568 408 281 550 357 953 575 970 584 977 588 807 496 497 329 968 583 218 178 757 469 972 585 976 587
334 20 8144 943 569 954 575 917 556 681 428 667 420 888 540 669 422 740 460 971 585 836 512 733 456 932 564 781 482 834 511 827 507 936 565 740 460 697 437 688 432 854 521
335 20 8006 898 545 148 140 857 523 863 526 820 503 857 523 949 572 1000 600 901 547 591 379 730 455 825 506 854 521 948 572 745 462 839 513 749 465 987 593 949 573 503 332
336 20 7267 867 528 929 562 835 511 885 538 814 500 727 453 906 549 277 210 460 309 928 561 418 286 630 400 999 600 724 451 326 236 683 429 986 592 781 482 755 468 605 387
337 20 7488 527 345 544 354 452 304 485 322 909 551 823 504 993 597 950 573 334 241 901 547 540 352 950 573 206 171 995 598 819 502 891 541 806 495 879 535 977 588 995 598
338 20 8418 995 598 980 590 955 576 772 477 878 534 710 444 838 513 836 511 802 493 890 541 858 523 289 216 962 580 875 533 990 595 750 465 915 554 812 499 801 493 928 561
339 20 7268 751 466 924 559 389 270 509 335 656 414 982 591 682 429 934 564 789 486 816 501 723 451 958 578 705 441 562 364 671 423 807 496 644 408 541 352 746 463 747 464
340 20 7735 407 280 537 350 996 598 991 596 989 595 876 533 548 356 727 453 728 454 490 325 1000 600 804 494 595 381 997 599 669 421 630 400 790 487 962 580 987 593 747 464
341 20 7687 455 306 808 497 642 407 942 569 747 464 944 570 915 554 986 592 752 466 988 594 908 551 238 189 997 599 784 483 858 523 639 406 305 225 683 429 934 564 850 519
342 20 7039 937 566 612 391 964 581 762 472 830 508 604 386 593 380 493 326 879 535 425 290 828 507 926 560 225 182 688 432 677 426 644 408 363 256 820 503 836 512 972 585
343 20 7836 592 380 811 498 963 580 934 564 989 594 907 550 646 409 919 556 615 393 728 453 679 427 444 300 670 422 738 458 807 496 773 477 920 557 769 475 999 599 770 476
344 20 7158 879 535 969 583 514 338 708 442 620 395 527 345 625 398 354 251 662 418 810 498 627 399 566 366 937 566 993 597 880 536 676 425 789 486 875 533 725 452 580 373
345 20 8437 984 592 983 591 966 582 726 452 966 582 780 481 980 589 637 404 731 455 796 490 954 575 924 559 880 535 737 458 885 538 940 568 744 462 571 368 997 599 694 435
346 20 7532 592 380 883 537 681 428 791 487 852 520 352 250 807 496 769 476 540 352 934 565 551 358 663 418 725 452 690 433 959 578 859 524 749 465 773 478 920 557 975 587
347 20 7442 599 383 719 448 697 437 381 266 309 227 683 429 973 586 703 440 933 564 923 559 632 401 980 589 702 439 603 386 762 472 794 489 964 581 996 598 958 578 574 370
348 20 7882 990 595 606 387 946 571 998 599 846 517 980 589 786 485 816 501 775 479 461 309 898 545 612 391 909 551 822 504 403 278 903 548 839 513 961 579 750 465 463 310
349 20 7675 805 495 571 369 900 546 907 550 520 341 987 593 739 459 968 583 958 577 751 466 436 296 984 591 790 487 837 512 982 590 781 482 875 533 461 309 673 423 426 290
350 20 7453 908 550 710 444 850 519 970 584 838 513 325 236 609 389 98 113 858 524 819 502 770 476 918 556 970 584 746 463 351 250 925 560 925 560 444 300 915 554 958 578
351 20 8051 317 232 809 497 777 480 698 437 858 524 979 589 922 558 797 490 619 394 681 428 971 585 857 523 803 494 898 545 905 549 902 547 1000 600 980 589 448 302 882 536
352 20 7453 678 426 537 350 274 208 998 599 808 497 772 477 631 401 704 440 888 540 815 500 660 417 901 547 961 579 916 555 787 485 930 563 370 260 614 392 773 478 890 541
353 20 8166 813 499 882 537 291 217 941 569 963 580 773 478 748 464 842 515 977 588 747 464 841 515 972 585 784 483 909 551 934 564 621 396 928 561 985 592 678 426 703 440
354 20 7619 852 521 966 582 595 382 774 478 888 540 159 146 926 560 738 459 718 448 845 517 711 444 551 358 783 483 935 565 853 521 972 585 764 473 906 549 465 312 837 512
355 20 7810 962 579 926 560 913 553 785 484 874 532 958 578 972 585 672 423 742 461 417 285 888 540 806 496 968 583 680 427 623 397 466 312 424 289 979 589 714 446 852 520
356 20 7847 971 585 818 502 619 395 973 585 484 322 879 535 583 375 891 542 873 532 867 528 677 426 831 509 820 503 453 305 920 557 919 556 852 520 973 585 433 294 858 523
357 20 8233 947 572 876 533 589 378 855 522 794 489 850 519 883 537 943 569 722 450 997 599 912 552 949 573 265 204 906 550 914 554 938 567 914 554 607 388 899 546 707 442
358 20 7536 676 425 924 559 342 245 982 591 664 419 892 542 724 451 747 464 381 266 809 497 803 494 741 460 665 419 707 442 776 480 811 498 987 593 914 554 652 412 875 533
359 20 7467 793 488 767 474 267 204 750 465 647 409 932 564 818 502 300 222 590 379 919 556 539 351 972 585 915 554 772 477 908 551 940 568 745 462 1000 600 647 409 713 445
360 20 7628 898 545 928 562 733 456 769 475 833 510 869 529 692 434 811 498 995 597 726 452 672 423 938 567 858 523 953 575 763 472 522 342 314 230 587 377 619 394 776 479
361 20 7805 777 480 477 318 704 440 899 546 878 534 994 597 764 473 795 490 971 585 711 444 567 367 813 499 937 566 848 518 930 562 345 246 588 378 775 479 861 525 977 588
362 20 8052 995 597 596 382 689 432 931 563 789 486 536 350 990 595 541 353 953 575 925 560 625 398 875 533 843 516 862 526 981 590 652 413 712 445 953 575 897 545 759 470
363 20 7682 453 305 624 397 936 565 845 516 418 286 738 459 848 518 997 599 710 444 948 572 687 431 480 320 570 368 822 504 943 570 998 599 901 547 661 417 825 506 961 579
364 20 6992 684 430 697 437 482 320 786 484 716 447 759 470 582 375 992 596 988 594 900 546 492 326 324 235 993 596 125 128 454 305 721 450 606 388 1000 600 810 498 874 532
365 20 8106 784 484 511 336 561 363 988 594 846 517 996 598 918 556 661 417 996 598 915 554 725 452 628 400 996 598 782 483 806 495 818 502 946 571 880 535 519 340 936 566
366 20 7534 645 409 633 402 427 291 753 467 554 360 956 577 909 551 961 579 602 385 678 426 974 586 946 571 959 578 997 599 730 454 497 329 700 438 834 511 570 368 744 462
367 20 7940 974 586 865 527 838 513 517 339 587 377 990 595 937 566 618 394 872 531 990 595 732 455 950 573 713 445 888 540 954 575 848 518 525 343 909 551 877 534 297 221
368 20 7740 726 452 868 529 641 406 621 395 859 524 848 518 911 552 336 242 573 370 761 471 889 540 942 569 826 506 940 568 984 591 931 563 847 518 682 429 825 506 470 314
369 20 7824 951 574 770 476 974 586 649 411 746 463 545 354 694 435 887 539 844 516 733 456 903 548 646 409 864 527 789 486 760 471 877 534 868 529 680 427 486 322 983 591
370 20 7521 933 564 975 587 492 326 670 422 703 440 854 521 688 432 546 355 971 585 919 556 827 507 691 433 885 538 795 490 356 252 776 479 412 282 863 526 984 591 703 440
371 20 7970 448 302 871 531 787 485 942 569 957 577 827 507 959 578 233 186 997 599 949 573 379 265 918 556 942 569 939 567 285 214 843 515 905 549 845 517 982 591 932 564
372 20 7166 659 416 829 508 717 448 549 357 709 443 675 425 862 525 901 547 396 274 854 521 933 564 593 381 663 418 872 531 503 332 629 400 736 458 870 530 856 522 527 345
373 20 7196 962 580 444 300 564 365 723 451 825 506 595 382 698 437 912 553 555 360 739 459 856 522 812 499 474 316 781 482 532 347 962 580 927 561 861 525 655 414 516 339
374 20 8264 825 506 741 460 935 565 768 475 621 396 725 452 931 563 609 389 992 596 819 502 965 581 998 599 916 555 834 511 896 544 801 493 659 416 577 372 999 600 918 556
375 20 8457 770 476 935 565 424 289 885 538 771 477 953 575 995 597 996 598 671 423 738 459 984 592 924 559 548 356 910 551 759 470 981 590 902 547 912 553 973 585 884 537
376 20 7710 752 466 644 408 958 577 622 396 612 391 920 557 821 504 745 462 895 544 935 565 912 553 458 307 880 536 584 375 974 586 669 421 838 513 932 564 525 344 745 462
377 20 7674 896 544 805 495 650 411 804 494 818 502 995 597 844 516 976 588 801 493 879 535 921 557 881 536 786 484 368 259 682 428 461 309 396 274 767 474 893 542 726 452
378 20 8067 953 575 799 492 949 573 627 399 823 504 834 511 998 599 751 466 883 537 976 587 768 475 602 385 959 578 725 452 392 272 755 468 614 392 979 589 961 579 786 485
379 20 8456 935 565 846 517 954 575 971 585 772 477 967 582 850 519 915 554 929 562 979 589 971 585 957 577 662 418 809 497 814 500 626 398 534 348 930 563 677 426 814 500
380 20 8169 958 577 838 513 471 315 639 405 623 396 834 511 941 568 968 583 972 585 597 383 979 589 912 553 880 536 736 457 962 580 772 477 520 341 988 594 892 542 857 523
381 20 8059 621 395 845 517 918 556 960 579 844 516 512 337 776 479 720 449 698 437 929 562 849 519 957 577 948 572 848 518 952 574 904 548 586 377 976 588 756 469 519 341
382 20 7843 441 298 957 577 994 597 843 516 369 259 957 577 524 343 634 402 765 473 926 560 745 462 934 565 841 514 854 521 898 545 836 512 827 507 854 521 707 442 780 481
383 20 8005 480 320 717 448 539 351 828 507 863 526 953 575 717 448 664 419 960 579 970 584 743 462 857 523 751 466 910 552 403 278 973 585 872 531 983 591 899 545 929 562
384 20 7718 752 466 994 597 679 427 379 265 808 497 843 516 948 572 810 498 496 328 805 495 987 593 434 295 805 495 888 540 820 503 648 410 843 516 932 564 640 406 926 560
385 20 6851 783 483 900 546 825 506 324 235 940 568 509 335 206 171 992 596 807 496 731 455 476 317 178 157 837 512 738 459 897 545 690 433 956 577 721 450 753 467 440 298
386 20 7240 391 271 812 499 448 302 978 588 913 553 705 441 770 476 749 465 344 246 369 259 967 582 708 442 923 559 473 315 915 554 847 517 831 509 750 465 717 448 870 530
387 20 7102 831 509 535 349 381 266 819 503 593 381 372 261 526 344 877 534 875 533 998 599 967 583 648 410 776 479 489 324 580 373 737 458 825 506 679 427 893 543 803 494
388 20 7979 945 571 527 345 975 587 771 477 914 554 921 557 916 555 433 294 800 492 998 599 947 572 317 231 512 337 849 519 878 534 872 531 872 531 982 590 714 446 815 500
389 20 8342 766 474 888 540 957 577 833 510 452 304 860 525 943 569 936 566 618 394 829 508 928 561 950 573 924 559 937 566 834 511 971 584 960 579 487 323 914 554 698 437
390 20 8128 844 516 942 569 850 519 968 583 880 535 861 525 718 448 666 420 944 570 526 344 718 448 942 569 521 342 931 563 551 358 886 539 793 489 878 535 869 530 969 583
391 20 7295 745 463 866 528 982 590 776 479 494 327 986 593 480 319 674 424 746 463 842 515 656 415 598 383 702 439 641 407 330 239 808 496 996 598 890 541 920 557 459 308
392 20 7411 999 600 677 426 809 497 823 504 862 526 617 393 470 314 692 434 867 529 949 573 475 317 874 532 646 409 943 569 901 547 943 569 307 226 924 559 336 242 709 443
393 20 7590 613 391 990 595 488 324 934 565 569 368 474 316 655 414 783 483 963 581 838 513 996 598 877 534 801 493 646 409 839 513 790 487 679 427 800 492 836 512 610 390
394 20 7786 828 507 822 504 520 341 921 558 429 292 752 466 947 572 622 396 857 523 640 406 604 387 807 496 876 533 775 478 876 533 827 507 975 587 725 452 850 519 920 557
395 20 7687 671 422 610 390 949 573 779 481 827 507 717 448 961 579 845 517 972 585 905 549 846 517 956 576 660 417 837 512 714 446 898 545 841 514 468 313 310 228 609 389
396 20 7954 900 546 547 356 934 565 902 547 948 572 893 543 993 596 665 419 974 586 461 309 837 512 835 511 632 402 890 541 523 343 822 504 486 322 855 522 864 527 948 572
397 20 7939 610 389 836 511 638 405 955 576 933 564 554 360 849 518 736 458 926 560 967 583 478 319 994 597 631 401 476 318 714 446 910 551 990 595 998 599 906 550 778 480
398 20 7116 320 233 854 522 514 338 895 544 893 542 811 498 826 506 741 461 824 505 584 375 532 348 959 578 946 571 827 507 294 219 787 485 557 361 993 596 540 352 536 350
399 20 7220 941 569 867 528 966 582 839 513 534 348 713 445 849 519 696 436 552 358 855 522 922 558 951 574 176 155 568 367 711 444 689 432 665 419 519 340 629 400 799 492
400 20 8035 711 444 814 500 892 542 925 560 972 585 548 356 986 593 851 520 598 383 839 513 604 386 918 556 864 527 756 469 1000 600 896 544 354 251 871 531 868 529 804 494
