1 20 8475 808 497 856 523 951 574 977 588 731 455 690 433 978 588 790 487 937 566 741 460 877 534 956 576 951 574 592 380 744 462 905 549 740 460 950 573 982 590 795 490
2 20 8311 731 455 839 513 773 477 906 549 754 468 605 387 948 572 796 490 919 556 877 534 849 519 980 589 992 596 943 569 909 551 859 524 354 251 981 590 785 484 823 505
3 20 8612 822 504 801 493 719 448 500 330 659 416 928 562 910 552 945 571 933 564 852 520 976 587 1000 600 982 590 928 561 963 580 875 533 836 512 730 454 904 549 961 579
4 20 7857 768 475 815 500 877 534 959 578 711 444 595 382 820 503 779 481 979 589 754 467 909 551 967 583 613 391 576 371 933 564 894 543 452 304 768 475 568 367 977 588
5 20 8191 931 563 913 553 904 549 906 549 558 361 381 266 472 315 876 533 973 586 612 391 996 598 990 595 950 573 882 536 775 479 970 584 607 388 944 570 764 473 979 589
6 20 8721 771 477 595 381 933 564 839 513 969 583 792 488 992 596 978 588 762 472 942 569 871 530 932 564 756 468 983 591 991 595 924 559 909 551 851 520 914 554 738 459
7 20 8323 946 571 871 530 928 561 895 543 840 514 578 372 921 557 787 485 976 587 946 571 856 522 724 451 825 506 994 597 606 387 593 380 767 474 780 482 919 557 895 544
8 20 8028 919 557 490 325 670 422 979 589 838 513 784 484 998 599 895 543 880 536 794 489 834 510 989 594 709 443 978 588 638 405 824 505 574 370 547 356 800 492 916 555
9 20 8417 947 572 654 413 996 598 958 578 812 499 813 499 961 579 913 553 868 529 879 535 918 556 884 537 917 556 809 497 886 539 688 432 983 591 800 492 733 456 415 284
10 20 8415 951 574 979 589 683 429 926 561 775 479 824 505 907 550 941 568 841 514 703 440 898 545 854 522 840 514 978 589 765 474 924 559 771 477 800 492 863 526 608 388
11 20 8493 763 472 849 519 898 545 906 550 825 506 971 585 904 548 865 527 845 517 904 548 637 404 895 544 972 585 989 594 869 529 894 543 625 398 915 554 911 552 550 357
12 20 7948 863 526 799 491 983 591 674 424 809 497 607 388 840 514 710 444 798 491 930 563 844 516 259 200 889 540 862 525 830 508 880 535 934 565 952 574 864 527 569 367
13 20 8214 689 432 718 448 618 394 985 592 744 462 877 534 334 241 996 598 811 498 793 489 919 557 974 586 996 598 896 544 991 595 521 341 821 504 894 543 964 581 888 540
14 20 8415 888 540 983 591 277 210 975 587 859 524 948 572 990 595 997 599 642 407 958 577 851 520 606 387 935 565 772 477 902 547 955 576 780 481 893 543 927 561 693 435
15 20 8321 618 394 676 425 729 454 883 537 802 493 737 458 629 400 685 430 998 599 994 597 900 546 721 450 709 443 945 570 971 585 865 527 961 579 874 532 997 599 949 573
16 20 8350 876 533 850 519 977 588 956 576 891 541 666 420 636 404 718 448 890 541 934 565 801 493 742 461 971 585 906 550 637 404 965 581 941 568 671 422 962 580 711 444
17 20 8377 965 581 857 523 935 565 824 505 905 549 904 549 947 571 930 562 691 433 906 549 909 551 797 491 903 548 432 293 527 345 786 485 932 564 939 567 969 584 696 436
18 20 8184 726 452 881 536 780 482 960 579 874 532 585 376 906 549 912 553 956 577 640 406 760 471 974 586 991 595 911 552 663 418 730 455 829 508 956 576 985 592 349 249
19 20 8299 939 567 865 527 964 581 928 561 779 481 503 332 778 480 694 435 838 513 760 471 974 586 680 427 798 491 967 583 957 577 857 523 982 591 597 383 873 532 866 528
20 20 8297 944 570 736 458 804 494 509 335 951 574 738 459 838 513 852 520 913 553 960 579 948 572 706 442 901 547 847 518 899 546 662 418 799 492 876 533 842 515 869 530
21 20 8665 928 561 884 538 871 531 939 567 846 517 909 551 664 419 978 589 980 589 749 465 953 575 899 545 700 438 900 546 799 492 941 568 665 419 769 475 958 578 998 599
22 20 8457 772 477 817 501 904 549 919 556 781 482 772 477 747 464 902 548 739 459 973 586 954 575 807 496 986 592 731 455 550 357 975 586 924 559 824 505 859 524 979 589
23 20 8433 835 511 938 567 529 346 873 531 965 581 937 566 960 579 832 510 850 519 896 544 917 555 787 485 768 475 840 514 694 435 903 548 622 396 952 574 947 572 821 503
24 20 8184 965 582 943 570 887 539 689 432 843 515 858 524 849 519 918 556 919 556 976 587 616 393 560 363 622 396 433 294 887 539 866 528 945 571 817 501 939 567 837 512
25 20 8524 999 600 838 513 986 592 963 580 926 560 984 591 971 585 967 583 629 400 919 556 747 464 943 569 792 488 385 268 331 239 888 540 878 534 948 572 981 590 973 585
26 20 8046 747 463 970 584 873 532 992 596 816 501 986 593 878 534 977 588 886 538 820 503 644 408 631 401 798 491 978 588 399 275 781 482 958 578 494 327 666 420 799 492
27 20 8244 521 342 949 573 789 486 919 556 433 294 721 450 854 522 802 493 619 394 965 581 858 523 834 511 898 545 971 585 923 559 958 577 919 556 959 578 837 512 759 470
28 20 8458 860 525 914 554 928 562 953 575 617 393 985 592 631 401 891 541 963 580 919 556 965 581 892 542 811 498 653 413 487 323 958 578 928 562 682 428 901 547 978 588
29 20 8119 950 573 906 550 766 474 553 359 695 435 692 434 967 582 905 549 707 442 938 567 970 584 820 503 723 450 901 547 932 563 894 543 895 543 717 447 644 408 663 418
30 20 8456 946 571 684 430 620 395 620 395 970 584 729 454 923 559 995 598 646 409 999 600 993 596 868 529 970 584 811 498 755 468 801 493 837 512 888 539 878 534 979 589
31 20 8593 960 579 686 431 775 478 577 372 896 544 994 597 847 517 982 591 870 530 671 423 959 578 975 587 973 586 920 557 965 581 843 516 941 568 808 497 990 595 555 360
32 20 8457 922 558 598 383 999 600 824 505 967 583 927 561 946 571 974 586 827 507 848 518 557 361 986 593 979 589 735 457 496 328 686 431 717 447 928 561 999 600 999 600
33 20 7756 740 460 868 529 944 570 792 488 419 287 942 569 871 530 811 498 733 456 819 503 891 541 657 415 874 532 813 499 904 548 751 466 638 405 903 548 572 369 571 368
34 20 8578 764 473 669 421 990 595 961 579 802 493 840 514 879 535 916 555 665 419 869 529 944 570 993 596 865 527 892 542 832 510 668 421 853 521 941 568 862 526 951 574
35 20 8491 819 502 965 581 415 285 942 569 996 598 902 547 865 527 944 570 867 528 971 585 493 327 897 545 755 468 977 588 900 546 967 583 961 579 844 516 850 519 652 412
36 20 7707 720 449 572 369 974 586 801 493 816 501 789 486 858 523 735 457 942 569 923 559 765 473 644 408 689 432 816 501 880 536 922 558 450 303 720 449 729 454 670 422
37 20 8504 956 576 928 561 919 556 871 530 960 578 919 556 1000 600 774 478 958 577 901 547 663 418 568 367 788 486 871 530 982 591 919 556 584 376 883 537 745 462 820 503
38 20 8617 804 495 890 541 810 498 789 486 757 469 629 400 913 553 978 588 674 424 1000 600 958 577 849 519 838 513 944 570 882 536 762 472 946 571 905 549 923 559 984 592
39 20 7926 622 396 958 577 940 568 599 384 861 525 394 273 989 594 798 491 938 567 946 571 899 546 884 537 815 500 752 466 895 543 411 282 893 542 694 435 913 553 652 412
40 20 8324 975 587 663 418 965 581 805 495 985 592 928 561 863 526 852 520 601 385 774 478 904 548 978 588 857 523 777 480 768 475 813 499 908 550 918 556 846 517 468 313
41 20 8092 933 564 1000 600 924 559 967 583 728 454 934 565 788 486 741 461 584 376 615 392 939 567 816 501 710 443 958 578 968 583 547 356 704 440 644 408 960 578 725 452
42 20 8039 694 435 898 545 987 593 827 507 576 371 904 548 962 579 795 489 962 579 775 479 848 518 224 181 920 557 858 524 966 582 883 537 612 391 807 496 780 482 801 493
43 20 8488 866 528 648 410 732 456 980 590 834 511 987 593 671 423 898 545 893 543 941 568 789 486 948 572 715 447 667 420 941 568 885 538 984 592 853 521 809 497 936 566
44 20 8408 827 507 883 537 919 556 958 578 949 573 981 590 970 584 796 490 968 583 748 464 747 463 556 360 889 540 931 563 863 526 560 362 729 454 933 564 970 584 640 406
45 20 8116 977 588 963 580 612 391 797 491 813 499 779 481 900 546 678 426 792 488 978 588 974 586 538 351 808 496 852 520 826 506 752 467 872 531 458 307 922 558 942 569
46 20 8857 986 593 994 597 984 591 888 540 989 594 731 455 952 574 463 310 869 530 971 585 933 564 981 590 921 558 803 494 837 512 967 582 909 551 811 498 959 578 767 474
47 20 7496 738 459 879 535 995 598 312 229 747 464 832 510 905 549 907 550 616 393 633 402 787 485 829 508 809 497 511 336 711 444 648 410 867 528 517 339 819 502 931 563
48 20 8034 518 340 793 488 917 555 645 408 681 428 994 597 912 553 905 549 986 593 513 337 673 423 955 576 932 564 916 555 957 577 815 500 830 508 505 333 758 470 864 527
49 20 8564 975 587 832 510 983 591 909 551 795 490 996 598 963 580 804 494 981 590 881 536 900 546 533 348 875 533 548 356 997 599 901 547 899 546 876 533 838 513 643 407
50 20 8441 741 460 957 577 998 599 626 398 762 471 909 551 900 546 971 584 909 551 750 465 681 428 976 587 527 345 991 595 761 471 961 579 965 581 642 407 881 536 974 586
51 20 7901 781 482 800 492 721 449 930 562 771 477 888 540 667 421 814 500 550 357 781 482 993 597 834 510 826 506 938 567 844 516 592 380 508 335 803 494 985 592 776 479
52 20 8597 892 542 927 561 995 597 764 473 861 525 746 463 937 566 720 449 442 299 613 391 808 497 971 585 871 531 990 595 960 578 982 591 935 565 974 586 984 592 823 505
53 20 8792 954 575 638 405 878 535 882 536 995 597 925 560 975 586 942 569 828 507 947 572 943 570 723 451 659 416 952 574 981 590 977 588 880 535 868 529 971 585 667 420
54 20 8182 852 520 892 542 716 447 703 440 646 409 967 582 902 547 834 511 886 539 986 593 785 484 975 587 813 499 900 546 963 580 842 515 994 597 527 345 970 584 212 175
55 20 8127 920 557 894 543 797 490 583 375 896 544 827 507 827 507 866 528 720 449 674 424 786 485 939 567 783 483 843 515 902 547 617 393 755 468 781 482 977 588 868 529
56 20 8204 963 580 818 502 655 414 705 441 938 567 832 509 927 561 882 536 914 554 834 510 830 508 669 422 825 506 972 585 452 304 573 370 785 484 983 591 873 531 978 589
57 20 8152 661 417 888 540 962 580 997 599 910 551 481 320 701 439 832 510 706 441 538 351 851 520 876 533 611 390 936 566 931 563 962 580 873 532 801 493 986 593 801 493
58 20 8573 827 507 795 490 955 576 859 524 982 591 560 363 792 488 856 522 823 505 613 391 973 586 915 554 877 534 992 596 996 598 700 438 919 557 835 511 920 557 958 578
59 20 8719 803 494 932 563 890 541 834 511 702 439 885 538 994 597 966 582 851 520 951 574 797 491 905 549 817 502 958 578 817 501 650 411 958 578 961 579 973 586 795 489
60 20 8697 762 472 902 547 997 599 862 525 977 588 955 576 794 489 909 551 791 487 907 550 850 519 711 444 921 558 892 542 925 560 977 588 998 599 523 342 895 544 846 517
61 20 8070 739 459 570 368 600 384 790 487 958 577 973 586 856 522 868 529 944 570 408 281 966 582 833 510 866 528 450 303 778 480 813 499 965 581 902 547 896 544 966 582
62 20 8208 891 541 595 382 877 534 758 469 774 478 845 516 942 569 610 390 887 539 919 556 718 448 826 506 914 554 843 515 928 561 952 574 811 498 794 489 671 422 861 525
63 20 8359 857 523 869 530 616 393 973 586 787 485 909 551 921 558 588 378 882 536 997 599 532 348 993 597 703 440 854 521 688 432 929 562 1000 600 858 523 921 558 841 514
64 20 8333 855 522 826 506 954 576 958 577 971 585 654 413 933 564 937 566 957 577 942 569 631 401 752 466 999 600 571 369 958 578 612 391 836 512 998 599 482 320 841 515
65 20 9041 843 515 996 598 933 564 815 501 926 560 982 590 968 583 964 581 977 588 854 521 912 553 731 455 991 595 984 592 914 554 980 590 734 456 829 508 895 544 855 522
66 20 7706 888 540 528 345 925 560 836 512 935 565 978 588 581 374 587 377 537 350 960 579 666 420 739 459 833 510 739 459 873 532 818 502 722 450 500 330 814 500 953 575
67 20 7893 946 571 698 437 991 596 493 327 573 370 926 560 799 492 893 543 328 237 925 560 777 480 994 597 818 502 535 349 799 492 775 479 883 537 872 531 791 487 970 584
68 20 8756 938 567 974 586 985 592 914 554 741 460 978 588 940 568 660 417 961 579 837 512 959 578 939 567 956 577 849 519 708 443 756 468 853 521 931 563 874 532 760 471
69 20 8182 818 502 817 502 909 551 941 569 784 483 572 369 1000 600 795 489 929 562 871 531 501 331 969 584 919 557 994 597 598 383 698 437 368 259 974 586 979 589 929 562
70 20 8162 829 508 897 544 585 376 738 459 507 334 902 547 945 571 941 568 862 525 828 507 519 340 986 593 712 445 985 592 933 564 987 593 919 556 704 440 975 587 570 368
71 20 8523 702 439 995 598 987 593 917 555 820 503 681 428 796 490 748 464 881 536 980 589 625 398 765 473 865 528 868 529 959 578 999 600 971 585 979 589 689 432 820 503
72 20 8962 923 559 989 594 996 598 947 572 750 465 969 584 970 584 969 583 792 488 734 457 886 539 938 567 873 532 636 404 901 547 908 550 947 572 927 561 963 580 906 549
73 20 8404 994 597 705 441 712 445 705 441 932 564 762 472 855 522 923 559 765 473 977 588 342 245 1000 600 993 597 816 501 994 597 985 592 988 594 754 468 638 405 968 583
74 20 8293 892 542 693 434 900 546 964 581 819 502 991 596 339 243 910 552 897 545 912 553 742 461 751 466 842 515 824 505 734 456 943 570 952 574 829 508 727 453 925 560
75 20 8280 936 566 583 375 743 462 828 507 808 496 786 484 991 596 675 425 976 587 987 593 682 429 992 596 473 316 769 475 946 571 936 565 949 573 748 464 812 498 940 568
76 20 8415 851 520 870 530 963 580 796 490 499 329 849 519 935 565 584 376 966 582 870 530 655 414 982 590 827 507 944 570 852 520 851 520 710 443 934 565 993 597 900 546
77 20 8697 958 577 806 496 853 521 853 521 970 584 780 481 877 534 1000 600 809 497 994 597 607 388 996 598 862 526 822 504 916 555 934 564 860 525 918 556 989 594 591 380
78 20 8650 963 580 960 578 626 398 997 599 973 586 914 554 921 558 644 408 977 588 625 398 873 531 863 526 950 573 838 513 570 368 922 558 998 599 916 555 778 480 993 597
79 20 8359 778 480 605 387 954 576 910 552 957 577 950 573 863 526 657 415 979 589 540 352 822 504 951 574 890 541 941 568 798 491 864 527 658 415 884 538 965 581 752 466
80 20 8088 509 335 821 503 977 588 799 492 875 533 976 587 847 517 603 386 679 427 811 498 619 394 619 395 966 582 894 543 975 587 863 526 902 547 660 417 980 589 802 493
81 20 8562 883 537 496 328 885 538 877 534 842 515 893 543 914 554 665 420 749 465 963 580 860 525 836 512 875 533 941 568 927 561 843 515 972 585 984 592 731 455 989 594
82 20 8274 712 445 686 430 912 553 996 598 986 593 755 468 786 484 932 564 874 532 751 466 994 597 725 452 369 259 708 442 958 578 931 563 855 522 868 529 930 563 820 503
83 20 8256 901 547 991 596 929 562 1000 600 878 534 814 500 777 480 635 403 937 566 658 416 859 524 602 386 972 585 725 452 595 382 963 580 552 358 977 588 754 467 994 597
84 20 8192 780 481 960 578 924 559 739 459 920 557 940 568 771 476 985 592 693 434 905 549 863 526 798 491 852 520 564 365 685 430 952 574 859 524 869 530 592 380 733 456
85 20 8344 832 510 972 585 925 560 951 574 782 483 969 584 541 352 948 572 667 420 871 531 919 556 871 531 722 450 548 356 970 584 996 598 843 515 984 591 964 581 414 284
86 20 8932 985 592 718 448 828 507 936 566 983 591 956 576 999 600 917 556 940 568 978 589 840 514 982 590 727 453 466 312 974 586 955 576 894 543 866 528 938 567 982 591
87 20 8178 834 511 961 579 869 529 816 501 870 530 540 352 974 586 626 398 851 520 869 529 935 565 811 498 903 548 961 579 569 367 974 586 911 552 497 328 626 399 960 579
88 20 8240 601 385 797 491 912 553 977 588 925 560 983 591 683 429 907 550 684 430 759 470 834 511 955 576 810 498 964 581 859 524 801 493 795 489 950 573 734 457 551 358
89 20 8106 918 556 1000 600 794 489 645 409 998 599 760 471 827 507 805 495 819 502 865 527 533 348 830 509 636 403 894 543 716 447 935 565 979 589 888 540 475 317 895 543
90 20 8378 955 576 675 425 948 572 956 577 847 517 927 561 858 523 954 576 891 541 769 476 660 417 495 327 780 482 901 547 771 477 849 519 795 489 934 565 881 536 911 552
91 20 7985 692 434 997 599 968 583 980 589 784 484 621 396 579 373 665 420 740 460 944 570 975 587 758 469 718 448 843 515 791 487 853 521 935 565 974 586 193 164 961 579
92 20 8433 785 484 976 587 845 516 733 456 875 533 943 570 590 379 760 471 993 596 896 544 975 587 894 543 951 574 963 580 916 555 659 416 474 316 819 503 844 516 975 587
93 20 8741 649 411 938 567 975 587 883 537 918 556 972 585 978 589 630 401 975 587 907 550 837 512 993 596 764 473 908 551 1000 600 861 525 694 435 969 583 875 533 757 469
94 20 8155 939 568 915 554 876 533 840 514 839 514 630 401 782 483 975 586 854 522 550 357 936 565 862 526 743 461 930 562 877 534 669 422 782 482 711 444 809 497 791 487
95 20 7841 970 584 828 508 387 269 956 577 624 397 824 505 892 542 899 546 558 361 906 550 887 539 531 347 824 505 881 536 462 310 890 541 973 586 659 416 975 587 756 469
96 20 8817 744 462 820 503 999 600 894 543 937 566 786 485 785 484 853 521 967 582 797 491 962 580 875 533 954 575 848 518 632 402 970 584 951 574 1000 600 921 558 940 568
97 20 7735 735 457 871 531 896 544 914 554 814 500 494 327 801 493 650 411 533 348 378 264 715 446 948 572 920 557 899 546 992 596 373 261 933 564 654 413 965 581 985 592
98 20 8568 925 560 606 388 968 583 624 397 906 549 884 537 940 568 980 589 996 598 905 549 803 494 935 565 939 567 934 565 803 494 813 499 603 386 908 550 691 433 974 586
99 20 8332 958 578 819 502 585 376 811 498 734 457 987 593 812 498 999 600 859 524 734 457 908 551 811 498 548 356 796 490 919 556 851 520 747 463 940 568 853 521 994 597
100 20 8578 808 497 916 555 782 483 982 591 992 596 924 559 907 550 973 585 947 572 634 403 925 560 537 350 830 509 806 495 927 561 770 476 785 484 967 582 973 586 771 476
101 20 8543 770 476 938 567 439 297 893 542 770 476 984 592 914 554 991 595 894 543 785 484 969 583 851 520 899 546 875 533 766 474 962 580 910 552 944 570 880 535 652 412
102 20 8369 800 492 918 556 930 563 762 472 953 575 782 482 752 466 916 555 710 443 751 466 824 505 898 545 639 405 805 495 925 560 859 524 847 518 912 553 778 481 978 588
103 20 7969 872 531 691 434 870 530 943 570 848 518 883 537 999 600 960 579 895 543 938 567 974 586 760 471 967 583 731 455 718 448 773 478 912 553 241 190 770 476 193 165
104 20 8400 996 598 963 580 637 404 957 577 985 592 798 491 793 488 981 590 490 325 766 474 977 588 665 420 939 567 739 459 761 471 699 438 994 597 988 594 902 547 771 477
105 20 8235 870 530 404 279 768 475 552 358 992 596 917 556 997 598 824 505 960 578 609 389 971 585 977 588 872 531 896 544 872 531 837 512 897 544 743 461 583 375 930 562
106 20 7873 722 450 589 378 809 497 954 576 785 484 936 566 670 422 851 520 880 535 388 270 970 584 998 599 946 571 999 600 700 438 865 528 428 291 771 476 899 546 587 377
107 20 8531 777 480 866 528 906 549 755 468 853 521 885 538 944 570 596 382 803 494 908 551 707 442 835 511 926 560 719 448 861 525 996 598 942 569 987 593 923 558 873 532
108 20 8274 784 484 858 524 968 583 915 554 872 531 906 549 541 352 909 551 728 453 660 417 935 565 669 422 700 438 843 516 848 518 847 517 941 568 996 598 835 511 794 489
109 20 8776 971 585 962 580 724 451 814 500 832 509 567 366 882 536 989 594 969 583 941 568 769 476 670 422 959 578 985 592 981 590 879 535 787 485 999 599 903 548 970 584
110 20 7982 550 357 884 538 895 544 771 477 975 587 910 552 673 424 910 552 744 462 785 484 456 306 809 497 870 530 988 594 941 569 938 567 679 427 574 370 707 442 905 549
111 20 8726 826 506 863 526 786 485 700 438 914 554 768 475 889 540 984 592 946 571 910 552 596 382 986 593 675 425 985 592 980 590 973 586 910 552 919 557 880 535 962 579
112 20 8045 701 439 671 423 759 470 808 497 675 425 979 589 742 461 892 542 726 452 846 517 719 448 974 586 948 572 610 389 916 555 393 273 829 508 979 589 925 560 999 600
113 20 8692 601 385 836 512 933 564 692 434 993 596 869 529 899 546 930 562 999 600 842 515 953 575 991 595 989 594 999 600 897 544 666 420 639 406 982 590 994 597 680 427
114 20 8455 836 512 877 534 894 543 1000 600 909 551 579 373 875 533 654 413 565 365 973 586 939 567 891 541 635 403 934 565 908 551 994 597 830 509 915 554 753 467 950 573
115 20 8593 889 540 918 556 948 572 844 516 787 485 951 574 996 598 701 439 412 283 975 587 982 591 742 461 862 526 925 560 778 480 979 589 664 419 915 554 933 564 986 593
116 20 7760 937 566 881 536 623 397 954 576 974 586 688 432 954 575 996 598 512 337 923 558 979 589 643 408 515 338 709 443 753 467 763 472 519 341 773 478 571 369 853 521
117 20 8126 749 465 785 484 570 368 818 502 964 581 662 418 980 590 966 582 903 548 959 578 990 595 418 286 918 556 850 519 871 530 544 354 910 551 898 545 913 553 585 376
118 20 8296 994 597 987 593 991 595 634 403 931 563 975 587 786 485 893 542 509 335 872 531 902 547 552 358 823 505 687 431 811 498 932 564 784 484 913 553 953 575 664 419
119 20 8843 988 594 977 588 885 538 621 396 826 506 942 569 627 399 820 503 993 597 792 488 914 554 925 560 929 562 923 559 978 589 847 518 867 528 976 587 882 536 974 586
120 20 8478 758 470 982 591 870 530 742 461 785 484 933 564 966 582 810 498 835 511 586 377 799 492 998 599 955 576 974 586 729 454 616 393 954 575 813 499 981 590 870 530
121 20 8503 907 550 765 473 613 391 973 586 967 582 851 520 941 568 841 514 908 551 989 594 988 594 596 382 837 512 474 316 980 590 967 582 928 562 893 542 758 470 830 508
122 20 8567 904 548 956 576 771 476 670 422 973 586 880 536 763 472 864 527 923 559 789 486 995 597 778 480 763 472 992 596 846 517 809 497 943 569 707 442 866 528 943 569
123 20 8263 493 327 657 415 994 597 514 338 992 596 821 503 925 560 734 456 838 513 928 561 998 599 650 411 657 415 939 567 767 474 936 566 972 585 835 511 986 593 891 542
124 20 8474 909 551 577 372 914 554 787 485 986 593 865 528 755 468 986 593 910 552 627 399 924 559 985 592 754 467 829 508 990 595 751 466 675 424 983 591 824 505 917 555
125 20 9099 901 547 857 523 835 511 862 526 996 598 878 534 867 528 975 587 977 588 978 588 753 467 890 541 977 588 830 508 987 593 880 535 980 590 922 558 858 523 996 598
126 20 8111 937 566 452 305 928 562 929 562 898 545 751 466 875 533 975 587 963 580 829 508 812 499 821 504 452 304 956 577 510 336 764 473 885 538 925 560 942 569 619 395
127 20 7540 972 585 842 515 655 414 730 454 909 551 793 489 931 563 659 416 763 472 656 415 750 465 907 550 571 369 508 335 800 492 841 514 170 152 889 540 917 556 817 502
128 20 7817 771 477 679 427 898 545 707 442 926 560 837 512 820 503 764 473 910 552 650 411 684 429 915 554 928 561 822 504 898 545 718 448 589 378 922 558 421 287 775 479
129 20 8798 849 519 900 546 980 590 873 532 984 592 936 566 893 542 897 544 781 482 724 451 817 502 690 433 862 526 843 515 858 524 977 588 938 567 988 594 821 503 986 592
130 20 7770 871 530 996 598 751 466 718 448 805 495 533 348 743 462 967 582 928 561 985 592 916 555 437 296 877 534 998 599 578 372 644 408 356 252 809 497 928 561 701 439
131 20 8607 736 458 884 538 935 565 825 506 782 482 877 534 836 512 687 431 863 526 960 578 890 541 886 539 680 427 919 556 898 545 859 524 943 570 940 568 912 552 903 548
132 20 8450 930 562 953 575 806 495 653 413 953 575 989 594 949 572 942 569 950 573 955 576 842 515 615 393 986 592 982 590 453 305 795 490 809 497 713 445 842 515 783 483
133 20 8540 842 515 930 562 904 549 757 469 929 562 941 568 734 457 794 489 808 497 988 594 799 492 803 494 902 547 926 560 941 568 924 559 943 570 977 588 423 289 816 501
134 20 8836 704 440 918 556 982 591 898 545 554 359 986 593 823 505 986 593 904 549 901 547 916 555 883 537 857 523 942 569 934 565 848 518 944 570 958 578 831 509 903 548
135 20 8314 562 364 722 450 743 461 853 521 987 593 873 531 792 488 634 403 828 507 802 493 839 513 928 561 833 510 746 463 949 573 996 598 948 572 959 578 909 551 725 452
136 20 8275 745 463 850 519 749 465 620 395 988 594 750 465 968 583 909 551 863 526 707 442 862 526 988 594 840 514 990 595 752 466 237 188 930 563 854 522 986 592 963 580
137 20 8206 695 435 588 378 702 439 927 561 964 581 997 599 892 542 755 468 973 586 836 512 740 460 774 478 813 499 967 583 953 575 581 374 847 518 673 424 879 535 857 523
138 20 8221 934 565 775 479 863 526 445 301 764 473 806 496 934 565 960 579 928 561 893 542 511 336 690 433 996 598 944 570 947 572 729 454 710 444 842 515 886 539 885 538
139 20 8509 914 554 948 572 891 541 812 499 951 574 680 428 748 464 593 381 922 558 802 493 800 492 913 553 958 577 935 565 862 526 935 565 827 507 980 589 784 484 763 472
140 20 8695 854 522 988 594 866 528 931 563 861 525 972 585 814 500 951 574 950 573 983 591 820 503 770 476 832 509 716 447 816 501 602 385 838 513 965 581 947 571 915 554
141 20 8108 953 575 994 597 575 371 903 548 756 468 718 448 942 569 884 538 927 561 933 564 989 594 815 500 895 544 992 596 894 543 633 402 542 353 768 475 649 411 454 305
142 20 8302 917 555 828 507 866 528 591 379 588 378 768 475 973 586 961 579 996 598 845 516 956 576 850 519 900 546 967 582 810 497 430 292 614 392 824 505 987 593 934 565
143 20 8324 814 500 810 498 903 548 804 494 973 586 681 428 928 561 886 539 841 514 912 553 984 592 792 488 890 541 842 515 932 563 628 399 760 471 591 379 710 443 967 582
144 20 7932 582 374 987 593 723 451 618 394 826 506 977 588 787 485 992 596 846 517 759 470 825 506 402 278 888 540 759 470 694 435 860 524 688 432 993 597 983 591 676 425
145 20 8803 877 534 961 579 996 598 837 512 858 524 750 465 725 452 595 381 796 490 990 595 897 545 932 563 998 599 845 517 993 597 915 555 939 568 885 538 995 598 823 505
146 20 8484 481 320 586 377 987 593 994 597 957 577 942 569 825 506 999 600 910 552 888 540 980 589 374 262 998 599 971 584 665 419 891 541 920 557 858 524 990 595 752 466
147 20 7889 809 497 970 584 992 596 584 376 859 524 682 428 804 495 963 580 853 521 854 521 681 428 976 587 882 536 719 448 456 306 717 447 793 488 919 556 633 402 632 402
148 20 7982 828 507 946 571 859 524 621 395 836 512 789 486 513 337 898 545 829 508 815 500 780 482 724 451 974 586 669 421 590 379 814 500 887 539 919 556 928 562 745 463
149 20 8183 997 599 901 547 820 503 820 503 955 576 674 424 842 515 870 530 853 521 372 261 979 589 860 525 784 483 652 412 666 420 903 548 999 600 546 355 880 536 994 597
150 20 8461 722 450 741 461 853 521 770 476 945 570 801 493 872 531 867 528 917 555 742 461 685 430 845 517 838 513 586 377 941 568 893 542 940 568 983 591 998 599 984 592
151 20 8488 722 450 793 488 791 488 985 592 945 571 834 510 959 578 533 348 996 598 990 595 832 510 957 577 439 298 960 578 939 567 910 552 989 595 986 593 864 527 552 358
152 20 8437 736 457 899 546 981 590 842 515 818 502 968 583 574 370 815 500 999 600 425 290 915 554 738 459 733 456 940 568 974 586 825 506 926 560 934 565 984 592 849 519
153 20 8714 896 544 971 584 812 499 971 584 813 499 576 371 983 591 976 587 894 543 853 521 852 520 696 436 919 556 783 483 893 543 882 536 903 548 851 520 963 580 941 568
154 20 8262 873 532 855 522 824 505 920 557 951 574 938 567 769 475 762 472 865 527 951 574 942 569 863 526 963 580 880 535 257 199 731 455 849 519 814 500 632 402 886 539
155 20 8312 954 575 953 575 969 583 818 502 685 430 917 555 990 595 551 358 835 511 577 372 931 563 475 317 985 592 864 527 936 566 876 533 652 413 940 568 785 484 931 563
156 20 8233 869 530 917 555 892 542 959 578 753 467 746 463 916 555 617 393 756 469 956 576 819 503 983 591 960 579 997 599 909 551 826 506 293 219 566 366 952 574 781 482
157 20 8618 921 558 969 584 977 588 721 450 631 401 987 593 555 360 814 500 813 499 981 590 898 545 957 577 996 598 807 496 899 546 733 456 897 545 992 596 938 567 751 466
158 20 8347 975 587 788 486 819 502 679 427 950 573 901 547 998 599 960 578 946 571 642 407 865 527 966 582 967 583 701 439 959 578 318 232 771 477 702 439 939 567 849 519
159 20 8974 650 411 914 554 991 595 922 558 759 470 980 590 689 432 950 573 834 511 977 588 990 595 979 589 945 571 888 540 822 504 991 595 879 535 993 596 927 561 868 529
160 20 8403 488 324 899 545 884 538 903 548 913 553 890 541 968 583 970 584 974 586 993 597 979 589 753 467 501 331 990 595 948 572 775 479 709 443 813 499 872 531 584 376
161 20 8374 913 553 497 328 864 527 615 392 929 562 971 584 959 578 908 551 756 469 839 513 814 500 842 515 910 552 750 465 817 501 863 526 905 549 848 518 790 487 959 578
162 20 8255 952 574 915 554 918 556 759 470 847 517 816 501 650 411 787 485 733 456 806 495 796 490 853 521 777 480 838 513 880 535 829 508 764 473 788 486 859 524 944 570
163 20 8069 846 517 885 538 800 492 856 522 995 597 461 309 977 588 920 557 975 587 910 552 752 466 535 349 809 497 920 557 520 341 804 494 648 410 948 572 653 413 924 559
164 20 8481 979 589 877 534 734 456 835 511 742 461 600 384 901 547 705 441 870 530 596 382 960 579 844 516 965 581 975 587 998 599 766 474 919 557 893 543 831 509 972 585
165 20 8423 753 467 836 512 757 469 932 563 711 444 963 580 934 564 884 538 963 580 831 509 849 519 609 389 971 585 855 522 974 586 759 470 878 534 748 464 684 429 955 576
166 20 8316 953 575 893 542 981 590 762 472 936 566 974 586 635 403 725 452 701 439 796 490 893 542 706 442 907 550 989 594 933 564 845 517 820 503 536 350 742 461 906 550
167 20 8073 829 508 658 416 849 519 771 476 879 535 985 592 490 325 958 578 871 531 935 565 535 349 944 570 639 405 776 479 857 523 996 598 1000 600 829 508 700 438 645 408
168 20 8525 986 593 929 562 813 499 661 417 976 587 827 507 737 458 947 571 830 508 975 587 957 577 350 249 910 551 908 550 951 574 420 287 998 599 934 565 964 581 977 588
169 20 8105 751 466 969 583 463 310 892 542 945 570 862 526 892 542 923 559 851 520 965 581 787 485 502 331 942 569 706 442 792 488 775 479 796 490 941 568 837 512 619 395
170 20 8155 757 469 977 588 902 548 824 505 909 551 449 303 945 570 621 396 879 535 941 568 985 592 888 540 930 563 961 579 429 292 874 532 557 361 660 417 923 559 900 546
171 20 9032 978 589 950 573 918 556 832 509 989 594 898 545 900 546 857 523 983 591 926 560 914 554 883 537 999 600 979 589 842 515 892 542 975 587 814 500 680 427 855 522
172 20 8525 962 580 853 521 940 568 936 565 908 551 888 540 920 557 864 527 958 578 758 469 581 374 846 517 809 497 872 531 535 349 749 464 919 557 957 577 882 536 914 554
173 20 8075 757 469 896 544 670 422 858 523 624 397 973 586 761 471 883 537 553 359 797 491 883 537 969 583 991 595 656 414 950 573 937 566 899 546 562 364 843 515 689 432
174 20 8467 968 583 811 498 833 510 868 529 717 448 547 355 949 573 884 538 887 539 875 533 979 589 916 555 921 557 995 597 878 535 730 455 947 572 730 455 848 518 651 412
175 20 8548 914 554 933 564 925 560 462 310 978 589 679 427 936 566 930 562 958 578 753 467 977 588 788 486 934 565 897 544 874 532 746 463 956 577 580 374 981 590 896 544
176 20 8541 577 372 754 468 424 289 989 594 862 526 932 564 885 538 977 588 966 582 770 476 808 497 992 596 559 362 993 596 942 569 903 548 979 589 996 598 833 510 941 568
177 20 7995 714 446 707 442 977 588 887 539 936 565 889 540 965 581 983 591 606 388 827 507 855 522 522 342 707 442 878 534 600 384 604 386 611 390 850 519 993 596 880 535
178 20 8299 746 463 931 563 973 586 653 413 668 421 923 559 807 496 958 577 917 555 963 580 867 528 923 558 866 528 989 594 849 519 773 478 907 550 670 422 734 457 482 320
179 20 8267 455 306 990 595 876 533 857 523 937 566 985 592 847 518 710 443 852 520 817 501 946 571 752 466 783 483 681 428 591 379 846 517 899 546 965 581 878 534 867 528
180 20 8097 702 439 597 383 855 522 939 567 880 535 709 443 858 524 903 548 648 410 953 575 963 580 848 518 661 417 888 540 920 557 700 438 926 560 652 412 660 417 933 564
181 20 8840 825 506 710 444 975 587 973 585 997 599 655 414 991 596 958 578 928 561 873 532 614 392 974 586 922 558 960 578 950 573 961 579 631 401 877 534 945 571 961 579
182 20 8321 898 545 668 421 609 389 800 492 537 350 464 311 870 530 856 523 930 563 976 587 954 575 993 597 765 473 499 330 985 592 950 573 1000 600 921 558 975 587 993 597
183 20 8157 717 447 720 449 889 540 871 530 787 485 617 393 920 557 835 511 811 498 775 478 988 594 655 414 582 374 960 579 947 572 801 493 786 485 783 483 998 599 873 532
184 20 8961 908 550 882 537 959 578 934 564 842 515 964 581 985 592 989 594 806 495 985 592 906 549 730 455 992 596 837 512 899 546 955 576 957 577 593 381 875 533 924 559
185 20 8745 939 567 900 546 873 531 805 495 934 564 708 443 822 504 935 565 785 484 852 520 968 583 918 556 720 449 852 520 836 512 949 572 899 546 881 536 965 581 949 573
186 20 7754 852 520 715 447 966 582 838 513 725 452 629 400 485 322 996 598 941 569 514 338 957 577 584 376 867 528 831 509 985 592 718 448 625 398 838 513 626 398 816 501
187 20 8009 940 568 836 511 794 489 508 334 570 368 741 461 569 367 874 532 938 567 705 441 743 461 725 452 948 572 954 576 888 540 807 496 867 528 715 446 931 563 965 582
188 20 8642 991 596 846 517 713 445 967 583 821 503 842 515 968 583 776 479 988 594 936 566 944 570 772 477 947 572 890 541 517 340 963 580 955 576 958 578 779 481 711 444
189 20 8374 724 451 902 547 962 580 809 497 741 460 926 560 708 442 939 567 393 272 727 453 978 588 938 567 865 527 969 583 839 513 986 593 933 564 891 541 816 501 703 440
190 20 8574 820 503 767 475 789 486 934 565 904 548 431 293 939 567 924 559 955 576 824 505 792 488 863 526 897 545 1000 600 731 455 802 493 904 549 910 552 966 582 997 599
191 20 8346 910 551 787 485 795 489 929 562 987 593 753 467 774 478 878 535 992 596 738 459 954 575 963 580 512 337 981 590 668 421 958 577 728 453 933 564 738 459 715 446
192 20 7988 701 439 910 552 758 470 780 481 719 449 964 581 976 587 720 449 819 503 849 519 869 529 977 588 503 332 623 397 513 337 829 508 866 528 964 581 938 567 698 437
193 20 8277 996 598 877 534 543 354 755 468 916 555 792 488 901 547 917 556 538 351 917 556 968 583 829 508 877 534 682 428 645 408 812 499 876 533 1000 600 826 506 887 539
194 20 8534 911 552 943 570 865 527 856 523 776 479 964 581 644 408 580 373 821 503 995 598 652 412 886 538 972 585 984 592 940 568 455 306 993 597 934 565 946 571 952 574
195 20 8220 509 335 807 496 824 505 999 600 710 444 976 587 742 461 891 541 883 537 554 359 764 473 802 493 922 558 981 590 876 533 940 568 766 474 779 481 932 563 783 483
196 20 8085 991 595 942 569 865 528 821 504 711 444 871 530 649 411 760 471 871 530 598 383 957 577 696 436 823 505 804 494 674 424 893 543 550 357 874 532 984 592 836 512
197 20 8123 982 590 870 530 410 282 966 582 287 215 647 410 927 561 802 493 955 576 862 525 914 554 627 399 971 584 985 592 855 522 968 583 882 537 707 442 814 500 816 501
198 20 8668 786 485 801 493 992 596 606 387 825 506 980 590 988 594 800 492 737 458 862 526 908 551 840 514 931 563 988 594 702 439 927 561 721 450 973 586 995 598 975 587
199 20 8814 569 368 674 424 994 597 884 538 946 571 891 541 936 566 911 552 910 552 885 538 931 563 913 553 978 589 876 533 965 582 940 568 880 535 941 568 782 482 822 504
200 20 8774 968 583 961 579 776 479 996 598 922 558 959 578 660 417 662 418 938 567 912 553 845 516 724 451 984 591 986 592 885 538 963 580 896 544 742 461 889 540 880 536
201 20 8885 970 584 841 514 970 584 908 551 974 586 946 571 900 546 541 353 818 502 989 594 855 522 961 579 843 515 964 581 909 551 762 472 864 527 947 572 836 512 973 585
202 20 8399 954 575 989 595 871 530 674 424 949 573 760 471 968 583 753 467 731 455 567 366 821 503 966 582 496 328 982 591 981 590 945 570 851 520 859 524 931 563 750 465
203 20 7906 881 536 508 334 970 584 981 590 725 452 556 361 833 510 659 416 784 483 913 553 523 342 655 414 813 499 949 572 847 518 826 506 842 515 850 519 699 438 999 600
204 20 8410 955 576 654 414 973 586 666 420 749 465 768 475 755 468 958 578 893 542 984 592 793 489 955 576 926 560 998 599 946 571 838 513 943 569 962 580 344 246 760 471
205 20 8898 959 578 910 552 976 587 747 463 670 422 938 567 995 598 949 572 937 566 850 519 785 484 990 595 821 504 967 582 963 580 797 490 868 529 815 501 911 552 948 572
206 20 8178 829 508 884 538 813 499 939 567 964 581 964 581 810 498 888 540 691 433 867 529 965 581 935 565 885 538 735 457 786 485 408 281 598 383 573 370 966 582 857 523
207 20 8927 846 517 915 554 960 578 840 514 987 593 990 595 627 399 984 592 985 592 996 598 891 541 959 578 954 575 893 542 934 564 844 516 812 499 851 520 762 472 824 505
208 20 8616 967 583 998 599 676 425 870 530 645 409 978 588 776 479 889 540 965 581 902 547 838 513 956 577 892 542 677 426 998 599 642 407 867 529 946 571 824 505 927 561
209 20 8355 652 412 993 596 750 465 907 550 974 586 106 117 935 565 970 584 551 358 960 578 926 560 946 571 907 550 980 589 962 580 633 402 928 562 861 525 779 481 991 595
210 20 8150 992 596 709 443 872 531 861 525 931 563 422 288 883 537 887 539 814 500 882 537 999 600 872 531 625 398 963 580 793 488 806 495 703 440 488 324 850 519 948 572
211 20 8560 863 526 740 460 923 559 887 539 889 540 902 547 983 591 723 450 821 503 885 538 959 578 824 505 814 500 972 585 947 572 871 531 801 493 840 514 627 399 849 518
212 20 8405 680 428 995 598 893 543 716 447 971 584 520 341 859 524 988 594 877 534 678 427 909 551 560 363 968 583 807 496 908 550 754 468 950 573 966 582 849 519 963 580
213 20 8243 801 493 614 392 834 511 980 589 920 557 950 573 802 493 797 491 740 460 890 541 921 557 640 406 966 582 823 505 640 406 907 550 770 476 732 456 843 516 917 555
214 20 9088 903 548 940 568 879 535 925 560 968 583 897 545 847 518 933 564 864 527 991 595 928 561 966 582 841 514 843 516 967 582 865 528 878 534 866 528 995 598 880 535
215 20 8422 933 564 905 549 666 420 984 592 854 521 957 577 956 576 744 462 804 495 971 584 884 537 979 589 677 426 883 537 862 526 942 569 801 493 802 493 651 412 590 379
216 20 8523 912 553 840 514 555 360 979 589 833 510 976 587 597 382 996 598 816 501 866 528 984 591 863 526 849 519 857 523 983 591 828 507 949 573 964 581 478 318 921 558
217 20 8642 794 489 990 595 820 503 955 576 951 574 958 577 780 481 957 577 977 588 848 518 753 467 940 568 888 540 754 467 767 474 794 489 795 489 952 574 779 481 832 510
218 20 8254 702 439 967 582 726 452 849 519 897 544 943 569 891 541 896 544 852 520 905 549 586 377 978 588 873 531 872 531 872 531 835 511 891 541 546 355 701 439 726 452
219 20 8024 777 480 768 475 852 520 884 538 547 355 855 522 925 560 601 385 966 582 676 425 794 489 686 431 728 453 754 467 692 434 865 527 967 582 1000 600 757 469 955 576
220 20 8165 917 555 468 313 693 434 925 559 995 598 335 241 929 562 886 539 791 487 740 460 937 566 847 518 596 382 846 517 910 551 816 501 895 544 951 574 956 576 898 545
221 20 8379 679 427 938 567 936 566 743 461 842 515 975 587 853 521 669 422 955 576 834 510 989 594 723 451 812 498 891 541 816 501 269 206 956 576 888 540 997 599 994 597
222 20 8716 934 564 972 585 979 589 756 468 972 585 910 552 943 570 849 519 989 594 938 566 860 525 500 330 741 461 973 586 730 455 971 585 880 535 943 570 982 590 610 390
223 20 7799 733 456 747 464 943 569 839 513 469 313 971 585 962 580 694 435 697 437 890 541 511 336 844 516 696 436 917 556 891 541 756 469 575 371 640 406 890 541 933 564
224 20 8299 954 575 855 522 687 431 661 417 986 593 607 388 852 520 848 518 925 560 878 534 858 524 774 478 923 559 813 499 829 508 947 572 719 448 1000 600 691 433 791 487
225 20 8412 972 585 708 443 969 583 540 352 600 384 855 522 922 558 793 488 714 446 765 474 948 572 922 558 989 594 832 510 955 576 833 510 734 457 927 561 967 582 879 535
226 20 7958 853 521 912 553 613 391 919 556 948 572 685 430 860 524 951 574 681 428 857 523 505 333 818 502 605 387 891 541 970 584 644 408 835 511 806 496 999 600 564 365
227 20 8727 910 552 811 498 974 586 778 480 990 595 941 568 550 357 953 575 970 584 977 588 807 496 968 583 757 469 972 585 976 587 777 480 831 509 995 598 598 383 919 557
228 20 8183 888 540 971 585 836 512 932 564 781 482 834 511 827 507 936 565 740 460 697 437 688 432 854 521 975 587 867 529 651 412 944 570 775 479 847 518 895 543 429 292
229 20 8238 948 572 839 513 987 593 949 573 503 332 987 593 723 451 758 470 815 500 527 345 823 504 993 597 950 573 334 241 950 573 995 598 819 502 891 541 806 495 879 535
230 20 8647 995 598 980 590 955 576 772 477 878 534 710 444 838 513 836 511 802 493 890 541 858 523 962 580 875 533 990 595 750 465 915 554 928 561 774 478 828 507 759 470
231 20 8039 751 466 924 559 509 335 656 414 982 591 934 564 789 486 816 501 723 451 958 578 671 423 747 464 870 530 957 577 884 537 741 461 749 465 924 559 851 520 642 407
232 20 7779 842 515 795 490 776 479 747 464 782 482 988 594 995 598 936 566 861 525 919 557 930 563 937 566 964 581 762 472 604 386 879 535 425 290 828 507 225 182 363 256
233 20 8207 697 436 592 380 963 580 934 564 989 594 907 550 646 409 919 556 679 427 670 422 738 458 807 496 773 477 920 557 999 599 770 476 890 541 608 389 924 559 989 594
234 20 7857 662 418 810 498 627 399 566 366 937 566 993 597 880 536 676 425 875 533 725 452 946 571 897 544 755 468 732 455 921 558 727 453 697 437 868 529 505 333 916 555
235 20 8023 997 599 694 435 984 592 987 593 908 551 877 534 656 415 428 291 859 524 917 555 615 392 594 381 683 429 973 586 703 440 933 564 980 589 702 439 762 472 794 489
236 20 8216 880 535 962 580 990 595 606 387 998 599 980 589 786 485 816 501 898 545 909 551 822 504 403 278 839 513 961 579 750 465 463 310 854 521 835 511 860 524 821 503
237 20 8053 907 550 987 593 739 459 968 583 958 577 751 466 436 296 984 591 837 512 982 590 781 482 875 533 461 309 673 423 426 290 943 570 991 596 722 450 981 590 704 441
238 20 8010 609 389 858 524 819 502 770 476 746 463 925 560 925 560 444 300 915 554 958 578 995 598 944 570 544 354 708 442 599 384 760 471 888 539 934 565 959 578 721 450
239 20 8787 857 523 803 494 898 545 905 549 902 547 1000 600 980 589 882 536 759 470 942 569 757 469 799 492 684 430 937 566 980 589 976 587 968 583 899 546 909 551 738 459
240 20 8271 961 579 916 555 787 485 930 563 370 260 773 478 890 541 867 528 917 555 453 305 873 532 944 570 867 528 937 566 772 477 948 572 788 486 803 494 894 543 852 521
241 20 8436 889 540 877 534 992 596 916 555 860 525 462 310 911 552 962 579 926 560 874 532 958 578 972 585 742 461 888 540 968 583 680 427 979 589 714 446 852 520 451 304
242 20 8203 818 502 973 585 879 535 583 375 891 542 873 532 867 528 831 509 820 503 453 305 920 557 973 585 858 523 788 486 989 594 825 506 847 518 890 541 769 476 559 362
243 20 8566 943 569 997 599 912 552 949 573 914 554 938 567 914 554 607 388 899 546 707 442 720 449 931 563 891 541 989 594 830 508 521 342 790 487 929 562 944 570 808 496
244 20 7827 665 419 707 442 776 480 811 498 987 593 914 554 652 412 925 560 965 581 677 426 945 571 839 513 504 333 587 377 925 560 851 520 501 331 716 447 841 515 867 528
245 20 8541 908 551 940 568 1000 600 854 521 812 499 996 598 692 434 896 544 817 501 827 507 964 581 731 455 702 439 932 563 976 587 841 515 663 418 1000 600 633 402 899 546
246 20 8603 923 559 421 288 953 575 898 545 891 541 960 578 916 555 690 433 894 543 983 591 997 599 796 490 652 412 938 567 891 541 982 591 835 511 996 598 995 597 596 382
247 20 8796 962 580 835 511 850 519 872 531 944 570 966 582 957 577 933 564 944 570 758 469 958 577 710 444 995 598 624 397 936 565 845 516 848 518 997 599 710 444 948 572
248 20 7771 882 536 678 426 697 437 482 320 786 484 759 470 992 596 988 594 900 546 492 326 993 596 606 388 1000 600 810 498 597 383 902 547 537 350 716 447 972 585 753 467
249 20 8161 799 492 925 560 506 334 625 398 295 219 988 594 862 526 901 547 857 523 923 559 974 586 865 527 990 595 937 566 618 394 872 531 990 595 732 455 950 573 713 445
250 20 8363 833 510 890 541 991 595 851 520 875 533 726 452 868 529 641 406 621 395 848 518 911 552 573 370 761 471 889 540 942 569 826 506 940 568 984 591 931 563 825 506
251 20 8434 888 540 770 476 974 586 887 539 844 516 733 456 903 548 646 409 864 527 760 471 877 534 983 591 985 592 999 600 946 571 760 471 948 572 714 446 986 593 402 277
252 20 8142 971 585 919 556 827 507 795 490 776 479 863 526 984 591 703 440 837 512 698 437 866 528 633 402 761 471 954 576 910 552 703 440 814 500 896 544 609 389 766 474
253 20 8029 982 591 932 564 896 544 897 545 531 347 697 436 771 476 642 407 958 578 880 535 832 510 932 564 674 424 732 456 827 507 981 590 562 364 740 460 691 434 901 547
254 20 7862 503 332 736 458 870 530 856 522 527 345 986 593 817 501 792 488 597 383 998 599 901 547 757 469 969 583 644 408 845 517 812 499 968 583 914 554 648 410 584 375
255 20 8257 516 339 919 556 981 590 975 587 791 487 753 467 674 424 698 437 997 598 632 402 676 425 926 560 770 476 935 565 885 538 771 477 953 575 995 597 996 598 671 423
256 20 8254 845 517 862 526 902 548 780 481 961 579 886 538 891 542 871 531 752 466 958 577 622 396 612 391 920 557 821 504 745 462 895 544 935 565 912 553 458 307 880 536
257 20 8218 854 521 764 473 581 374 904 548 896 544 805 495 650 411 818 502 995 597 844 516 976 588 881 536 786 484 682 428 893 542 850 519 829 508 812 499 798 491 818 502
258 20 8150 751 466 883 537 976 587 768 475 959 578 725 452 392 272 755 468 979 589 961 579 786 485 927 561 596 382 940 568 499 329 875 533 683 429 985 592 863 526 998 599
259 20 8134 814 500 779 481 950 573 772 477 791 487 954 575 946 571 821 503 983 591 815 500 364 257 855 522 780 482 654 413 846 517 577 372 845 517 918 556 960 579 844 516
260 20 8091 971 585 782 482 870 530 503 332 707 442 957 577 994 597 843 516 369 259 957 577 634 402 926 560 745 462 934 565 841 514 854 521 898 545 836 512 854 521 707 442
261 20 8379 771 476 717 448 863 526 953 575 717 448 664 419 960 579 970 584 857 523 751 466 910 552 403 278 973 585 872 531 983 591 899 545 929 562 949 573 984 592 634 402
262 20 8592 808 497 843 516 948 572 805 495 987 593 805 495 888 540 926 560 905 549 550 357 909 551 502 331 953 575 993 597 955 576 948 572 825 505 944 570 820 503 871 531
263 20 8253 867 529 812 499 696 436 693 434 932 564 848 518 995 598 925 560 823 505 927 561 964 581 721 449 819 503 593 381 526 344 877 534 875 533 998 599 967 583 648 410
264 20 8160 961 579 747 464 698 437 803 494 753 467 911 552 574 370 342 245 974 586 495 327 875 533 945 571 975 587 771 477 914 554 921 557 916 555 800 492 998 599 947 572
265 20 8447 506 334 877 534 895 544 945 571 766 474 888 540 957 577 833 510 860 525 943 569 936 566 618 394 829 508 928 561 924 559 937 566 834 511 971 584 960 579 487 323
266 20 8629 768 475 903 548 844 516 942 569 850 519 968 583 880 535 861 525 718 448 944 570 718 448 942 569 931 563 793 489 878 535 869 530 969 583 874 532 996 598 610 390
267 20 7779 745 463 866 528 986 593 674 424 746 463 842 515 598 383 808 496 996 598 890 541 459 308 904 548 541 352 903 548 292 218 946 571 866 528 850 519 776 479 870 530
268 20 8405 924 559 709 443 961 579 968 583 892 542 908 550 906 550 767 474 928 561 828 507 822 504 921 558 752 466 947 572 622 396 857 523 640 406 807 496 876 533 775 478
269 20 8436 930 562 968 583 600 384 866 528 610 390 949 573 779 481 827 507 717 448 961 579 972 585 956 576 837 512 898 545 841 514 850 519 665 419 992 596 835 511 820 503
270 20 7975 902 547 948 572 893 543 993 596 835 511 890 541 486 322 948 572 625 398 960 578 543 353 803 494 921 557 718 448 742 461 909 551 610 390 813 499 950 573 461 309
271 20 8584 714 446 910 551 990 595 998 599 778 480 775 479 894 543 967 583 972 585 776 479 703 440 827 507 479 319 974 586 905 549 894 543 941 569 867 528 966 582 839 513
272 20 8709 863 526 736 458 972 585 874 532 711 444 892 542 925 560 972 585 986 593 851 520 839 513 604 386 918 556 864 527 756 469 1000 600 871 531 868 529 988 594 928 561
273 20 8056 932 564 538 351 910 552 953 575 835 511 697 437 962 580 994 597 528 345 976 587 550 357 947 572 946 571 755 468 993 596 711 444 886 539 628 399 631 401 740 460
274 20 8730 746 463 940 568 962 580 991 596 986 592 961 579 788 486 813 499 729 454 694 435 519 340 861 525 944 570 908 550 978 588 957 577 822 504 976 587 984 591 902 547
275 20 8674 932 564 719 449 867 528 940 568 974 586 926 560 910 551 965 581 985 592 921 558 621 396 790 487 814 500 996 598 651 412 993 596 986 593 604 386 966 582 788 486
276 20 8395 932 564 968 583 860 524 990 595 760 471 749 465 850 519 662 418 892 542 951 574 805 495 630 400 750 465 987 593 907 550 657 415 950 573 930 563 803 494 758 469
277 20 8455 879 535 952 574 959 578 909 551 804 494 983 591 840 514 984 592 972 585 591 379 674 424 655 414 633 402 951 574 921 557 664 419 998 599 878 534 762 471 902 547
278 20 8557 963 580 936 566 933 564 949 573 973 586 926 560 976 587 486 323 673 423 978 589 785 484 957 577 883 537 954 575 779 481 846 517 935 565 498 329 710 444 975 587
279 20 8408 931 563 926 560 889 540 539 351 859 524 948 572 927 561 681 428 878 534 800 492 989 595 879 535 983 591 884 537 953 575 166 150 836 512 913 553 935 565 900 546
280 20 8414 671 423 966 582 695 436 899 546 852 521 657 415 992 596 776 479 941 569 796 490 940 568 932 564 603 386 580 373 996 598 925 560 840 514 968 583 816 501 983 591
281 20 7915 884 537 667 420 995 597 784 484 592 380 748 464 925 560 877 534 940 568 918 556 905 549 934 565 610 390 671 422 895 543 963 580 480 319 791 487 335 241 917 555
282 20 7767 846 517 768 475 796 490 709 443 913 553 928 561 536 350 823 505 622 396 917 555 469 314 654 413 968 583 825 506 893 542 950 573 758 470 435 295 879 535 846 517
283 20 8122 588 378 737 458 911 552 991 595 932 563 877 534 493 326 777 480 662 418 667 420 772 477 849 519 856 522 954 576 755 468 702 439 916 555 990 595 915 555 901 547
284 20 7724 854 521 795 490 769 475 894 543 1000 600 419 287 807 496 702 440 698 437 697 436 786 485 668 421 947 571 447 301 806 495 760 470 894 543 807 496 845 516 853 521
285 20 8146 677 426 988 594 221 180 991 596 904 548 825 506 958 578 729 454 813 499 781 482 904 548 954 575 944 570 963 581 570 368 820 503 723 451 847 518 859 524 821 503
286 20 8280 975 587 694 435 790 487 846 517 838 513 925 560 791 488 995 597 662 418 905 549 901 547 457 307 892 542 840 514 909 551 540 352 878 534 965 581 837 512 920 557
287 20 7772 964 581 520 341 934 565 688 432 803 494 887 539 877 534 970 584 797 491 507 334 972 585 646 409 903 548 883 537 701 439 751 466 573 370 764 473 564 365 841 514
288 20 8172 793 488 696 436 600 384 791 488 787 485 800 492 865 527 613 391 773 478 912 553 822 504 973 585 717 447 976 587 782 483 737 458 920 557 965 581 958 577 864 527
289 20 8724 650 411 941 569 802 493 949 573 950 573 863 526 911 552 984 591 964 581 962 580 919 557 896 544 868 529 850 519 981 590 609 389 854 521 911 552 920 557 664 419
290 20 8017 954 576 934 564 995 598 886 539 656 415 767 474 721 449 929 562 789 487 603 386 920 557 966 582 464 311 757 469 903 548 661 417 630 400 900 546 977 588 623 396
291 20 8530 917 556 930 562 875 533 952 574 786 484 876 533 897 545 931 563 708 442 876 534 879 535 958 577 784 483 675 425 791 488 716 447 758 469 904 548 898 545 950 573
292 20 8387 674 424 853 521 989 594 909 551 515 338 891 542 944 570 940 568 774 478 919 557 976 587 910 552 969 584 991 595 588 378 549 357 841 514 944 570 697 437 901 547
293 20 7906 801 493 892 542 842 515 679 427 918 556 490 325 528 345 990 595 616 393 901 547 857 523 698 437 966 582 719 449 996 598 938 567 757 469 820 503 940 568 465 311
294 20 8697 824 505 830 509 924 559 527 345 938 567 581 374 994 597 921 558 884 538 838 513 869 530 1000 600 859 524 893 543 959 578 997 599 939 567 964 581 956 576 698 437
295 20 8709 904 549 732 456 972 585 882 536 940 568 997 598 968 583 883 537 660 417 805 495 927 561 865 527 888 539 563 364 879 535 913 553 926 560 859 524 884 538 972 585
296 20 7990 720 449 961 579 904 548 932 564 968 583 853 521 694 435 905 549 896 544 719 449 631 401 632 401 649 411 982 590 567 366 551 358 903 548 908 551 801 493 804 494
297 20 7717 916 555 713 445 698 437 698 437 899 545 713 445 538 351 630 400 962 580 734 457 945 571 823 505 730 455 803 494 514 338 741 460 981 590 563 364 877 534 957 577
298 20 8073 599 384 967 582 919 556 927 561 545 355 843 515 774 478 736 457 986 592 803 494 406 280 822 504 799 491 942 569 580 374 961 579 710 443 963 580 926 560 939 567
299 20 8713 946 571 958 577 871 530 841 514 582 375 963 580 982 590 709 443 775 478 875 532 968 583 704 441 949 573 715 446 999 600 984 592 775 479 986 593 987 593 857 523
300 20 8254 755 468 860 525 947 572 968 583 945 570 819 502 708 443 725 452 865 527 923 558 765 473 674 424 421 287 990 595 857 523 816 501 727 453 944 570 990 595 809 497
301 20 8367 728 453 796 490 932 563 813 499 981 590 695 435 855 522 590 379 660 417 819 503 956 576 905 549 938 567 914 554 694 435 731 455 802 493 945 571 981 590 1000 600
302 20 8341 869 529 935 565 501 331 947 571 973 585 942 569 771 477 948 572 764 473 938 567 475 317 961 579 845 517 688 432 870 530 991 595 993 596 630 400 724 451 917 555
303 20 7914 904 548 328 237 623 397 813 499 645 409 956 576 579 373 792 488 919 557 669 422 620 395 918 556 821 504 982 591 872 531 749 465 900 546 924 559 967 582 847 518
304 20 8348 652 412 557 361 448 302 786 485 882 536 998 599 918 556 937 566 990 595 800 492 916 555 808 497 752 466 719 448 985 592 704 441 990 595 993 597 878 534 983 591
305 20 8289 550 357 931 563 846 517 820 503 981 590 944 570 965 581 996 598 857 523 738 459 495 327 670 422 947 572 804 494 525 344 984 591 892 542 850 519 824 505 959 578
306 20 8434 931 563 798 491 466 312 915 554 952 574 746 463 995 597 455 306 991 595 984 592 837 512 890 541 820 503 833 510 837 512 829 508 940 568 921 558 959 578 769 476
307 20 8170 641 406 716 447 1000 600 981 590 896 544 680 427 889 541 547 356 976 588 905 549 921 557 927 561 900 546 736 457 378 264 859 524 765 473 766 474 916 555 942 569
308 20 8426 978 588 786 485 1000 600 750 465 876 533 886 539 724 451 917 556 779 481 766 474 762 471 833 510 947 572 763 472 980 589 739 459 667 420 999 599 774 478 927 561
309 20 8232 970 584 933 564 941 569 919 557 495 327 823 505 659 416 847 518 943 570 944 570 872 531 798 491 986 593 706 441 953 575 497 329 612 391 1000 600 663 418 903 548
310 20 8235 955 576 754 467 855 522 625 398 617 394 832 510 924 559 940 568 854 521 743 461 997 599 714 446 923 559 796 490 690 433 588 378 908 551 989 594 832 509 934 565
311 20 7913 934 565 689 432 724 451 432 294 628 399 832 510 944 570 935 565 507 334 718 448 734 457 912 553 961 579 895 544 544 354 894 543 941 568 944 570 810 498 849 519
312 20 7647 402 277 692 434 678 427 831 509 987 593 853 521 353 251 960 578 538 351 921 557 993 597 941 568 820 503 528 345 872 531 722 450 882 536 813 499 881 536 627 399
313 20 8209 783 483 888 540 511 336 815 501 987 593 914 554 903 548 913 553 982 590 849 518 923 559 993 597 993 596 475 317 890 541 969 584 734 456 855 522 576 371 466 312
314 20 8697 915 554 984 591 823 505 994 597 915 555 921 557 858 524 896 544 941 568 695 435 955 576 927 561 958 578 663 418 713 445 970 584 808 497 839 513 718 448 902 547
315 20 8588 859 524 955 576 954 575 909 551 783 483 671 423 930 562 822 504 930 562 703 440 873 531 696 436 943 570 846 517 999 600 722 450 991 596 981 590 823 505 786 484
316 20 8571 911 552 814 500 988 594 804 494 928 562 626 398 913 553 993 596 950 573 463 310 993 596 974 586 880 535 752 466 920 557 634 402 955 576 867 528 874 532 904 549
317 20 8287 943 569 939 567 324 235 840 514 567 367 596 382 770 476 982 591 704 440 931 563 713 445 982 591 853 521 999 600 943 569 968 583 748 464 854 521 923 559 996 598
318 20 8382 640 406 945 570 979 589 943 570 790 487 994 597 874 532 949 573 595 381 920 557 636 404 806 496 871 530 864 527 949 573 918 556 894 543 1000 600 912 553 286 215
319 20 8435 810 498 902 547 922 558 978 589 738 459 863 526 916 555 918 556 937 566 994 597 612 391 924 559 750 465 945 571 746 463 896 544 836 511 835 511 448 302 900 546
320 20 8109 856 522 989 595 857 523 926 560 926 560 998 599 900 546 814 500 635 403 666 420 808 496 966 582 689 432 378 264 978 588 775 479 705 441 692 434 1000 600 661 417
321 20 7691 858 523 620 395 840 514 700 438 946 571 376 263 596 382 989 595 746 463 805 495 691 433 866 528 875 533 939 567 939 567 953 575 647 410 720 449 964 581 313 229
322 20 8205 910 551 765 473 975 587 768 475 724 451 975 587 744 462 753 467 944 570 936 566 864 527 452 304 899 546 741 460 411 282 917 555 882 537 926 560 954 575 871 531
323 20 8802 966 582 801 493 590 379 898 545 920 557 897 544 969 584 824 505 980 589 933 564 827 507 961 579 954 575 986 593 938 567 859 524 823 505 891 541 848 518 739 459
324 20 8762 577 372 935 565 940 568 997 599 923 559 982 591 883 537 323 234 965 582 923 559 898 545 859 524 979 589 890 541 959 578 942 569 897 545 954 575 891 541 808 496
325 20 8730 774 478 938 567 811 498 977 588 845 516 942 569 922 558 621 396 1000 600 961 579 713 445 808 497 862 526 904 548 963 580 987 593 929 562 679 427 841 514 984 592
326 20 7761 968 583 945 571 817 501 867 528 573 369 938 567 641 406 880 535 647 410 837 512 710 443 851 520 815 500 302 223 885 538 976 587 766 474 428 291 742 461 934 565
327 20 8319 963 580 734 457 959 578 927 561 727 453 884 537 914 554 641 407 855 522 908 551 996 598 918 556 764 473 804 494 983 591 793 488 772 477 467 312 641 406 988 594
328 20 8368 990 595 819 502 750 465 969 584 989 594 581 374 953 575 817 501 865 527 616 393 884 538 774 478 889 541 707 442 772 477 652 412 837 512 938 567 941 569 993 596
329 20 8573 898 545 915 554 982 591 920 557 844 516 452 304 996 598 726 452 810 498 833 510 785 484 835 511 812 499 962 580 956 577 839 513 987 593 756 469 916 555 923 559
330 20 8685 957 577 995 597 876 533 964 581 584 375 961 579 934 564 851 520 950 573 758 469 791 487 996 598 861 525 950 573 794 489 888 540 915 555 860 525 499 330 987 593
331 20 8592 786 485 820 503 986 593 856 523 969 583 780 481 760 471 940 568 980 590 682 429 510 336 956 576 949 573 944 570 980 589 832 509 998 599 773 477 945 571 739 459
332 20 8158 532 347 991 595 916 555 980 590 882 537 584 376 740 460 780 481 953 575 857 523 742 461 855 522 901 547 917 555 711 444 716 447 725 452 753 467 816 501 966 582
333 20 8603 864 527 746 463 882 537 908 551 970 584 802 494 835 511 723 451 980 589 957 577 996 598 733 456 529 346 978 588 940 568 856 523 914 554 987 593 643 407 963 580
334 20 7918 851 520 695 436 978 588 950 573 969 583 908 551 889 540 954 575 535 349 803 494 492 326 418 286 908 550 678 426 824 505 867 529 698 437 924 559 684 430 812 499
335 20 7765 672 423 234 187 814 500 882 536 654 413 689 432 924 559 998 599 668 421 707 442 921 558 269 205 979 589 877 534 847 518 953 575 975 587 696 436 996 598 775 479
336 20 8008 789 486 516 339 506 334 922 558 969 584 756 469 724 451 672 423 916 555 953 575 993 597 830 509 944 570 850 519 646 409 838 513 642 407 951 574 641 406 959 578
337 20 8363 990 595 527 345 964 581 734 457 924 559 997 598 979 589 848 518 899 546 396 274 998 599 831 509 957 577 942 569 537 350 828 507 892 542 918 556 874 532 691 434
338 20 8124 963 580 703 440 708 443 601 385 926 560 866 528 924 559 637 404 902 547 814 500 962 580 858 524 710 444 877 534 855 522 954 575 604 386 783 483 743 461 858 523
339 20 8552 994 597 776 479 732 456 886 539 905 549 951 574 983 591 810 498 900 546 962 580 689 432 402 277 912 553 956 576 992 596 964 581 938 567 808 497 813 500 732 456
340 20 8212 734 457 993 596 896 544 959 578 988 594 861 525 469 313 637 404 721 450 740 460 999 600 957 577 801 493 705 441 929 562 911 552 572 369 918 556 788 486 847 517
341 20 8038 980 589 421 288 972 585 750 465 702 439 940 568 827 507 832 509 932 563 842 515 772 477 785 484 560 363 877 534 919 557 905 549 743 462 991 596 643 407 684 429
342 20 8489 963 580 847 518 793 488 927 561 938 567 965 581 900 546 967 582 921 558 697 437 513 337 933 564 743 461 812 499 895 543 943 570 596 382 778 481 957 577 890 541
343 20 8270 911 552 974 586 569 368 934 564 971 585 939 567 847 518 318 232 862 526 712 445 909 551 839 513 843 516 965 582 802 493 840 514 786 485 727 453 889 540 903 548
344 20 8568 866 528 960 578 853 521 666 420 959 578 908 550 901 547 816 501 767 474 879 535 952 574 967 582 779 481 858 524 897 545 494 327 837 512 933 564 931 563 913 553
345 20 8009 663 418 744 462 788 486 940 568 639 405 750 465 734 457 768 475 600 384 928 561 641 406 918 556 923 559 997 599 772 477 880 535 952 574 735 457 747 463 899 546
346 20 8431 737 458 707 442 849 519 981 590 877 534 943 570 929 562 791 487 960 578 670 422 635 403 996 598 930 562 836 512 702 439 997 599 1000 600 832 509 995 598 495 328
347 20 8107 979 589 790 487 935 565 968 583 883 537 550 357 807 496 898 545 942 569 968 583 931 563 526 344 874 532 544 354 488 324 907 550 661 417 844 516 802 494 918 556
348 20 8439 844 516 657 415 1000 600 639 405 562 363 952 574 856 522 908 550 875 533 947 571 931 563 924 559 771 477 459 308 939 567 937 566 957 577 937 566 798 491 985 592
349 20 8399 609 389 997 599 905 549 725 451 953 575 787 485 769 475 867 528 967 583 934 564 940 568 960 579 657 415 993 596 981 590 225 182 869 530 999 600 793 488 868 529
350 20 8146 805 495 694 435 836 512 951 574 487 323 669 422 853 521 858 524 868 529 897 545 959 578 659 416 829 508 927 561 556 360 871 530 844 516 980 590 886 539 863 526
351 20 7924 568 367 712 444 826 506 642 407 800 492 835 511 736 458 428 291 676 425 948 572 850 519 939 567 788 486 911 552 884 538 688 432 947 571 902 547 838 513 930 562
352 20 8172 950 573 238 188 881 536 961 579 636 404 812 499 999 600 969 583 518 340 941 569 983 591 721 450 898 545 588 378 848 518 771 477 888 539 853 521 912 553 977 588
353 20 7868 927 561 860 525 508 334 970 584 460 309 948 572 684 429 969 584 818 502 801 493 650 411 885 538 851 520 964 581 849 519 556 360 400 276 881 536 971 585 785 484
354 20 7784 667 420 841 514 974 586 921 557 802 493 938 567 854 521 987 593 254 197 416 285 517 339 960 579 908 550 831 509 878 534 975 587 966 582 591 380 451 304 837 512
355 20 8263 984 592 880 536 834 511 719 449 993 596 449 303 956 577 520 341 660 416 972 585 540 352 942 569 941 568 942 569 935 565 979 589 587 377 877 534 938 567 879 535
356 20 8589 902 547 955 576 921 557 761 471 719 448 740 460 924 559 984 591 866 528 964 581 737 458 700 438 658 416 833 510 999 600 989 594 965 581 934 564 705 441 923 559
357 20 8949 913 553 634 402 972 585 954 575 935 565 965 581 985 592 964 581 949 573 982 590 914 554 933 564 775 479 964 581 782 483 700 438 786 485 898 545 951 574 943 570
358 20 8721 883 537 856 523 780 481 911 552 983 591 923 559 969 584 967 582 826 506 989 594 912 553 729 454 589 379 703 440 956 576 865 528 892 542 985 592 805 495 919 557
359 20 8111 863 526 946 571 884 538 994 597 907 550 362 256 816 501 849 519 916 555 991 595 898 545 710 443 701 439 581 374 769 476 918 556 709 443 951 574 706 441 752 466
360 20 7764 622 396 807 496 973 586 929 562 501 331 944 570 874 532 326 236 876 533 890 541 884 537 552 359 605 387 972 585 855 522 963 580 853 521 802 494 733 456 567 366
361 20 8004 984 592 993 597 949 572 909 551 922 558 946 571 390 271 842 515 912 553 952 574 469 313 591 379 443 300 880 535 915 554 761 471 977 588 523 343 889 540 761 471
362 20 8441 550 357 891 542 843 515 896 544 963 580 906 549 701 439 932 564 760 471 794 489 968 583 857 523 997 598 655 414 960 579 736 457 767 475 919 556 926 560 861 525
363 20 8028 801 493 728 453 619 395 892 542 835 511 905 549 651 412 572 369 920 557 761 471 975 587 814 500 677 426 932 563 989 594 864 527 856 522 686 431 724 451 855 522
364 20 8413 806 495 869 530 972 585 971 584 355 252 765 473 764 473 797 491 977 588 1000 600 892 542 917 555 876 533 754 467 954 575 783 483 899 545 746 463 749 465 981 590
365 20 8003 410 282 587 377 935 565 786 485 723 451 844 516 978 589 813 499 868 529 782 482 954 575 861 525 639 405 978 588 890 541 900 546 907 550 726 452 863 526 562 364
366 20 8086 780 481 972 585 394 273 935 565 931 563 735 457 990 595 810 498 895 543 952 574 830 509 802 494 926 560 942 569 698 437 575 371 616 393 824 505 593 380 972 585
367 20 8407 873 532 987 593 887 539 899 546 827 507 891 541 690 433 789 486 993 596 595 382 947 571 868 529 816 501 984 591 797 491 757 469 961 579 799 492 868 529 587 377
368 20 8717 947 572 849 519 939 567 647 410 961 579 977 588 833 510 886 539 924 559 819 503 960 579 869 529 899 545 870 530 957 577 970 584 876 533 842 515 978 588 431 293
369 20 8088 859 524 957 577 574 370 709 443 808 497 930 562 838 513 744 462 955 576 996 598 546 355 934 565 885 538 981 590 614 392 969 583 570 368 772 477 710 444 826 506
370 20 8044 872 531 953 575 433 294 904 549 901 547 989 595 387 269 897 545 748 464 916 555 956 576 748 464 976 587 744 462 859 524 914 554 679 427 842 515 824 505 547 356
371 20 7729 883 537 941 568 952 574 853 521 785 484 719 448 636 404 929 562 300 222 558 362 750 465 687 431 837 512 856 522 923 558 665 419 889 540 736 458 646 409 913 553
372 20 8560 924 559 999 600 713 445 736 457 983 591 913 553 752 466 979 589 789 486 986 592 934 564 701 439 978 588 806 495 819 503 892 542 699 438 726 452 983 591 809 497
373 20 8066 715 447 514 338 933 564 984 592 786 485 616 393 687 431 972 585 908 551 890 541 819 502 920 557 850 519 976 587 460 308 695 435 1000 600 903 548 506 334 998 599
374 20 8685 909 551 924 559 817 501 565 365 784 483 925 560 884 538 940 568 953 575 928 561 980 589 830 508 924 559 943 570 901 547 977 588 620 395 991 595 645 408 931 563
375 20 8928 906 549 990 595 959 578 932 564 899 546 705 441 849 519 899 546 929 562 920 557 960 579 604 386 970 584 986 593 898 545 969 583 954 576 814 500 757 469 957 577
376 20 8137 683 429 897 544 980 589 717 448 944 570 669 421 517 340 729 454 837 512 774 478 904 548 956 577 843 516 798 491 993 596 787 485 487 323 886 538 982 590 892 542
377 20 8006 724 451 968 583 788 486 866 528 840 514 951 574 799 492 924 559 871 530 765 474 486 323 929 562 942 569 726 452 723 451 521 341 866 528 474 316 915 554 935 565
378 20 8335 935 565 851 520 657 415 807 496 933 564 789 486 469 313 786 485 831 509 974 586 990 595 701 439 953 575 998 599 570 368 947 572 879 535 621 395 1000 600 979 589
379 20 8591 977 588 890 541 768 475 454 305 941 568 993 597 808 496 974 586 993 596 795 489 666 420 853 521 910 552 956 576 974 586 756 468 970 584 983 591 999 599 523 343
380 20 8458 767 475 881 536 721 449 866 528 837 512 999 600 940 568 933 564 861 525 467 313 842 515 953 575 886 538 777 480 925 560 979 589 801 493 763 472 778 480 941 569
381 20 8587 963 580 906 549 856 522 822 504 992 596 988 594 893 542 620 395 740 460 941 568 449 303 881 536 767 474 977 588 982 591 780 482 960 579 917 555 935 565 806 495
382 20 8615 831 509 996 598 916 555 725 452 611 390 963 580 861 525 862 526 562 364 870 530 965 582 953 575 886 539 880 536 997 599 750 465 849 519 801 493 953 575 999 600
383 20 8688 779 481 562 364 909 551 869 530 921 557 927 561 990 595 591 379 988 593 806 496 632 401 986 593 977 588 989 594 964 581 791 487 987 593 994 597 725 452 989 594
384 20 8009 673 424 722 450 895 543 421 287 937 566 861 525 775 479 440 298 867 529 851 520 895 544 914 554 934 565 946 571 995 598 927 561 642 407 749 465 712 445 862 526
385 20 8523 856 522 849 519 713 445 800 492 992 596 997 599 761 471 663 419 985 592 444 300 965 582 846 517 686 431 927 561 833 510 997 599 964 581 945 571 849 519 974 586
386 20 7970 720 449 983 591 842 515 983 591 557 361 865 527 674 424 814 500 680 428 959 578 436 296 659 416 974 586 895 543 743 461 948 572 648 410 844 516 956 577 760 471
387 20 8416 874 532 911 552 847 518 609 389 995 598 992 596 933 564 983 591 629 400 637 404 835 511 890 541 849 519 956 576 684 429 889 540 895 544 830 508 971 584 624 397
388 20 8445 898 545 961 579 874 532 953 575 425 289 817 501 825 506 776 479 878 534 982 591 763 472 860 524 793 489 999 600 707 442 977 588 853 521 662 418 952 574 936 566
389 20 8691 978 588 869 529 742 461 954 575 989 594 985 592 869 529 989 594 824 505 996 598 704 441 986 593 898 545 524 343 923 559 718 448 772 477 938 567 857 523 867 528
390 20 8428 583 375 657 415 916 555 867 529 718 448 859 524 922 558 885 538 794 489 922 558 977 588 857 523 726 452 910 552 756 469 967 582 858 523 849 518 891 541 943 569
391 20 8003 884 538 815 500 787 485 552 359 849 519 556 361 921 558 850 519 484 321 748 464 969 584 643 407 345 247 937 566 999 600 841 514 974 586 888 540 985 592 980 589
392 20 8097 919 557 499 330 837 512 879 535 645 409 753 467 618 394 976 587 965 581 951 574 911 552 574 370 816 501 579 373 963 580 956 576 944 570 901 547 517 340 991 595
393 20 7759 846 517 659 416 954 576 871 531 945 571 432 293 344 246 590 379 968 583 996 598 818 502 711 444 751 466 574 370 961 579 955 576 757 469 948 572 814 500 625 398
394 20 8042 732 456 716 447 546 355 819 502 794 489 985 592 811 498 656 414 950 573 888 540 796 490 784 484 286 214 880 535 899 546 818 502 992 596 848 518 900 546 985 592
395 20 7996 828 507 550 357 953 575 884 537 555 360 825 506 678 427 811 498 989 594 798 491 932 563 914 554 845 516 887 539 904 548 337 242 588 378 825 506 898 545 991 596
396 20 7909 941 568 565 366 702 439 564 365 775 479 808 496 978 588 930 562 779 481 858 524 622 396 873 532 795 490 696 436 935 565 814 500 852 520 772 477 588 378 972 585
397 20 8411 885 538 734 457 666 420 945 571 998 599 973 586 780 482 931 563 939 567 623 397 874 532 561 363 990 595 846 517 967 582 958 577 683 429 978 589 693 434 798 491
398 20 8326 561 363 992 596 871 531 996 598 875 533 955 576 451 304 945 570 860 525 905 549 825 506 908 551 748 464 702 439 913 553 998 599 989 594 950 573 865 527 343 246
399 20 8172 542 353 708 442 795 490 886 539 871 530 928 561 966 582 891 541 880 536 602 386 911 552 677 426 909 551 670 422 891 542 901 547 712 445 993 596 902 547 710 444
400 20 8381 783 483 973 586 958 578 766 474 780 481 841 515 867 528 977 588 829 508 878 534 994 597 788 486 941 569 933 564 989 594 976 587 532 347 421 288 760 471 777 480
