1 20 7729 144 138 808 497 586 376 856 523 951 574 977 588 731 455 543 353 690 433 978 588 790 487 937 566 741 460 877 534 956 576 951 574 592 380 701 439 744 462 905 549
2 20 8036 768 475 666 420 731 455 839 513 773 477 906 549 628 399 754 468 605 387 948 572 796 490 919 556 877 534 657 415 853 521 826 506 849 519 705 441 980 589 992 596
3 20 8092 875 533 944 570 777 480 701 439 825 506 841 515 925 560 807 496 631 401 789 486 822 504 801 493 719 448 500 330 659 416 928 562 910 552 945 571 933 564 852 520
4 20 7754 817 501 599 384 324 235 788 486 898 545 632 402 963 580 660 417 774 478 855 522 602 385 973 585 882 536 955 576 999 600 658 416 590 379 957 577 768 475 815 500
5 20 8316 921 557 799 492 898 545 798 491 932 564 915 554 867 528 860 525 787 485 926 560 955 576 564 365 751 466 738 459 863 527 861 525 617 393 925 560 724 451 931 563
6 20 7794 593 380 869 529 913 553 946 571 720 449 849 519 948 572 898 545 687 431 599 384 693 435 734 457 846 517 967 583 965 581 899 546 462 309 687 431 676 425 637 404
7 20 8359 358 253 775 479 970 584 607 388 944 570 764 473 979 589 776 480 931 563 741 460 907 550 976 587 747 464 793 488 858 524 966 582 997 598 972 585 837 512 820 503
8 20 8588 978 588 762 472 942 569 871 530 932 564 756 468 983 591 991 595 924 559 909 551 674 424 851 520 914 554 738 459 909 551 965 582 520 341 736 458 864 527 957 577
9 20 8046 913 553 921 557 787 485 976 587 946 571 856 522 724 451 825 506 994 597 606 387 593 380 767 474 780 482 919 557 895 544 648 410 912 553 432 294 976 587 623 397
10 20 7931 998 599 895 543 515 338 730 454 880 536 794 489 834 510 989 594 709 443 978 588 638 405 824 505 574 370 547 356 800 492 916 555 974 586 823 505 704 440 741 460
11 20 8392 654 413 879 535 996 598 958 578 812 499 813 499 961 579 913 553 366 258 868 529 879 535 918 556 884 537 917 556 809 497 886 539 688 432 801 493 983 591 800 492
12 20 8122 638 405 982 590 806 496 662 417 650 411 951 574 979 589 683 429 926 561 775 479 407 280 824 505 907 550 941 568 841 514 703 440 898 545 854 522 840 514 978 589
13 20 8446 939 567 998 599 828 507 763 472 849 519 898 545 906 550 825 506 971 585 904 548 865 527 845 517 904 548 511 336 927 561 637 404 895 544 615 392 972 585 840 514
14 20 7567 843 516 728 453 628 400 961 579 701 439 766 474 958 578 541 352 780 481 713 445 433 294 863 526 799 491 983 591 674 424 809 497 607 388 840 514 710 444 798 491
15 20 8125 981 590 768 475 815 500 813 499 1000 600 698 437 813 499 795 489 944 570 890 541 945 571 689 432 718 448 618 394 985 592 744 462 877 534 334 241 996 598 828 507
16 20 7952 918 556 378 264 855 522 714 446 937 566 888 540 850 519 493 326 844 516 858 524 794 489 818 502 888 540 638 405 983 591 277 210 975 587 859 524 948 572 990 595
17 20 7540 908 551 665 419 880 536 980 590 818 502 445 300 891 541 905 549 736 457 502 332 618 394 676 425 729 454 883 537 802 493 737 458 629 400 685 430 998 599 594 381
18 20 8296 858 524 990 595 615 392 801 493 960 579 907 550 815 500 620 395 798 491 798 491 995 598 866 528 876 533 850 519 977 588 956 576 891 541 666 420 636 404 718 448
19 20 7804 820 503 690 433 646 409 863 526 865 527 979 589 961 579 953 575 886 539 950 573 582 374 453 305 856 523 366 258 976 588 763 472 965 581 242 191 857 523 935 565
20 20 8239 941 568 903 548 596 382 913 553 788 486 620 395 698 437 996 598 889 540 837 512 954 575 969 584 663 418 726 452 881 536 780 482 960 579 874 532 585 376 906 549
21 20 7761 790 487 951 574 723 451 730 454 747 463 656 414 958 578 801 493 248 194 950 573 610 389 866 528 695 436 636 404 792 488 1000 600 777 480 789 486 939 567 865 527
22 20 8427 710 444 748 464 690 433 996 598 975 587 765 473 729 454 954 576 765 473 824 505 779 481 984 592 929 562 912 553 808 497 966 582 873 532 635 403 893 542 920 557
23 20 7612 597 383 505 333 873 532 866 528 767 474 677 426 827 507 899 546 618 394 435 295 829 508 506 333 948 572 859 524 802 493 901 547 937 566 534 348 883 537 962 579
24 20 8452 869 530 970 584 942 569 974 586 930 562 962 580 622 396 973 585 996 598 719 449 570 368 714 446 846 517 798 491 882 537 934 565 689 432 914 554 635 403 966 582
25 20 8087 998 599 412 283 997 599 894 543 815 500 929 562 734 456 881 536 796 490 889 540 702 439 988 594 845 516 861 525 613 391 794 489 817 502 668 421 635 403 906 550
26 20 8111 954 575 807 496 986 592 731 455 811 498 550 357 947 572 975 586 456 306 924 559 824 505 859 524 979 589 726 452 486 323 801 493 758 470 920 557 894 543 834 511
27 20 8532 873 531 965 581 937 566 960 579 832 510 850 519 896 544 847 518 917 555 787 485 768 475 840 514 694 435 903 548 622 396 952 574 947 572 821 503 941 569 713 445
28 20 8034 965 582 943 570 887 539 536 349 689 432 843 515 858 524 849 519 918 556 919 556 976 587 616 393 560 363 622 396 433 294 887 539 866 528 945 571 817 501 939 567
29 20 8435 902 547 858 524 957 577 581 374 999 600 838 513 986 592 963 580 926 560 546 355 984 591 971 585 967 583 629 400 919 556 747 464 943 569 792 488 978 589 385 268
30 20 8699 727 453 957 577 682 428 999 600 782 483 845 517 666 420 914 554 987 593 894 543 747 463 970 584 873 532 992 596 816 501 986 593 878 534 977 588 886 538 820 503
31 20 7851 583 375 915 554 949 573 909 551 649 411 842 515 932 564 762 472 965 581 873 532 945 570 515 338 521 342 949 573 677 426 789 486 919 556 433 294 721 450 854 522
32 20 7826 732 456 665 419 924 559 751 466 911 552 489 324 707 442 961 579 912 553 957 577 993 597 866 528 842 515 481 320 860 525 914 554 404 279 402 277 928 562 953 575
33 20 8480 984 592 646 409 864 527 923 559 997 599 891 541 936 566 823 504 846 517 758 469 860 525 965 581 661 417 987 593 942 569 703 440 950 573 906 550 766 474 553 359
34 20 8433 993 596 909 551 836 511 968 583 682 429 852 520 952 574 541 352 946 571 940 568 975 587 835 511 975 587 413 283 717 448 992 596 936 566 659 416 957 577 789 486
35 20 7824 895 543 626 398 717 447 644 408 663 418 683 429 991 595 711 444 902 548 883 537 991 595 522 342 950 573 380 265 917 555 681 428 979 589 822 504 835 511 857 523
36 20 8403 627 399 646 409 999 600 993 596 868 529 970 584 811 498 755 468 801 493 492 326 837 512 888 539 890 541 878 534 979 589 963 580 939 567 871 530 881 536 719 449
37 20 8505 686 431 775 478 577 372 896 544 994 597 636 404 847 517 982 591 703 440 870 530 671 423 959 578 975 587 973 586 920 557 965 581 843 516 941 568 808 497 990 595
38 20 7872 529 346 733 456 922 558 598 383 999 600 824 505 967 583 672 423 927 561 946 571 974 586 827 507 848 518 557 361 986 593 979 589 735 457 496 328 540 352 686 431
39 20 7799 926 561 817 501 740 460 868 529 944 570 792 488 419 287 942 569 387 269 871 530 811 498 733 456 819 503 891 541 640 406 657 415 874 532 813 499 904 548 751 466
40 20 7959 933 564 892 542 970 584 846 517 871 531 900 546 843 515 633 402 880 535 985 592 804 494 522 342 668 421 919 557 182 158 687 431 764 473 669 421 990 595 961 579
41 20 8181 661 417 647 410 1000 600 555 360 877 534 897 544 710 444 929 562 678 426 853 521 641 406 895 544 438 297 966 582 791 487 973 586 959 578 940 568 976 587 976 587
42 20 8251 951 574 896 544 778 480 898 545 883 537 875 533 526 345 993 597 785 484 900 546 761 471 678 426 762 472 848 518 636 403 967 583 701 439 924 559 844 516 896 544
43 20 7315 967 583 515 338 961 579 844 516 850 519 574 370 768 475 652 412 800 492 466 312 789 486 1000 600 275 208 958 578 335 241 980 590 278 211 756 468 867 529 996 598
44 20 8085 922 558 450 303 720 449 729 454 670 422 927 561 626 398 994 597 715 446 976 587 829 508 635 403 819 502 715 446 989 595 954 575 818 502 944 570 969 584 770 476
45 20 7598 568 367 788 486 871 530 898 545 982 591 919 556 584 376 883 537 745 462 672 423 820 503 934 565 604 386 790 487 622 396 906 550 452 304 849 519 709 443 601 385
46 20 8520 608 388 978 588 674 424 1000 600 958 577 849 519 838 513 714 446 930 562 538 351 944 570 882 536 762 472 946 571 905 549 923 559 984 592 659 416 959 578 990 595
47 20 7343 958 577 940 568 599 384 766 474 861 525 394 273 989 594 798 491 221 179 547 355 938 567 946 571 591 380 483 321 899 546 884 537 815 500 752 466 895 543 411 282
48 20 8088 699 437 958 577 537 350 733 456 777 480 922 558 813 499 470 314 760 471 977 588 975 587 894 543 663 418 965 581 805 495 985 592 928 561 863 526 852 520 601 385
49 20 8020 902 547 586 377 328 238 479 319 808 496 986 593 949 573 903 548 822 504 936 566 977 588 724 451 919 556 699 438 983 591 820 503 755 468 934 564 830 508 701 439
50 20 7516 768 475 813 499 908 550 635 403 918 556 697 437 846 517 468 313 648 410 644 408 783 483 931 563 991 596 836 512 440 298 613 391 729 454 761 471 859 524 745 463
51 20 7912 816 501 710 443 958 578 968 583 831 509 871 530 547 356 704 440 644 408 960 578 377 264 725 452 960 578 920 557 982 591 540 352 902 547 908 550 858 524 644 408
52 20 7434 795 489 962 579 775 479 848 518 224 181 920 557 858 524 966 582 883 537 823 505 612 391 258 200 807 496 780 482 801 493 476 317 928 562 469 314 761 471 923 559
53 20 8177 671 423 898 545 893 543 652 412 941 568 789 486 805 495 948 572 715 447 667 420 941 568 885 538 984 592 853 521 809 497 936 566 822 504 590 379 656 414 899 546
54 20 8250 706 442 883 537 919 556 958 578 949 573 981 590 444 300 970 584 796 490 968 583 748 464 747 463 556 360 889 540 931 563 863 526 560 362 729 454 933 564 970 584
55 20 8078 977 588 963 580 830 508 612 391 797 491 813 499 779 481 900 546 678 426 915 554 792 488 978 588 974 586 500 330 538 351 808 496 852 520 826 506 752 467 872 531
56 20 8111 789 486 687 431 986 593 994 597 984 591 888 540 989 594 731 455 952 574 463 310 143 137 869 530 971 585 933 564 981 590 921 558 803 494 335 241 837 512 967 582
57 20 7469 975 587 738 459 879 535 995 598 450 303 312 229 849 518 747 464 832 510 905 549 907 550 616 393 633 402 787 485 829 508 809 497 805 495 511 336 711 444 648 410
58 20 8120 817 502 518 340 793 488 917 555 645 408 681 428 994 597 912 553 905 549 901 547 986 593 706 442 513 337 673 423 955 576 932 564 705 441 916 555 957 577 815 500
59 20 8417 995 598 975 587 832 510 983 591 857 523 909 551 492 326 795 490 996 598 963 580 617 394 804 494 981 590 881 536 900 546 533 348 875 533 548 356 997 599 901 547
60 20 8192 718 448 971 584 732 456 741 460 957 577 998 599 918 556 626 398 762 471 909 551 643 408 705 441 900 546 971 584 909 551 750 465 681 428 976 587 527 345 991 595
61 20 7656 885 538 955 576 847 517 765 473 856 523 816 501 860 525 955 576 634 403 525 344 781 482 800 492 721 449 930 562 771 477 523 343 888 540 667 421 814 500 319 233
62 20 8049 989 594 874 532 980 589 905 549 937 566 789 486 933 564 485 322 772 477 818 502 753 467 587 377 302 223 840 514 893 543 840 514 786 485 797 490 892 542 927 561
63 20 7739 720 449 647 409 876 533 909 551 845 516 957 577 685 430 779 481 864 527 953 575 732 456 996 598 379 265 609 389 912 553 995 598 532 347 782 483 610 390 696 436
64 20 8633 871 531 990 595 960 578 982 591 935 565 974 586 482 321 984 592 823 505 707 442 845 517 816 501 539 351 977 588 994 597 906 550 830 508 933 564 949 573 769 475
65 20 8497 975 586 942 569 828 507 947 572 943 570 723 451 659 416 952 574 578 372 538 350 966 582 981 590 977 588 880 535 868 529 971 585 667 420 924 559 770 476 906 549
66 20 8018 655 414 509 335 892 542 716 447 703 440 646 409 967 582 902 547 834 511 886 539 986 593 541 352 785 484 975 587 813 499 900 546 963 580 842 515 994 597 527 345
67 20 8343 721 449 983 591 926 560 812 499 988 594 920 557 894 543 797 490 583 375 896 544 827 507 827 507 866 528 720 449 674 424 786 485 939 567 783 483 843 515 902 547
68 20 8442 966 582 971 585 964 581 898 545 963 580 818 502 655 414 705 441 938 567 832 509 927 561 882 536 914 554 834 510 830 508 869 530 669 422 825 506 972 585 452 304
69 20 7736 676 425 927 561 725 452 661 417 888 540 962 580 997 599 910 551 481 320 670 422 701 439 832 510 706 441 538 351 851 520 633 402 876 533 611 390 936 566 891 541
70 20 8425 587 377 986 593 971 584 952 574 827 507 795 490 955 576 945 570 859 524 982 591 560 363 792 488 856 522 823 505 613 391 973 586 591 379 915 554 877 534 992 596
71 20 7784 944 570 925 560 733 456 980 589 752 466 708 443 766 474 909 551 495 327 709 443 602 386 803 494 932 563 890 541 412 283 594 381 834 511 702 439 885 538 994 597
72 20 8477 955 576 761 471 699 438 977 588 934 564 972 585 971 584 790 487 814 500 911 552 730 454 827 507 805 495 963 580 346 247 762 472 902 547 997 599 862 525 977 588
73 20 7552 367 258 631 401 795 490 730 454 717 447 903 548 894 543 746 463 927 561 958 577 827 507 811 498 686 431 862 526 969 584 739 459 570 368 582 374 600 384 790 487
74 20 7727 999 600 727 453 897 545 867 528 646 409 964 581 881 536 936 566 485 322 715 446 660 417 544 354 991 595 936 566 887 539 618 394 940 568 275 209 891 541 595 382
75 20 8372 845 516 985 592 902 547 849 519 959 578 901 547 766 474 599 383 963 580 967 582 801 493 279 211 714 446 991 595 954 575 764 473 943 569 970 584 606 387 986 593
76 20 7579 671 422 368 259 861 525 489 324 877 534 1000 600 981 590 922 558 942 569 598 383 958 577 619 395 780 482 611 390 844 516 438 297 891 541 973 586 501 331 835 511
77 20 8235 858 523 921 558 841 514 930 563 937 566 443 300 675 425 727 453 744 462 987 593 736 458 993 596 962 580 896 544 996 598 984 592 793 489 698 437 496 328 854 521
78 20 7930 836 512 634 402 998 599 913 553 482 320 841 515 917 555 558 362 798 491 789 486 644 408 944 570 946 571 530 346 676 425 951 574 550 357 960 579 957 577 936 566
79 20 8294 734 456 829 508 895 544 855 522 881 536 997 599 1000 600 733 456 839 514 962 580 945 571 702 439 982 591 524 343 870 530 705 441 724 451 705 441 819 502 888 540
80 20 7722 833 510 718 448 739 459 873 532 818 502 722 450 500 330 814 500 953 575 922 558 952 574 705 441 837 512 834 511 436 295 523 343 846 517 790 487 956 576 674 424
81 20 7810 799 492 893 543 328 237 925 560 777 480 994 597 818 502 622 396 535 349 799 492 775 479 883 537 872 531 791 487 970 584 473 316 974 586 839 513 903 548 650 411
82 20 8576 772 477 961 579 837 512 959 578 939 567 956 577 849 519 871 531 708 443 756 468 740 460 853 521 931 563 874 532 760 471 955 576 981 590 994 597 660 417 796 490
83 20 8332 784 483 572 369 1000 600 795 489 929 562 871 531 501 331 969 584 919 557 856 523 994 597 598 383 698 437 368 259 974 586 979 589 929 562 992 596 985 592 951 574
84 20 7798 751 466 829 508 897 544 585 376 284 214 576 371 738 459 507 334 902 547 945 571 941 568 877 534 862 525 828 507 939 567 519 340 986 593 712 445 985 592 933 564
85 20 7742 572 369 851 520 988 594 845 516 957 577 702 439 995 598 987 593 917 555 461 309 407 280 820 503 681 428 796 490 748 464 612 391 881 536 660 417 980 589 625 398
86 20 8702 976 587 873 532 917 555 535 349 960 579 946 571 920 557 846 517 993 596 399 276 923 559 989 594 996 598 947 572 750 465 969 584 970 584 969 583 792 488 734 457
87 20 7751 572 369 635 403 911 552 925 560 928 561 707 442 192 164 994 597 705 441 712 445 705 441 932 564 762 472 855 522 787 485 876 533 923 559 765 473 640 406 977 588
88 20 8133 872 531 891 541 809 497 825 506 990 595 724 451 892 542 693 434 900 546 549 357 964 581 796 490 819 502 991 596 339 243 910 552 897 545 912 553 742 461 751 466
89 20 7540 936 565 981 590 993 596 409 281 680 427 917 555 739 459 790 487 917 555 713 446 698 437 810 497 798 491 724 451 454 306 488 324 771 476 936 566 583 375 743 462
90 20 8098 900 546 965 581 376 263 543 354 946 571 665 420 963 580 890 541 995 597 851 520 870 530 963 580 796 490 499 329 849 519 935 565 771 477 584 376 966 582 870 530
91 20 8042 526 344 943 570 990 595 317 231 838 512 971 584 782 482 852 520 870 530 975 587 765 473 572 369 984 591 992 596 536 350 612 390 942 569 958 577 806 496 853 521
92 20 7874 511 336 899 546 884 538 836 512 398 275 894 543 907 550 999 600 663 418 991 596 752 467 643 407 719 449 833 510 946 571 535 349 966 582 830 509 883 537 660 417
93 20 8191 996 598 862 526 822 504 916 555 635 403 934 564 763 472 860 525 456 306 918 556 989 594 591 380 958 577 714 446 1000 600 942 569 679 427 810 498 859 524 678 426
94 20 8478 973 586 914 554 921 558 644 408 977 588 625 398 873 531 863 526 950 573 838 513 570 368 922 558 998 599 916 555 778 480 993 597 893 543 782 483 709 443 817 501
95 20 8431 954 576 910 552 957 577 950 573 863 526 657 415 979 589 540 352 822 504 866 528 951 574 890 541 941 568 798 491 864 527 658 415 770 476 643 407 884 538 965 581
96 20 8044 509 335 821 503 977 588 799 492 875 533 976 587 714 446 847 517 603 386 679 427 811 498 619 394 619 395 966 582 894 543 975 587 863 526 902 547 660 417 980 589
97 20 8113 845 517 924 559 675 425 883 537 496 328 829 508 885 538 877 534 842 515 893 543 914 554 665 420 749 465 963 580 348 248 860 525 836 512 875 533 941 568 927 561
98 20 8398 871 531 583 375 981 590 814 500 732 455 883 537 871 531 735 457 986 593 805 495 897 545 712 445 686 430 912 553 996 598 986 593 755 468 786 484 932 564 874 532
99 20 8572 975 587 970 584 961 579 867 528 533 348 911 552 831 509 791 487 766 474 999 600 902 547 497 328 704 440 947 572 791 487 901 547 991 596 929 562 1000 600 878 534
100 20 8424 847 518 994 597 896 544 856 522 986 593 519 341 790 487 983 591 763 472 853 521 995 597 903 548 706 441 495 328 780 481 960 578 924 559 739 459 920 557 940 568
101 20 8503 886 539 906 550 972 585 604 387 719 449 953 575 994 597 955 576 911 552 731 455 877 534 921 558 713 445 979 589 906 550 925 560 647 409 924 559 652 412 832 510
102 20 8270 950 573 852 520 934 564 911 552 892 542 652 412 846 517 842 515 514 338 659 416 665 419 708 443 777 480 901 547 902 547 676 425 928 561 982 590 964 581 985 592
103 20 7915 875 533 797 491 980 589 856 522 925 560 854 522 830 508 851 520 989 594 753 467 953 575 807 496 645 408 253 197 834 510 993 596 830 508 613 391 701 439 491 325
104 20 7723 982 591 939 568 869 529 936 566 708 443 959 578 827 507 909 551 689 432 764 473 752 466 589 378 346 247 867 528 541 352 703 440 855 522 608 389 934 565 670 422
105 20 7967 811 498 903 548 961 579 569 367 974 586 911 552 497 328 626 399 960 579 875 533 642 407 391 272 944 570 922 558 653 413 662 417 824 505 932 564 982 590 895 543
106 20 7462 753 467 977 588 925 560 323 235 983 591 683 429 907 550 684 430 759 470 834 511 955 576 207 172 864 527 810 498 540 352 964 581 859 524 301 223 801 493 795 489
107 20 7988 665 419 720 449 638 405 918 556 1000 600 794 489 645 409 998 599 760 471 827 507 805 495 819 502 865 527 533 348 830 509 636 403 894 543 716 447 935 565 979 589
108 20 7756 917 555 632 402 845 516 755 468 955 576 675 425 948 572 331 239 956 577 847 517 927 561 858 523 954 576 891 541 772 477 769 476 660 417 495 327 780 482 546 355
109 20 7808 882 537 764 473 648 410 972 585 558 362 890 541 692 434 997 599 638 405 649 411 968 583 980 589 801 493 784 484 621 396 579 373 665 420 740 460 944 570 844 516
110 20 8132 790 487 739 459 728 453 614 392 688 432 963 580 963 580 790 487 784 484 785 484 976 587 845 516 733 456 875 533 943 570 590 379 760 471 993 596 810 498 896 544
111 20 7138 241 190 799 492 548 356 631 401 438 297 659 416 318 232 649 411 632 401 938 567 975 587 883 537 389 270 918 556 972 585 978 589 630 401 796 490 975 587 907 550
112 20 7788 564 365 797 490 993 596 998 599 279 211 796 490 644 408 783 483 796 490 824 505 835 511 888 540 827 507 939 568 399 276 915 554 744 462 876 533 840 514 839 514
113 20 8678 797 491 718 448 964 581 931 563 926 560 885 538 833 510 938 567 778 480 812 499 903 548 951 574 962 580 908 550 386 269 775 479 944 570 983 591 984 592 978 588
114 20 7872 636 403 999 600 910 552 815 500 706 442 985 592 623 396 913 553 525 344 869 529 826 506 675 425 889 540 861 525 917 555 792 488 313 229 784 484 828 507 879 535
115 20 8133 824 505 881 536 462 310 783 483 890 541 973 586 659 416 975 587 756 469 902 547 898 545 959 578 894 543 712 444 878 535 695 436 915 554 937 566 455 306 818 502
116 20 8604 937 566 786 485 467 312 785 484 853 521 967 582 797 491 962 580 875 533 954 575 848 518 632 402 970 584 951 574 1000 600 921 558 940 568 986 593 1000 600 578 372
117 20 7509 896 544 914 554 814 500 494 327 661 417 801 493 650 411 533 348 378 264 715 446 777 480 948 572 920 557 899 546 992 596 807 496 373 261 933 564 654 413 860 525
118 20 8359 863 526 770 476 568 367 928 561 925 560 606 388 968 583 624 397 906 549 884 537 770 476 940 568 980 589 996 598 905 549 803 494 935 565 939 567 475 317 934 565
119 20 7593 420 287 743 462 838 513 771 477 702 439 958 578 506 333 819 502 585 376 824 505 811 498 734 457 685 430 987 593 812 498 750 465 650 411 999 600 859 524 734 457
120 20 8365 667 420 979 589 883 537 903 548 440 298 857 523 907 550 768 475 808 497 916 555 782 483 982 591 992 596 924 559 907 550 973 585 947 572 634 403 925 560 537 350
121 20 8685 979 589 812 499 768 475 904 549 846 517 872 531 762 472 834 511 814 500 981 590 930 562 965 582 969 583 755 468 912 553 585 376 881 536 883 537 969 584 949 573
122 20 8714 696 436 849 518 967 582 973 586 771 476 854 521 980 589 854 521 849 519 674 424 932 564 983 591 995 598 945 570 939 567 607 388 914 554 865 527 928 561 853 521
123 20 8071 991 595 894 543 785 484 969 583 851 520 899 546 875 533 154 144 777 480 793 489 766 474 962 580 557 361 910 552 944 570 880 535 652 412 981 590 893 543 610 390
124 20 7927 762 472 953 575 782 482 752 466 916 555 710 443 751 466 824 505 898 545 238 189 639 405 805 495 925 560 557 361 859 524 847 518 912 553 778 481 978 588 968 583
125 20 7924 870 530 943 570 653 413 848 518 883 537 999 600 960 579 895 543 938 567 974 586 820 503 760 471 967 583 731 455 718 448 773 478 912 553 241 190 770 476 193 165
126 20 8040 996 598 963 580 637 404 957 577 985 592 909 551 798 491 793 488 981 590 421 288 490 325 784 483 766 474 722 450 977 588 665 420 798 491 939 567 739 459 761 471
127 20 7922 857 523 562 364 962 580 930 562 758 470 705 441 528 345 870 530 404 279 768 475 701 439 552 358 992 596 917 556 997 598 824 505 960 578 609 389 971 585 977 588
128 20 7761 702 439 819 502 810 498 773 477 791 487 931 563 897 545 848 518 834 510 722 450 394 273 589 378 809 497 954 576 785 484 936 566 670 422 893 542 851 520 514 338
129 20 7727 540 352 651 412 928 561 848 518 951 574 610 390 805 495 540 352 768 475 566 366 619 395 953 575 915 554 777 480 866 528 906 549 755 468 853 521 718 448 885 538
130 20 8406 721 450 817 501 862 526 707 442 878 534 950 573 794 489 981 590 910 552 899 546 983 591 621 395 784 484 858 524 968 583 915 554 872 531 906 549 541 352 846 517
131 20 8101 974 586 687 431 443 299 939 567 657 415 677 426 958 578 967 582 481 320 971 585 962 580 724 451 814 500 832 509 567 366 882 536 989 594 969 583 941 568 769 476
132 20 7740 698 437 880 535 662 418 974 586 723 451 568 367 675 425 550 357 884 538 895 544 771 477 975 587 910 552 673 424 910 552 744 462 939 567 785 484 456 306 809 497
133 20 8188 957 577 951 574 777 480 555 360 920 557 869 529 677 426 757 469 998 599 826 506 938 567 863 526 459 308 786 485 700 438 914 554 768 475 889 540 789 486 984 592
134 20 7977 712 445 733 456 998 599 894 543 850 519 940 568 787 485 817 502 997 599 933 564 434 295 626 398 788 486 782 483 624 397 870 530 672 423 991 595 806 496 701 439
135 20 8278 781 482 857 523 732 455 967 582 999 600 900 546 718 448 803 494 921 558 999 599 910 552 742 461 760 471 961 579 976 587 817 501 505 333 771 477 601 385 836 512
136 20 7763 925 560 894 543 761 471 861 525 693 435 991 595 853 521 586 376 934 565 954 576 726 452 698 437 563 364 764 473 545 355 946 571 424 289 862 526 635 403 911 552
137 20 6869 897 544 666 420 639 406 982 590 508 335 994 597 680 427 638 405 888 540 924 559 550 357 622 396 917 555 335 241 849 519 296 220 650 411 521 342 526 344 656 415
138 20 8010 654 413 565 365 973 586 939 567 891 541 399 276 635 403 934 565 532 348 908 551 567 366 994 597 830 509 915 554 753 467 950 573 934 565 933 564 752 466 962 580
139 20 7969 701 439 412 283 975 587 982 591 742 461 817 501 862 526 925 560 778 480 979 589 664 419 915 554 933 564 986 593 942 569 578 372 742 461 568 367 666 420 772 477
140 20 7402 923 558 979 589 627 399 643 408 515 338 709 443 709 443 753 467 763 472 519 341 773 478 746 463 571 369 853 521 967 582 841 514 702 439 811 498 625 398 776 479
141 20 7928 570 368 970 584 794 489 818 502 964 581 662 418 980 590 966 582 517 340 903 548 959 578 990 595 418 286 918 556 850 519 871 530 551 358 544 354 702 439 910 551
142 20 8140 854 522 806 496 994 597 987 593 991 595 634 403 931 563 975 587 786 485 893 542 509 335 872 531 902 547 552 358 823 505 687 431 811 498 932 564 784 484 558 362
143 20 8490 923 559 853 521 985 592 924 559 988 594 977 588 885 538 621 396 826 506 942 569 627 399 820 503 993 597 514 338 792 488 914 554 925 560 929 562 619 395 923 559
144 20 8449 833 510 637 404 820 503 974 586 913 553 758 470 982 591 870 530 742 461 785 484 933 564 966 582 810 498 835 511 586 377 799 492 998 599 955 576 974 586 729 454
145 20 8300 830 508 932 564 675 425 883 537 723 451 813 499 754 467 751 466 947 571 937 566 782 483 824 505 933 564 907 550 765 473 613 391 973 586 967 582 741 461 851 520
146 20 7879 768 475 954 576 960 579 933 564 625 398 869 529 789 486 986 593 722 450 274 208 438 297 555 360 969 583 546 355 876 533 897 545 850 519 978 588 976 587 793 489
147 20 8501 980 590 967 582 928 562 893 542 758 470 830 508 837 512 930 563 879 535 937 566 539 351 775 479 949 572 891 541 927 561 911 552 859 524 901 547 940 568 371 260
148 20 7813 536 350 649 410 880 536 763 472 864 527 923 559 789 486 535 349 995 597 778 480 763 472 992 596 846 517 809 497 943 569 707 442 866 528 943 569 740 460 306 226
149 20 7558 657 415 994 597 514 338 992 596 821 503 925 560 734 456 343 246 838 513 928 561 998 599 288 216 650 411 657 415 329 238 939 567 767 474 936 566 972 585 835 511
150 20 8079 888 540 560 363 909 551 577 372 914 554 787 485 986 593 865 528 490 325 755 468 986 593 910 552 627 399 924 559 985 592 754 467 671 423 829 508 990 595 751 466
151 20 8681 856 523 751 466 898 545 902 547 886 539 901 547 857 523 835 511 862 526 996 598 878 534 867 528 975 587 977 588 638 405 978 588 685 430 753 467 890 541 977 588
152 20 7957 918 556 862 525 483 321 814 500 970 584 556 360 937 566 615 393 452 305 928 562 929 562 898 545 751 466 875 533 632 402 975 587 963 580 829 508 762 472 765 473
153 20 8111 714 446 943 569 527 345 946 571 967 583 995 598 618 394 940 568 606 387 879 535 592 380 888 540 917 556 726 452 902 547 864 527 972 585 842 515 655 414 730 454
154 20 8391 873 532 974 586 887 539 671 423 833 510 942 569 782 482 944 570 928 561 741 460 540 352 691 433 901 547 709 443 862 526 978 588 912 553 989 595 855 522 771 477
155 20 8760 896 544 987 593 964 581 775 479 802 493 903 548 976 587 432 293 943 569 985 592 1000 600 943 569 948 572 923 559 688 432 639 405 996 598 848 518 945 571 928 561
156 20 8079 718 448 829 508 589 378 922 558 421 287 775 479 1000 600 897 544 815 500 625 398 855 522 702 439 909 551 943 570 817 501 902 547 850 519 887 539 923 558 780 481
157 20 8578 862 526 843 515 858 524 977 588 938 567 988 594 784 484 821 503 986 592 988 594 776 479 754 468 739 459 841 515 906 549 732 455 847 518 834 510 734 457 948 572
158 20 7625 751 466 718 448 805 495 533 348 743 462 967 582 928 561 985 592 916 555 437 296 877 534 688 432 998 599 578 372 644 408 888 540 356 252 809 497 928 561 701 439
159 20 7650 736 458 819 502 485 322 884 538 935 565 825 506 582 374 782 482 877 534 836 512 687 431 863 526 960 578 890 541 886 539 509 335 247 194 680 427 919 556 898 545
160 20 8463 838 513 699 438 879 535 476 317 989 595 930 562 877 534 953 575 806 495 653 413 953 575 989 594 645 408 949 572 942 569 950 573 955 576 842 515 615 393 986 592
161 20 8240 781 482 786 485 868 529 847 518 988 594 943 570 761 471 708 443 815 500 915 554 842 515 930 562 904 549 757 469 929 562 941 568 734 457 794 489 808 497 429 292
162 20 8127 962 580 955 576 998 599 529 346 733 456 681 428 583 375 981 590 689 433 722 450 992 596 880 535 706 442 982 590 704 440 918 556 805 495 982 591 898 545 554 359
163 20 7785 724 451 855 522 665 419 581 374 915 555 833 510 917 555 920 557 860 525 400 276 940 568 639 405 963 580 931 563 880 535 894 543 626 398 562 364 722 450 743 461
164 20 8429 783 483 823 505 570 368 929 562 893 543 870 530 962 580 992 596 734 457 864 527 651 412 979 589 874 532 949 573 856 523 998 599 614 392 586 377 958 577 974 586
165 20 8748 959 578 909 551 872 531 725 452 960 579 836 512 821 504 876 533 437 296 982 591 982 591 984 592 988 594 769 476 957 577 938 567 930 563 893 542 804 495 875 533
166 20 8370 990 595 752 466 821 504 237 188 930 563 854 522 622 396 986 592 749 465 963 580 844 516 842 515 812 499 907 550 872 531 916 555 982 590 791 488 948 572 923 559
167 20 7967 702 439 927 561 964 581 809 497 997 599 892 542 755 468 973 586 836 512 740 460 774 478 813 499 967 583 953 575 609 389 581 374 847 518 673 424 901 547 221 180
168 20 8127 934 565 775 479 863 526 445 301 764 473 801 493 806 496 934 565 960 579 928 561 893 542 511 336 690 433 996 598 944 570 947 572 729 454 783 483 710 444 842 515
169 20 7492 914 554 948 572 829 508 503 332 622 396 891 541 531 347 812 499 371 260 951 574 680 428 748 464 450 303 593 381 922 558 802 493 800 492 746 463 913 553 958 577
170 20 8346 207 172 962 580 854 522 988 594 866 528 777 480 931 563 861 525 972 585 814 500 951 574 710 444 950 573 913 553 983 591 820 503 770 476 832 509 716 447 816 501
171 20 7903 899 546 791 487 782 482 908 550 618 394 953 575 994 597 575 371 903 548 756 468 718 448 352 250 649 411 942 569 884 538 519 340 927 561 933 564 989 594 714 446
172 20 8638 794 489 892 542 820 503 965 581 984 591 916 555 938 567 911 552 975 587 917 555 719 449 828 507 866 528 591 379 588 378 768 475 973 586 961 579 996 598 874 532
173 20 7892 736 458 935 565 901 547 814 500 779 481 771 477 917 556 786 485 363 256 888 540 919 557 814 500 810 498 903 548 804 494 973 586 681 428 448 302 615 392 928 561
174 20 8672 946 571 948 572 841 515 897 544 639 405 898 545 985 592 852 520 903 548 969 584 724 451 757 469 670 422 915 554 833 510 976 587 760 470 854 521 994 597 984 592
175 20 8223 710 443 967 582 841 514 803 494 939 567 965 581 949 573 987 593 783 483 665 419 934 565 537 350 963 580 832 510 737 458 161 147 877 534 840 514 961 579 996 598
176 20 7576 883 537 904 548 546 355 374 262 864 527 930 562 956 576 937 566 762 472 856 523 768 475 890 541 530 347 965 582 887 539 766 474 504 333 764 473 481 320 586 377
177 20 7766 837 512 678 427 627 399 834 510 972 585 647 410 868 529 703 440 845 516 909 551 801 493 782 483 590 379 814 500 857 523 639 405 651 412 906 549 701 439 871 530
178 20 7676 752 466 754 467 970 584 639 406 602 385 350 249 868 529 677 426 845 516 999 600 978 588 391 272 793 488 944 570 866 528 688 432 672 423 925 560 930 563 710 444
179 20 8031 633 402 632 402 814 500 883 537 663 418 690 433 774 478 708 442 825 506 773 478 878 535 884 538 690 433 928 561 700 438 988 594 812 499 890 541 997 599 901 547
180 20 7746 233 186 952 574 875 532 690 433 963 580 370 260 704 440 940 568 636 404 900 546 722 450 741 461 853 521 770 476 945 570 801 493 872 531 867 528 917 555 742 461
181 20 7995 849 519 851 520 529 346 949 572 888 540 939 567 807 496 846 517 670 422 757 469 562 364 889 541 960 578 799 492 736 457 888 540 917 555 421 288 908 551 826 506
182 20 7631 210 174 984 592 916 555 872 531 580 373 924 559 245 193 919 557 876 533 658 415 737 458 828 507 784 484 592 380 894 543 791 488 571 368 951 574 944 570 987 593
183 20 8194 957 577 439 298 960 578 939 567 910 552 628 400 989 595 986 593 864 527 552 358 515 338 749 465 732 456 904 548 895 544 997 599 922 558 609 389 921 557 921 558
184 20 8409 815 500 999 600 887 539 425 290 915 554 738 459 733 456 940 568 974 586 825 506 926 560 934 565 984 592 849 519 993 596 715 447 645 408 915 554 714 446 893 542
185 20 8433 983 591 976 587 894 543 853 521 852 520 696 436 919 556 783 483 893 543 900 546 323 235 882 536 903 548 851 520 963 580 941 568 990 595 913 553 384 268 968 583
186 20 7828 769 475 762 472 865 527 712 444 951 574 942 569 863 526 963 580 880 535 257 199 731 455 849 519 814 500 632 402 886 539 884 538 512 337 581 374 852 520 951 574
187 20 8095 969 583 774 478 818 502 699 437 685 430 917 555 990 595 551 358 835 511 577 372 931 563 475 317 985 592 864 527 936 566 876 533 652 413 940 568 785 484 931 563
188 20 8103 869 530 917 555 892 542 959 578 753 467 746 463 916 555 617 393 756 469 956 576 819 503 713 445 983 591 760 471 960 579 997 599 909 551 826 506 293 219 566 366
189 20 8292 956 576 870 530 921 558 515 338 969 584 977 588 721 450 631 401 987 593 555 360 814 500 813 499 981 590 898 545 765 473 594 381 957 577 996 598 858 524 807 496
190 20 8209 926 560 474 316 425 290 975 587 671 423 723 451 769 475 975 587 788 486 819 502 679 427 950 573 901 547 998 599 960 578 946 571 642 407 865 527 966 582 967 583
191 20 7828 894 543 977 588 815 500 997 599 580 374 654 414 425 290 502 331 650 411 914 554 991 595 922 558 564 365 759 470 582 374 980 590 689 432 950 573 834 511 977 588
192 20 8100 930 562 493 326 921 558 565 365 767 475 998 599 544 354 755 468 958 578 754 467 852 520 960 578 602 385 971 585 924 559 999 600 954 575 892 542 874 532 488 324
193 20 8774 976 587 979 589 982 590 840 514 885 538 888 539 890 541 582 374 578 372 982 591 905 549 858 524 701 439 985 592 865 528 972 585 961 579 871 530 942 569 906 550
194 20 7571 813 499 872 531 725 451 517 339 584 376 519 341 987 593 1000 600 969 584 864 527 830 508 906 549 734 457 989 594 618 394 831 509 815 500 685 430 484 322 400 276
195 20 7951 908 551 756 469 755 468 839 513 814 500 842 515 910 552 750 465 572 369 817 501 863 526 905 549 848 518 272 207 790 487 959 578 812 499 735 457 810 497 945 570
196 20 7944 759 470 847 517 561 363 816 501 650 411 787 485 733 456 806 495 796 490 853 521 777 480 926 560 838 513 880 535 829 508 764 473 788 486 859 524 676 426 944 570
197 20 7883 846 517 885 538 800 492 856 522 995 597 461 309 977 588 920 557 975 587 910 552 552 359 752 466 535 349 809 497 920 557 520 341 804 494 648 410 948 572 653 413
198 20 7989 959 578 262 201 764 473 979 589 877 534 734 456 835 511 934 564 742 461 600 384 901 547 705 441 870 530 596 382 960 579 844 516 965 581 479 319 975 587 998 599
199 20 7595 855 522 740 460 882 537 584 375 804 494 914 554 716 447 491 325 753 467 522 342 836 512 474 316 757 469 932 563 711 444 963 580 934 564 884 538 475 317 963 580
200 20 8490 876 534 997 599 956 577 753 467 741 460 850 519 774 478 562 363 895 544 714 446 951 574 745 462 919 556 905 549 954 575 767 475 795 489 953 575 893 542 981 590
201 20 7965 862 526 979 589 786 485 638 405 738 459 912 553 570 368 925 560 910 552 764 473 664 419 888 540 519 340 964 581 667 421 799 492 763 472 957 577 847 518 779 481
202 20 7369 820 503 536 350 742 461 894 543 906 550 376 263 937 566 856 522 674 424 669 421 582 375 370 260 553 359 724 451 935 565 782 483 842 515 853 521 962 580 726 452
203 20 7870 944 570 639 405 734 456 776 479 857 523 619 395 996 598 1000 600 829 508 700 438 645 408 922 558 683 429 944 570 185 160 931 563 879 535 627 399 880 535 950 573
204 20 8257 375 263 910 551 908 550 951 574 420 287 998 599 934 565 792 488 964 581 977 588 983 591 886 539 546 355 876 533 981 590 836 512 977 588 854 521 829 508 517 339
205 20 7840 862 526 744 462 892 542 923 559 851 520 965 581 787 485 502 331 942 569 706 442 792 488 775 479 527 345 796 490 941 568 837 512 675 425 619 395 790 487 755 468
206 20 8094 655 414 977 588 902 548 824 505 909 551 449 303 945 570 621 396 879 535 926 561 941 568 985 592 888 540 930 563 961 579 429 292 874 532 557 361 877 534 660 417
207 20 8682 950 573 978 589 950 573 918 556 832 509 989 594 898 545 900 546 857 523 983 591 866 528 926 560 667 420 914 554 883 537 999 600 569 368 464 311 979 589 842 515
208 20 8250 986 593 859 524 717 447 889 540 962 580 688 432 501 331 853 521 940 568 936 565 908 551 888 540 920 557 864 527 879 535 958 578 758 469 568 367 581 374 846 517
209 20 8652 927 561 941 568 632 401 943 569 968 583 954 575 889 540 921 558 897 544 900 546 999 600 919 556 783 483 757 469 896 544 670 422 858 523 624 397 973 586 854 521
210 20 8201 990 595 806 496 864 527 671 422 601 385 720 449 828 508 947 572 779 481 1000 600 984 592 905 549 649 411 884 538 927 561 661 417 685 430 760 471 968 583 774 478
211 20 8234 831 509 854 521 983 591 588 378 922 558 570 368 509 335 676 425 789 486 964 581 943 569 749 465 890 541 696 436 861 525 987 593 911 552 841 514 951 574 953 575
212 20 7679 651 412 859 524 977 588 810 498 558 362 590 379 572 369 343 245 817 502 903 548 673 424 864 527 838 513 923 559 869 529 923 558 828 507 706 441 858 523 796 490
213 20 8305 753 467 977 588 788 486 934 565 897 544 874 532 707 442 746 463 956 577 580 374 981 590 896 544 650 411 891 541 999 600 696 436 966 582 857 523 632 402 830 509
214 20 8482 966 582 770 476 808 497 724 451 992 596 559 362 993 596 942 569 903 548 979 589 996 598 468 313 741 461 833 510 941 568 932 563 952 574 634 403 839 513 992 596
215 20 8010 965 581 983 591 606 388 420 287 827 507 855 522 522 342 707 442 878 534 600 384 604 386 611 390 850 519 969 583 993 596 880 535 851 520 963 581 946 571 991 595
216 20 7676 923 559 807 496 958 577 917 555 963 580 867 528 923 558 652 412 866 528 95 112 989 594 849 519 428 291 773 478 907 550 670 422 734 457 482 320 871 530 679 427
217 20 8042 990 595 543 353 876 533 857 523 937 566 445 301 985 592 847 518 710 443 852 520 817 501 946 571 752 466 783 483 681 428 591 379 846 517 899 546 763 472 965 581
218 20 7994 702 439 727 453 597 383 855 522 939 567 880 535 709 443 858 524 903 548 648 410 953 575 963 580 848 518 661 417 888 540 920 557 700 438 926 560 652 412 660 417
219 20 8296 611 390 825 506 710 444 975 587 973 585 997 599 655 414 991 596 958 578 672 423 680 427 928 561 873 532 614 392 974 586 922 558 733 456 960 578 592 380 950 573
220 20 7527 661 417 958 578 688 432 840 514 818 502 950 573 707 442 898 545 471 314 779 481 668 421 609 389 800 492 537 350 464 311 870 530 856 523 930 563 976 587 574 370
221 20 8288 859 524 918 556 773 477 892 542 775 479 694 435 815 500 844 516 940 568 547 356 684 430 903 548 928 561 961 579 904 548 967 582 847 517 717 447 720 449 889 540
222 20 8530 984 592 852 520 734 456 663 418 986 593 754 467 882 536 917 555 861 525 999 600 965 581 777 480 581 374 777 480 796 490 850 519 908 550 882 537 959 578 934 564
223 20 7596 846 517 722 450 755 468 458 308 919 556 517 339 947 571 828 507 675 425 675 424 905 549 850 519 449 303 860 525 990 595 280 211 939 567 900 546 873 531 805 495
224 20 7700 994 597 258 200 311 228 956 576 820 503 842 515 999 600 987 593 830 508 957 577 886 539 873 532 692 434 852 520 715 447 966 582 838 513 725 452 270 206 629 400
225 20 7597 543 354 867 529 921 557 646 409 745 462 918 556 803 494 681 428 685 430 614 392 983 591 757 469 484 321 952 574 929 562 940 568 836 511 794 489 588 378 508 334
226 20 7792 881 536 927 561 577 372 723 451 877 534 552 359 650 411 977 588 823 504 980 590 630 400 647 410 852 520 853 521 886 539 388 270 691 433 834 511 991 596 846 517
227 20 8613 562 364 978 588 651 412 945 570 851 520 900 546 993 596 922 558 852 520 929 562 756 468 960 579 903 548 684 430 822 504 976 588 875 533 876 533 927 561 865 527
228 20 8524 711 444 553 359 718 448 809 497 906 550 893 543 978 588 972 585 949 573 862 526 997 599 886 539 900 546 998 599 544 354 959 578 992 596 930 563 555 360 936 566
229 20 8187 708 442 939 567 393 272 727 453 978 588 938 567 865 527 488 324 969 583 839 513 986 593 933 564 891 541 816 501 703 440 817 501 964 581 862 526 912 553 647 410
230 20 8586 955 576 824 505 907 550 874 532 804 494 792 488 863 526 897 545 1000 600 731 455 802 493 904 549 910 552 966 582 997 599 762 472 705 441 579 373 952 574 949 573
231 20 8132 576 371 910 551 787 485 795 489 929 562 987 593 753 467 349 249 774 478 878 535 992 596 738 459 954 575 815 500 963 580 512 337 981 590 946 571 668 421 958 577
232 20 8515 948 572 993 596 898 545 943 570 706 441 983 591 713 445 672 423 640 406 873 532 907 550 991 595 956 576 701 439 910 552 758 470 780 481 719 449 964 581 976 587
233 20 8065 648 410 921 557 330 238 969 583 839 513 644 408 935 565 775 479 974 586 790 487 829 508 949 573 993 597 996 598 877 534 543 354 755 468 655 414 916 555 792 488
234 20 7942 562 364 870 530 755 468 879 535 990 595 951 574 623 396 283 213 831 509 879 535 915 554 874 532 819 503 798 491 863 526 919 556 537 350 944 570 915 554 677 426
235 20 8029 645 408 812 499 876 533 1000 600 685 430 653 413 826 506 887 539 648 410 628 399 680 428 622 396 782 482 973 585 878 534 948 572 986 593 873 532 952 574 705 441
236 20 7853 821 503 995 598 652 412 886 538 972 585 984 592 940 568 455 306 538 351 278 211 993 597 934 565 351 250 946 571 952 574 890 541 935 565 671 423 599 384 915 554
237 20 7960 794 489 780 481 710 444 976 587 742 461 891 541 883 537 554 359 764 473 732 456 802 493 922 558 981 590 313 230 876 533 940 568 766 474 779 481 932 563 783 483
238 20 7899 991 595 942 569 865 528 821 504 711 444 871 530 649 411 465 312 760 471 871 530 598 383 957 577 696 436 823 505 804 494 674 424 893 543 550 357 874 532 984 592
239 20 7904 703 440 982 590 870 530 410 282 966 582 692 434 287 215 647 410 927 561 598 383 802 493 955 576 862 525 914 554 627 399 907 550 971 584 985 592 855 522 848 518
240 20 7770 590 379 981 590 700 438 938 567 890 541 581 374 979 589 801 493 701 439 331 239 786 485 607 388 801 493 992 596 596 382 606 387 825 506 935 565 980 590 920 557
241 20 7890 998 599 867 528 991 595 990 595 843 515 645 409 458 308 908 551 857 523 835 511 550 357 703 440 975 587 880 535 754 467 638 405 888 540 905 549 400 276 695 435
242 20 8727 589 379 721 450 973 586 995 598 975 587 744 462 834 510 958 577 904 548 860 525 967 583 944 570 817 501 840 514 986 593 904 548 856 523 843 516 809 497 936 566
243 20 8243 931 563 545 354 913 553 978 589 657 415 810 498 860 525 799 492 876 533 965 582 819 503 940 568 880 535 941 568 782 482 822 504 458 307 793 488 880 535 838 513
244 20 8643 922 558 959 578 660 417 715 446 662 418 877 534 938 567 912 553 845 516 724 451 984 591 986 592 885 538 963 580 896 544 742 461 889 540 937 566 880 536 910 552
245 20 8461 970 584 841 514 643 407 670 422 970 584 908 551 974 586 628 399 946 571 900 546 541 353 818 502 851 520 989 594 855 522 961 579 843 515 964 581 909 551 742 461
246 20 8372 872 531 955 576 882 537 686 431 958 577 928 562 1000 600 917 555 836 512 843 516 622 396 835 511 722 450 870 530 947 571 384 268 954 575 989 595 871 530 674 424
247 20 8525 705 441 717 448 953 575 968 583 816 501 741 460 976 587 918 556 985 592 993 597 741 460 627 399 982 590 992 596 706 441 890 541 881 536 508 334 970 584 981 590
248 20 7467 895 543 950 573 645 409 416 285 821 503 840 514 757 469 448 302 662 418 368 259 994 597 873 532 833 510 658 415 955 576 654 414 777 480 973 586 666 420 749 465
249 20 8020 783 483 936 566 895 543 973 586 969 584 976 587 828 507 906 549 637 404 999 599 820 503 503 332 957 577 728 454 531 347 582 375 563 364 850 519 747 464 857 523
250 20 8026 344 246 760 471 833 510 996 598 934 564 641 406 931 563 937 566 866 528 752 466 470 314 990 595 769 476 678 426 896 544 790 487 829 508 884 538 813 499 939 567
251 20 8579 976 587 993 596 747 464 990 595 794 489 716 447 972 585 624 397 850 519 906 549 846 517 953 575 915 554 960 578 840 514 987 593 489 324 990 595 627 399 984 592
252 20 8624 892 542 956 577 967 582 960 579 617 394 924 559 687 431 992 596 949 573 863 526 992 596 967 583 998 599 766 474 676 425 870 530 774 478 645 409 978 588 776 479
253 20 7780 829 508 936 566 415 284 995 597 424 289 725 452 481 320 644 408 986 593 788 486 611 390 984 591 893 542 671 423 950 573 808 496 989 594 787 485 652 412 993 596
254 20 8459 948 572 820 503 928 561 569 368 984 592 968 583 629 400 924 559 828 507 783 483 868 529 931 563 915 554 840 514 922 558 943 569 856 522 797 491 709 443 757 469
255 20 7959 928 562 801 493 650 411 861 525 779 481 991 595 812 499 743 462 566 366 467 312 921 558 815 500 730 454 757 469 680 428 997 599 868 529 717 448 847 518 989 594
256 20 8253 814 500 882 537 999 600 872 531 625 398 395 274 963 580 793 488 806 495 703 440 488 324 639 405 850 519 948 572 998 599 996 598 959 578 926 561 919 557 932 563
257 20 8567 939 567 887 539 889 540 902 547 983 591 723 450 821 503 885 538 959 578 824 505 814 500 972 585 947 572 871 531 801 493 840 514 627 399 849 518 849 519 752 466
258 20 7772 971 584 520 341 859 524 988 594 877 534 247 194 747 464 552 358 644 408 883 537 678 427 909 551 813 499 560 363 968 583 807 496 908 550 754 468 910 552 950 573
259 20 8178 787 485 801 493 614 392 834 511 980 589 920 557 950 573 802 493 797 491 740 460 890 541 921 557 640 406 966 582 823 505 640 406 907 550 770 476 732 456 843 516
260 20 8679 669 421 940 568 767 474 902 547 769 475 995 597 973 585 707 442 903 548 940 568 879 535 925 560 968 583 897 545 847 518 933 564 864 527 991 595 928 561 561 363
261 20 7445 569 368 599 384 879 535 932 564 651 412 758 469 644 408 933 564 905 549 179 157 666 420 984 592 854 521 957 577 442 299 956 576 771 476 664 419 744 462 804 495
262 20 8405 994 597 763 472 845 516 736 457 693 434 860 525 917 555 821 503 952 575 966 582 912 553 840 514 555 360 979 589 833 510 976 587 597 382 996 598 816 501 759 470
263 20 8211 555 360 900 546 803 494 974 586 872 531 1000 600 634 403 769 476 414 284 984 592 794 489 961 579 578 372 716 447 794 489 990 595 820 503 955 576 951 574 958 577
264 20 7636 706 441 899 546 759 470 929 562 518 340 950 573 606 387 916 555 918 556 785 484 873 532 476 318 525 344 641 407 790 487 702 439 967 582 738 459 726 452 849 519
265 20 8133 500 330 888 540 838 513 700 438 680 428 905 549 839 513 994 597 711 444 746 463 974 586 916 555 854 522 779 481 952 574 902 547 684 430 630 401 928 562 847 518
266 20 8100 701 439 726 452 961 579 952 574 929 562 977 588 828 508 713 445 726 452 907 550 409 281 808 497 547 356 897 545 831 509 654 413 804 494 889 540 967 583 974 586
267 20 8317 757 469 955 576 756 469 625 398 991 595 962 580 949 573 980 590 503 332 981 590 969 583 747 464 744 462 765 473 923 559 767 474 926 560 609 389 899 546 827 507
268 20 8209 605 387 791 487 740 460 937 566 847 518 596 382 846 517 917 555 910 551 816 501 895 544 951 574 956 576 898 545 861 525 769 475 985 592 837 512 582 375 680 427
269 20 7708 975 587 853 521 217 177 669 422 594 381 955 576 486 323 834 510 989 594 723 451 812 498 891 541 816 501 803 494 269 206 956 576 888 540 997 599 994 597 696 436
270 20 8594 498 329 972 585 979 589 803 494 756 468 972 585 910 552 943 570 849 519 989 594 938 566 860 525 500 330 741 461 973 586 730 455 971 585 880 535 943 570 982 590
271 20 7823 976 588 733 456 457 307 747 464 943 569 839 513 469 313 971 585 962 580 694 435 841 514 697 437 890 541 511 336 844 516 696 436 917 556 812 499 891 541 756 469
272 20 8175 954 575 855 522 764 473 687 431 661 417 986 593 607 388 606 387 852 520 848 518 816 501 925 560 767 475 878 534 858 524 774 478 923 559 813 499 829 508 947 572
273 20 8097 517 339 979 589 708 442 972 585 708 443 969 583 540 352 600 384 855 522 922 558 793 488 714 446 765 474 948 572 922 558 989 594 832 510 955 576 833 510 674 424
274 20 8025 664 419 729 454 999 600 853 521 912 553 613 391 919 556 948 572 915 554 685 430 860 524 951 574 681 428 857 523 767 474 505 333 879 535 818 502 605 387 891 541
275 20 8390 913 553 640 406 960 579 725 452 688 432 910 552 811 498 974 586 778 480 990 595 941 568 550 357 953 575 970 584 977 588 807 496 497 329 968 583 757 469 972 585
276 20 8319 865 527 453 305 943 569 954 575 917 556 681 428 888 540 971 585 836 512 932 564 781 482 834 511 827 507 936 565 740 460 697 437 688 432 854 521 975 587 867 529
277 20 7885 820 503 857 523 949 572 1000 600 901 547 591 379 825 506 854 521 948 572 839 513 987 593 949 573 503 332 987 593 723 451 758 470 815 500 527 345 452 304 485 322
278 20 8012 1000 600 727 453 795 490 861 525 534 349 745 463 759 470 851 520 601 385 681 428 754 468 752 466 995 598 980 590 955 576 772 477 878 534 710 444 838 513 836 511
279 20 7326 772 477 783 483 655 414 643 408 848 518 485 322 694 435 486 322 751 466 924 559 509 335 656 414 982 591 682 429 934 564 789 486 816 501 723 451 958 578 562 364
280 20 8211 632 402 1000 600 983 591 998 599 932 563 537 350 996 598 991 596 989 595 876 533 548 356 727 453 728 454 1000 600 804 494 595 381 997 599 669 421 630 400 790 487
281 20 7955 741 461 749 465 924 559 851 520 642 407 942 569 747 464 944 570 915 554 986 592 752 466 988 594 908 551 238 189 997 599 858 523 639 406 305 225 934 564 850 519
282 20 7282 937 566 964 581 762 472 604 386 879 535 425 290 828 507 225 182 363 256 820 503 836 512 972 585 593 380 424 289 579 373 848 518 952 574 924 559 779 481 850 519
283 20 8086 679 427 670 422 738 458 807 496 773 477 920 557 769 475 999 599 770 476 890 541 608 389 924 559 989 594 698 437 960 579 983 591 755 468 690 433 974 586 577 372
284 20 7913 875 533 725 452 580 373 650 411 946 571 897 544 755 468 732 455 921 558 727 453 697 437 868 529 505 333 759 470 916 555 845 516 869 529 952 574 631 401 977 588
285 20 7980 683 429 984 592 881 536 883 537 987 593 908 551 877 534 656 415 428 291 859 524 917 555 615 392 594 381 719 448 697 437 683 429 973 586 703 440 933 564 980 589
286 20 8231 957 577 540 352 648 410 927 561 790 487 721 449 880 535 962 580 990 595 606 387 998 599 846 517 980 589 786 485 816 501 775 479 898 545 612 391 909 551 822 504
287 20 7887 805 495 571 369 900 546 907 550 987 593 739 459 968 583 958 577 751 466 436 296 984 591 790 487 837 512 982 590 781 482 875 533 461 309 673 423 426 290 943 570
288 20 7938 850 519 970 584 609 389 858 524 819 502 770 476 918 556 746 463 925 560 925 560 444 300 915 554 958 578 995 598 619 395 944 570 544 354 708 442 599 384 760 471
289 20 8380 777 480 698 437 979 589 922 558 797 490 971 585 857 523 803 494 898 545 905 549 902 547 1000 600 980 589 448 302 882 536 759 470 942 569 757 469 799 492 684 430
290 20 7799 808 497 631 401 704 440 888 540 815 500 660 417 901 547 961 579 916 555 787 485 930 563 370 260 773 478 890 541 867 528 737 458 917 555 453 305 718 448 873 532
291 20 8587 941 569 963 580 773 478 748 464 842 515 977 588 747 464 841 515 972 585 784 483 909 551 934 564 621 396 928 561 985 592 678 426 827 507 844 516 918 556 942 569
292 20 7867 852 521 966 582 595 382 774 478 888 540 926 560 718 448 845 517 711 444 551 358 783 483 935 565 972 585 906 549 465 312 837 512 740 460 744 462 747 464 779 481
293 20 7594 874 532 958 578 972 585 742 461 417 285 888 540 968 583 680 427 466 312 424 289 979 589 714 446 852 520 830 508 451 304 683 429 911 552 761 471 694 435 924 559
294 20 8002 879 535 583 375 891 542 873 532 867 528 831 509 820 503 453 305 920 557 852 520 973 585 858 523 788 486 989 594 825 506 847 518 890 541 769 476 559 362 538 351
295 20 8269 912 552 949 573 906 550 914 554 938 567 914 554 607 388 899 546 707 442 690 433 720 449 931 563 891 541 989 594 830 508 521 342 790 487 790 487 712 445 929 562
296 20 7902 665 419 707 442 776 480 811 498 987 593 914 554 652 412 875 533 925 560 965 581 677 426 737 458 945 571 961 579 839 513 504 333 587 377 925 560 851 520 501 331
297 20 8163 972 585 915 554 772 477 908 551 940 568 1000 600 629 400 854 521 536 350 812 499 996 598 692 434 896 544 817 501 548 356 827 507 964 581 731 455 702 439 816 501
298 20 7996 953 575 763 472 522 342 587 377 619 394 776 479 647 410 803 494 923 559 421 288 953 575 898 545 891 541 960 578 916 555 690 433 894 543 983 591 997 599 796 490
299 20 8645 937 566 848 518 930 562 775 479 861 525 977 588 731 455 919 556 862 526 842 515 867 528 962 580 835 511 850 519 872 531 944 570 966 582 957 577 933 564 423 288
300 20 8014 652 413 712 445 953 575 897 545 759 470 833 510 889 540 934 565 730 454 940 568 972 585 616 393 779 481 806 496 993 596 628 399 369 260 938 567 644 408 984 592
301 20 8323 948 572 687 431 480 320 570 368 822 504 943 570 998 599 901 547 661 417 825 506 961 579 952 575 730 454 589 378 869 529 941 568 931 563 889 540 961 579 989 594
302 20 8237 721 450 606 388 1000 600 810 498 874 532 597 383 902 547 537 350 716 447 972 585 753 467 554 360 956 577 909 551 961 579 974 586 946 571 959 578 997 599 730 454
303 20 8149 857 523 923 559 974 586 865 527 517 339 587 377 990 595 937 566 618 394 872 531 990 595 732 455 950 573 713 445 888 540 954 575 848 518 909 551 877 534 297 221
304 20 7945 726 452 868 529 641 406 621 395 848 518 911 552 573 370 761 471 889 540 942 569 826 506 940 568 984 591 931 563 825 506 470 314 894 543 762 472 858 523 621 396
305 20 8153 887 539 844 516 733 456 903 548 646 409 864 527 789 486 760 471 877 534 486 322 983 591 985 592 999 600 946 571 760 471 948 572 794 489 714 446 986 593 402 277
306 20 8071 971 585 919 556 827 507 795 490 776 479 863 526 984 591 703 440 837 512 698 437 866 528 633 402 761 471 954 576 910 552 538 351 694 435 703 440 814 500 896 544
307 20 7817 843 515 905 549 982 591 932 564 896 544 897 545 531 347 697 436 771 476 642 407 958 578 880 535 832 510 932 564 160 147 674 424 732 456 827 507 981 590 562 364
308 20 7456 872 531 503 332 736 458 870 530 856 522 527 345 986 593 317 232 817 501 792 488 597 383 998 599 644 408 901 547 757 469 969 583 469 313 644 408 845 517 812 499
309 20 7881 812 499 474 316 781 482 532 347 962 580 927 561 861 525 516 339 919 556 922 558 880 536 981 590 975 587 791 487 753 467 674 424 698 437 997 598 632 402 676 425
310 20 8298 999 600 918 556 485 322 968 583 825 506 824 505 898 545 452 304 748 464 849 518 911 552 879 535 922 558 733 456 952 574 949 572 896 544 528 345 884 537 977 588
311 20 8357 671 423 738 459 984 592 924 559 548 356 910 551 759 470 981 590 902 547 912 553 973 585 959 578 942 569 988 594 956 577 742 461 950 573 258 200 854 521 764 473
312 20 7514 932 564 745 462 426 290 812 498 498 329 713 445 899 546 751 466 952 574 981 590 780 482 796 490 681 428 627 399 768 475 750 465 729 454 739 459 880 535 569 368
313 20 7704 786 484 368 259 682 428 396 274 767 474 893 542 850 519 829 508 812 499 798 491 818 502 949 573 997 599 818 502 424 289 704 440 783 483 935 565 846 517 954 575
314 20 8254 596 382 940 568 499 329 875 533 288 216 683 429 985 592 863 526 998 599 958 577 639 405 834 511 941 568 968 583 972 585 979 589 912 553 880 536 736 457 962 580
315 20 8227 430 292 577 372 621 395 845 517 918 556 960 579 844 516 776 479 720 449 929 562 849 519 957 577 948 572 952 574 904 548 976 588 776 479 623 397 915 554 934 564
316 20 8244 957 577 994 597 843 516 369 259 957 577 634 402 926 560 745 462 934 565 841 514 854 521 898 545 836 512 854 521 707 442 780 481 979 589 646 409 845 516 890 541
317 20 8454 863 526 953 575 717 448 664 419 960 579 970 584 743 462 857 523 751 466 910 552 403 278 973 585 872 531 983 591 899 545 929 562 949 573 984 592 634 402 894 543
318 20 8146 808 497 843 516 948 572 810 498 496 328 805 495 987 593 434 295 805 495 888 540 843 516 932 564 926 560 905 549 550 357 909 551 502 331 953 575 993 597 955 576
319 20 7767 476 317 837 512 897 545 690 433 956 577 721 450 753 467 440 298 475 317 867 529 812 499 696 436 693 434 932 564 772 477 848 518 995 598 925 560 823 505 927 561
320 20 7930 750 465 717 448 870 530 863 526 999 600 588 378 944 570 656 414 785 484 794 489 949 573 843 515 765 473 695 435 727 453 679 427 831 509 961 579 747 464 698 437
321 20 8175 737 458 825 506 893 543 803 494 972 585 891 541 627 399 889 540 522 342 721 449 506 334 877 534 895 544 945 571 766 474 888 540 957 577 833 510 860 525 943 569
322 20 8385 938 567 936 566 738 459 573 370 854 521 576 371 768 475 903 548 844 516 942 569 850 519 968 583 880 535 861 525 718 448 944 570 718 448 942 569 931 563 886 539
323 20 7708 913 553 924 559 670 422 869 529 971 585 611 390 683 429 550 357 782 482 745 463 866 528 982 590 494 327 986 593 674 424 746 463 842 515 598 383 702 439 808 496
324 20 7534 425 290 819 503 466 312 657 415 653 413 930 563 999 600 809 497 823 504 862 526 617 393 867 529 949 573 475 317 874 532 943 569 307 226 924 559 709 443 961 579
325 20 7985 996 598 877 534 801 493 646 409 839 513 790 487 679 427 610 390 858 524 870 530 592 380 869 530 946 571 283 213 960 579 761 471 887 539 817 501 930 562 959 578
326 20 8219 827 507 975 587 725 452 850 519 920 557 923 559 975 586 891 542 640 406 907 550 998 599 386 269 627 399 356 252 720 449 994 597 978 588 916 555 875 532 956 576
327 20 7387 837 512 898 545 841 514 310 228 850 519 732 456 665 419 992 596 835 511 820 503 279 211 835 511 862 526 369 260 828 507 835 511 718 448 676 425 638 405 955 576
328 20 7351 543 353 471 315 803 494 921 557 718 448 742 461 909 551 610 390 813 499 820 503 950 573 461 309 909 551 909 551 742 461 739 459 955 576 320 233 854 522 514 338
329 20 8350 755 468 894 543 967 583 972 585 776 479 703 440 827 507 479 319 974 586 905 549 894 543 829 508 941 569 867 528 966 582 839 513 713 445 849 519 696 436 855 522
330 20 8290 874 532 711 444 814 500 892 542 925 560 972 585 986 593 851 520 598 383 839 513 604 386 918 556 864 527 756 469 1000 600 896 544 354 251 871 531 868 529 988 594
331 20 8185 932 564 538 351 910 552 600 384 953 575 835 511 957 577 697 437 962 580 994 597 528 345 718 448 976 587 869 530 550 357 947 572 946 571 755 468 993 596 711 444
332 20 8428 948 572 876 533 746 463 573 370 940 568 962 580 905 549 991 596 986 592 961 579 788 486 813 499 729 454 694 435 519 340 861 525 944 570 735 457 908 550 978 588
333 20 8277 712 445 984 592 932 564 719 449 867 528 764 473 940 568 581 374 974 586 926 560 511 336 910 551 965 581 985 592 642 407 921 558 621 396 790 487 814 500 996 598
334 20 7800 786 484 963 580 372 261 361 255 641 406 652 412 908 551 935 565 932 564 412 283 968 583 860 524 990 595 760 471 749 465 850 519 662 418 892 542 951 574 957 577
335 20 8574 711 444 773 478 927 561 976 587 768 475 824 505 968 583 819 502 873 531 904 549 789 486 989 594 569 368 890 541 879 535 952 574 959 578 866 528 909 551 804 494
336 20 8161 821 503 831 509 876 533 970 584 799 491 427 291 940 568 967 582 925 560 429 292 858 524 626 399 748 464 751 466 824 505 836 512 882 536 963 580 963 580 887 539
337 20 8034 951 574 921 557 664 419 998 599 878 534 653 413 762 471 902 547 815 500 887 539 725 452 762 472 956 576 768 475 784 483 451 304 788 486 899 546 874 532 631 401
338 20 7326 548 356 486 323 673 423 978 589 785 484 957 577 883 537 954 575 779 481 846 517 506 333 807 496 935 565 498 329 710 444 975 587 329 238 210 173 878 535 915 554
339 20 8121 879 535 983 591 884 537 953 575 166 150 563 364 836 512 913 553 935 565 900 546 972 585 513 337 901 547 914 554 580 374 723 451 886 539 891 541 934 565 916 555
340 20 8626 840 514 968 583 816 501 983 591 977 588 828 507 971 584 794 489 965 581 860 524 371 261 929 562 911 552 690 433 994 597 936 566 993 596 562 364 934 565 930 562
341 20 7650 895 543 963 580 480 319 791 487 335 241 917 555 962 580 680 427 830 508 887 539 775 479 834 511 452 304 521 341 892 542 807 496 789 487 739 459 978 588 773 478
342 20 7574 823 505 622 396 917 555 485 322 469 314 654 413 968 583 808 497 825 506 893 542 950 573 758 470 435 295 879 535 846 517 901 547 603 386 514 338 934 565 864 527
343 20 7741 932 563 877 534 493 326 777 480 832 510 662 418 667 420 965 582 539 352 772 477 849 519 856 522 954 576 670 422 360 254 755 468 702 439 916 555 990 595 915 555
344 20 7512 854 521 795 490 769 475 894 543 1000 600 874 532 517 339 419 287 807 496 702 440 698 437 691 433 697 436 786 485 668 421 947 571 447 301 806 495 760 470 894 543
345 20 8219 920 557 904 548 989 594 728 453 984 592 741 461 882 536 677 426 988 594 221 180 991 596 904 548 825 506 958 578 910 551 729 454 589 378 813 499 781 482 904 548
346 20 7868 396 274 914 554 691 433 758 469 849 519 531 347 929 562 764 473 870 530 981 590 573 370 832 510 648 410 984 592 975 587 694 435 790 487 846 517 874 532 838 513
347 20 8147 953 575 988 594 962 579 798 491 510 336 952 574 785 484 994 597 669 422 927 561 814 500 623 397 821 504 933 564 587 377 966 582 395 273 871 531 842 515 904 548
348 20 8273 965 581 837 512 794 489 920 557 874 532 787 485 957 577 802 493 842 515 629 400 642 407 706 441 991 595 620 395 634 403 985 592 975 587 765 474 843 516 979 589
349 20 7937 877 534 802 493 970 584 797 491 507 334 604 386 972 585 646 409 822 504 903 548 883 537 701 439 751 466 573 370 764 473 564 365 841 514 947 572 963 580 987 593
350 20 7478 791 488 572 369 787 485 652 412 800 492 865 527 613 391 773 478 912 553 681 428 414 284 822 504 973 585 717 447 976 587 782 483 737 458 920 557 205 171 965 581
351 20 8387 743 462 766 474 839 513 779 481 650 411 941 569 802 493 658 415 949 573 950 573 863 526 911 552 984 591 964 581 962 580 919 557 896 544 868 529 850 519 481 320
352 20 7782 590 379 944 570 657 415 416 285 612 391 823 505 954 576 934 564 995 598 886 539 473 316 656 415 767 474 721 449 929 562 789 487 603 386 930 563 920 557 966 582
353 20 8569 936 566 917 555 1000 600 870 530 643 407 564 365 840 514 917 556 930 562 875 533 952 574 786 484 876 533 897 545 931 563 708 442 876 534 879 535 958 577 784 483
354 20 8676 978 588 977 588 955 576 955 576 674 424 853 521 989 594 909 551 515 338 891 542 944 570 940 568 593 380 774 478 919 557 976 587 910 552 641 407 969 584 991 595
355 20 8011 770 476 832 510 978 588 856 523 801 493 892 542 842 515 679 427 918 556 490 325 693 434 528 345 990 595 616 393 901 547 857 523 698 437 966 582 719 449 996 598
356 20 8479 702 439 801 493 970 584 824 505 830 509 924 559 527 345 938 567 581 374 994 597 921 558 884 538 838 513 869 530 1000 600 859 524 893 543 959 578 647 409 997 599
357 20 8597 716 447 715 446 784 484 970 584 833 510 832 510 849 519 947 572 470 314 965 581 904 549 732 456 907 550 972 585 882 536 929 562 940 568 997 598 968 583 883 537
358 20 7344 457 307 668 421 980 590 375 263 564 365 469 314 991 595 617 393 851 520 829 508 888 540 478 318 853 521 804 494 784 483 903 548 508 335 962 580 883 537 825 506
359 20 8059 859 524 616 393 884 538 768 475 972 585 732 456 974 586 748 464 243 191 906 549 960 578 931 563 762 472 984 592 553 359 970 584 906 550 724 451 744 462 882 537
360 20 8083 948 572 801 493 804 494 766 474 762 472 892 542 829 508 475 317 857 523 884 537 809 497 539 351 975 587 966 582 949 573 570 368 708 442 860 524 945 570 827 507
361 20 7844 899 545 946 571 713 445 538 351 630 400 962 580 734 457 945 571 823 505 717 448 797 491 730 455 803 494 514 338 741 460 981 590 563 364 818 502 877 534 957 577
362 20 7170 599 384 778 480 967 582 919 556 927 561 545 355 843 515 774 478 736 457 359 254 986 592 803 494 447 301 543 353 566 366 406 280 822 504 799 491 942 569 580 374
363 20 7896 841 514 476 317 651 412 946 571 958 577 871 530 841 514 656 414 582 375 963 580 331 239 982 590 709 443 775 478 875 532 968 583 704 441 949 573 715 446 999 600
364 20 7970 617 393 930 562 943 569 861 525 964 581 755 468 860 525 947 572 372 261 835 511 465 311 968 583 945 570 819 502 708 443 725 452 865 527 923 558 765 473 674 424
365 20 7521 874 532 633 402 671 423 934 565 482 320 734 457 787 485 728 453 796 490 932 563 813 499 981 590 695 435 855 522 827 507 590 379 660 417 311 228 819 503 920 557
366 20 7856 882 536 848 518 713 446 770 476 984 592 893 542 844 516 931 563 555 360 531 347 467 312 956 576 570 368 989 594 494 327 847 518 827 507 994 597 749 465 869 529
367 20 8210 978 588 996 598 959 578 637 404 762 472 538 351 950 573 989 594 647 410 994 597 960 578 591 379 551 358 949 573 908 550 615 392 906 549 938 567 675 425 878 534
368 20 8041 870 530 991 595 993 596 630 400 724 451 534 349 917 555 685 430 799 492 558 362 935 565 612 391 949 572 916 555 845 517 661 417 906 549 817 501 958 577 783 483
369 20 8069 900 546 924 559 967 582 847 518 482 321 845 517 744 462 562 364 839 513 933 564 601 385 950 573 994 597 785 484 581 374 885 538 594 381 901 547 909 551 896 544
370 20 8320 985 592 704 441 990 595 993 597 878 534 983 591 887 539 917 555 683 429 877 534 652 412 397 275 921 558 676 426 982 591 952 575 818 502 674 424 925 560 747 464
371 20 8831 824 505 959 578 970 584 987 593 794 489 839 513 813 499 846 517 859 524 928 562 943 569 990 595 937 566 968 583 948 572 945 570 793 489 688 432 922 558 709 443
372 20 8281 687 431 490 325 890 541 820 503 833 510 837 512 940 568 829 508 940 568 921 558 959 578 769 476 954 575 997 599 810 498 485 322 976 587 899 545 749 465 778 480
373 20 7997 921 557 927 561 900 546 736 457 378 264 859 524 470 314 765 473 766 474 916 555 942 569 710 443 942 569 968 583 993 596 867 528 773 478 843 516 926 560 393 272
374 20 8051 1000 600 750 465 471 314 876 533 886 539 724 451 762 472 917 556 779 481 766 474 762 471 833 510 947 572 763 472 980 589 739 459 667 420 999 599 707 442 774 478
375 20 8030 970 584 933 564 941 569 919 557 495 327 823 505 659 416 847 518 943 570 944 570 499 330 872 531 798 491 986 593 706 441 953 575 497 329 612 391 1000 600 663 418
376 20 8080 719 448 955 576 754 467 855 522 625 398 617 394 832 510 924 559 940 568 854 521 950 573 743 461 997 599 714 446 777 480 923 559 796 490 690 433 588 378 908 551
377 20 7439 587 377 934 565 689 432 658 416 849 518 724 451 432 294 628 399 771 476 787 485 825 506 725 452 832 510 944 570 688 432 935 565 507 334 718 448 734 457 912 553
378 20 6516 837 512 960 579 567 367 483 321 845 517 365 257 646 409 829 508 968 583 578 372 547 355 463 310 524 343 743 462 767 474 402 277 307 226 692 434 678 427 831 509
379 20 8072 908 551 988 594 741 460 910 552 996 598 420 287 532 348 917 555 917 555 723 450 606 388 957 577 894 543 810 498 808 496 915 554 920 557 783 483 888 540 511 336
380 20 8135 844 516 846 517 987 593 657 415 839 513 880 535 796 490 662 417 772 477 631 401 831 509 686 431 912 552 916 555 836 512 806 496 574 370 875 533 955 576 965 581
381 20 7722 855 522 576 371 466 312 753 467 572 369 793 488 818 502 699 437 889 540 464 311 938 567 738 459 857 523 749 465 968 583 864 527 933 564 627 399 989 594 897 545
382 20 8664 713 445 970 584 898 545 808 497 839 513 718 448 902 547 980 589 956 576 986 593 923 558 937 566 978 589 831 509 990 595 920 557 809 497 666 420 878 534 626 398
383 20 7878 329 238 722 450 991 596 981 590 823 505 786 484 546 355 883 537 654 413 792 488 528 345 809 497 983 591 852 520 799 492 819 503 742 461 926 560 841 515 951 574
384 20 7804 752 466 920 557 634 402 955 576 867 528 874 532 904 549 345 246 952 574 806 496 953 575 862 526 542 353 986 593 545 355 880 535 910 551 862 525 610 390 449 303
385 20 8694 943 569 968 583 748 464 854 521 923 559 996 598 922 558 923 559 787 485 977 588 830 508 990 595 694 435 914 554 890 541 563 364 914 554 757 469 844 516 952 574
386 20 8049 920 557 636 404 485 322 806 496 871 530 864 527 949 573 918 556 894 543 1000 600 912 553 720 449 286 215 854 521 730 455 968 583 608 389 833 510 987 593 858 523
387 20 7958 738 459 839 513 863 526 916 555 918 556 937 566 994 597 676 425 853 521 612 391 463 310 924 559 750 465 689 432 945 571 486 323 746 463 896 544 836 511 835 511
388 20 7951 1000 600 997 598 856 522 989 595 857 523 268 205 731 455 926 560 926 560 998 599 900 546 814 500 635 403 666 420 808 496 966 582 689 432 378 264 520 341 978 588
389 20 7657 947 572 554 359 983 591 838 513 858 523 620 395 840 514 700 438 946 571 376 263 596 382 989 595 746 463 805 495 207 172 691 433 866 528 875 533 939 567 939 567
390 20 8429 909 551 869 530 696 436 929 562 990 595 877 534 933 564 790 487 961 579 512 337 824 505 765 473 961 579 662 418 792 488 867 529 872 531 910 551 765 473 975 587
391 20 7861 323 235 769 476 955 576 839 513 656 414 857 523 951 574 967 582 809 497 879 535 760 470 755 468 588 378 909 551 943 569 876 533 552 358 838 513 732 455 765 473
392 20 7730 936 566 864 527 452 304 517 339 899 546 741 460 411 282 917 555 882 537 926 560 954 575 871 531 582 375 835 511 592 380 881 536 986 593 998 599 569 367 647 410
393 20 8243 954 575 986 593 938 567 859 524 823 505 858 524 891 541 848 518 739 459 770 476 479 319 619 394 668 421 940 568 917 556 766 474 980 590 907 550 948 572 596 382
394 20 8559 898 545 859 524 979 589 890 541 959 578 659 416 942 569 897 545 954 575 891 541 808 496 973 586 728 453 949 573 755 468 774 478 774 478 887 539 930 563 612 391
395 20 8332 703 440 631 401 713 445 808 497 862 526 904 548 963 580 987 593 929 562 679 427 841 514 984 592 784 483 496 328 745 463 958 577 989 594 959 578 830 508 899 546
396 20 7299 817 501 867 528 573 369 938 567 519 341 641 406 880 535 647 410 837 512 710 443 851 520 815 500 302 223 885 538 976 587 766 474 428 291 742 461 934 565 471 314
397 20 8241 963 580 734 457 940 568 888 540 959 578 927 561 727 453 884 537 556 360 564 365 914 554 641 407 855 522 908 551 996 598 918 556 557 361 764 473 804 494 983 591
398 20 8314 994 597 953 575 619 395 772 477 916 555 990 595 819 502 750 465 969 584 989 594 581 374 953 575 817 501 865 527 616 393 884 538 774 478 889 541 707 442 772 477
399 20 8314 883 537 647 409 880 536 895 543 757 469 775 478 916 555 813 499 958 577 817 501 898 545 915 554 982 591 920 557 844 516 452 304 996 598 726 452 810 498 745 463
400 20 8079 628 399 955 576 706 441 534 349 771 477 850 519 979 589 880 536 556 361 960 579 840 514 826 506 534 349 937 566 826 507 957 577 995 597 876 533 964 581 584 375
