1 20 6775 144 138 808 497 586 376 602 385 856 523 951 574 977 588 660 417 731 455 543 353 506 334 690 433 520 341 130 130 852 520 548 356 978 588 790 487 937 566 741 460
2 20 7185 530 346 854 522 943 570 862 526 833 510 248 194 962 580 813 499 780 482 867 529 539 351 768 475 330 238 666 420 643 407 503 332 731 455 839 513 773 477 886 539
3 20 7226 639 405 553 359 887 539 796 490 476 317 904 549 784 483 692 434 872 531 769 475 586 377 637 404 676 425 890 541 324 235 660 417 809 497 980 590 586 377 933 564
4 20 7471 705 441 980 589 992 596 463 310 943 569 909 551 859 524 710 444 354 251 534 348 529 346 981 590 785 484 823 505 480 319 845 516 990 595 615 392 947 572 498 329
5 20 7123 384 268 801 493 719 448 274 208 604 386 622 396 500 330 659 416 928 562 910 552 98 113 945 571 642 407 933 564 852 520 976 587 1000 600 982 590 928 561 489 324
6 20 7089 557 361 602 385 773 478 973 585 882 536 473 316 955 576 999 600 635 403 658 416 590 379 957 577 524 343 473 316 420 287 440 298 768 475 815 500 896 544 789 486
7 20 7771 695 435 898 545 393 272 798 491 932 564 915 554 840 514 867 528 860 525 787 485 926 560 411 282 955 576 564 365 751 466 738 459 863 527 861 525 871 530 617 393
8 20 6744 452 304 716 447 675 425 530 346 768 475 568 367 977 588 955 576 621 396 317 231 593 380 134 133 869 529 849 519 925 560 694 435 913 553 230 185 757 469 946 571
9 20 7043 436 296 665 419 906 549 558 361 381 266 472 315 876 533 429 292 771 476 267 205 973 586 612 391 996 598 873 532 990 595 950 573 916 555 882 536 358 253 775 479
10 20 7625 968 583 991 596 991 596 939 567 496 328 516 339 899 546 735 457 925 560 869 530 722 450 768 475 530 347 623 397 525 344 771 477 595 381 531 347 924 559 933 564
11 20 7411 966 582 369 259 997 598 867 529 972 585 837 512 336 242 820 503 909 551 934 564 999 600 370 260 864 527 390 271 798 491 457 307 398 275 857 523 834 511 848 518
12 20 7158 674 424 851 520 914 554 738 459 909 551 654 414 665 419 965 582 355 252 520 341 736 458 864 527 957 577 703 440 345 246 425 290 548 356 574 370 989 594 931 563
13 20 7609 787 485 976 587 803 494 188 162 700 438 946 571 856 522 724 451 806 495 825 506 994 597 676 425 606 387 593 380 826 506 695 435 767 474 752 466 780 482 919 557
14 20 7196 538 351 919 557 490 325 755 468 670 422 513 337 979 589 838 513 784 484 749 465 998 599 895 543 686 431 515 338 730 454 880 536 395 273 794 489 598 383 667 420
15 20 6859 426 290 463 310 675 425 643 408 585 376 713 445 969 584 467 312 947 572 943 569 299 222 654 413 490 325 874 532 703 440 931 563 879 535 996 598 103 116 958 578
16 20 7073 964 581 372 261 938 567 549 357 422 288 846 517 877 534 801 493 350 249 960 579 632 401 952 574 706 442 493 326 849 519 940 568 840 514 737 458 726 452 193 164
17 20 7066 886 539 688 432 801 493 983 591 800 492 711 444 733 456 415 284 310 228 813 499 304 224 545 355 427 291 941 568 998 599 961 579 865 527 753 467 726 452 473 316
18 20 7274 744 462 907 550 941 568 841 514 703 440 898 545 760 470 854 522 400 276 840 514 978 589 765 474 538 351 924 559 771 477 214 176 800 492 199 167 863 526 608 388
19 20 7258 763 472 849 519 824 505 651 412 516 339 797 491 603 386 898 545 791 487 906 550 370 260 825 506 619 394 325 236 971 585 824 505 370 260 904 548 865 527 845 517
20 20 6873 741 460 991 595 577 372 558 361 843 516 728 453 628 400 373 262 961 579 701 439 844 516 766 474 958 578 541 352 780 481 179 157 516 339 632 402 713 445 717 447
21 20 7371 550 357 544 354 664 419 711 444 880 536 849 519 347 248 538 351 959 578 199 168 992 596 811 498 936 566 962 580 937 566 626 398 671 423 803 494 953 575 810 497
22 20 6996 642 407 798 491 930 563 640 406 844 516 667 421 259 200 889 540 862 525 830 508 579 373 583 375 880 535 934 565 585 376 569 368 709 443 724 451 681 428 387 269
23 20 6616 795 489 756 469 944 570 350 249 890 541 407 280 729 454 945 571 620 395 689 432 311 228 718 448 618 394 985 592 387 269 622 396 744 462 877 534 512 336 334 241
24 20 7365 670 422 953 575 360 255 858 524 918 556 764 473 714 446 378 264 853 521 855 522 714 446 647 410 937 566 670 422 888 540 751 466 850 519 493 326 996 598 461 309
25 20 7301 604 387 431 293 821 504 894 543 964 581 888 540 599 384 717 448 905 549 535 349 758 469 982 590 780 481 430 293 769 475 711 444 858 524 946 571 231 185 780 482
26 20 8099 948 572 990 595 997 599 642 407 958 577 851 520 994 597 423 288 606 387 935 565 772 477 742 461 650 411 552 358 902 547 682 429 955 576 780 481 893 543 927 561
27 20 7010 545 355 337 242 502 332 618 394 676 425 729 454 791 487 883 537 378 264 802 493 973 586 737 458 796 490 629 400 685 430 998 599 766 474 824 505 594 381 757 469
28 20 8435 990 595 615 392 783 483 801 493 960 579 907 550 815 500 620 395 798 491 798 491 756 469 995 598 866 528 876 533 850 519 951 574 977 588 956 576 891 541 666 420
29 20 7443 820 503 690 433 646 409 340 244 863 526 583 375 865 527 979 589 961 579 703 440 537 350 512 337 953 575 834 510 886 539 950 573 582 374 453 305 873 532 856 523
30 20 7433 596 382 941 568 671 422 658 416 962 580 393 273 711 444 863 526 502 331 486 323 977 588 790 487 813 499 540 352 876 533 933 564 890 541 420 287 941 568 903 548
31 20 7666 403 278 824 505 487 323 905 549 708 442 904 549 947 571 808 497 930 562 809 497 418 286 629 400 884 538 779 481 785 484 810 497 691 433 906 549 909 551 797 491
32 20 7117 954 575 892 542 969 584 524 343 663 418 226 183 726 452 816 501 545 355 881 536 780 482 653 413 430 292 960 579 874 532 585 376 906 549 802 493 401 277 648 410
33 20 7168 866 528 723 451 730 454 747 463 656 414 958 578 788 486 801 493 248 194 505 333 615 392 950 573 610 389 866 528 839 514 695 436 311 228 636 404 792 488 1000 600
34 20 6504 263 202 829 508 956 576 985 592 411 282 349 249 748 464 259 200 578 372 1000 600 593 381 710 444 748 464 550 357 690 433 550 357 248 194 571 368 996 598 975 587
35 20 7537 915 554 858 523 193 165 838 513 343 245 760 471 622 396 614 392 902 547 974 586 726 452 802 493 673 423 919 556 680 427 798 491 967 583 957 577 676 425 857 523
36 20 7541 893 542 920 557 937 566 861 525 431 293 944 570 535 349 763 472 804 495 736 458 804 494 509 335 951 574 738 459 838 513 588 378 421 288 852 520 752 466 805 495
37 20 7137 435 295 261 201 829 508 506 333 906 550 948 572 859 524 802 493 826 506 901 547 330 238 937 566 534 348 883 537 962 579 733 456 425 290 570 368 928 561 699 437
38 20 7962 974 586 930 562 962 580 622 396 973 585 996 598 719 449 570 368 714 446 846 517 798 491 803 494 882 537 941 568 184 160 934 565 689 432 914 554 635 403 838 513
39 20 8010 998 599 412 283 997 599 933 564 588 378 894 543 878 534 815 500 929 562 734 456 881 536 796 490 889 540 712 444 702 439 354 251 815 500 988 594 845 516 861 525
40 20 7245 876 533 973 586 954 575 826 506 807 496 986 592 731 455 421 288 811 498 550 357 291 217 911 552 379 265 947 572 975 586 456 306 924 559 503 332 345 247 824 505
41 20 7874 448 302 835 511 938 567 529 346 873 531 903 548 965 581 567 366 937 566 960 579 832 510 850 519 896 544 497 329 847 518 559 362 917 555 787 485 768 475 840 514
42 20 7377 771 476 855 522 917 556 650 411 887 539 978 588 217 177 743 461 939 567 236 188 753 467 965 582 630 401 943 570 766 474 887 539 639 405 536 349 754 468 689 432
43 20 6892 850 519 524 343 814 500 273 208 806 496 408 280 580 373 832 509 682 429 809 497 996 598 901 547 604 386 778 480 642 407 801 493 209 173 635 403 878 535 762 471
44 20 7157 945 571 344 246 817 501 939 567 642 407 234 187 837 512 931 563 855 522 805 495 644 408 894 543 676 425 698 437 704 441 478 318 400 276 754 468 785 484 933 564
45 20 7606 681 428 971 585 506 334 967 583 629 400 919 556 468 313 747 464 943 569 792 488 978 589 385 268 331 239 888 540 730 454 878 534 714 446 948 572 756 468 981 590
46 20 7308 244 192 747 463 970 584 873 532 992 596 816 501 986 593 536 350 704 440 729 454 878 534 977 588 886 538 574 370 820 503 391 271 690 433 644 408 281 212 879 535
47 20 7687 949 573 909 551 649 411 842 515 801 493 892 542 295 219 932 564 762 472 965 581 873 532 945 570 758 469 515 338 521 342 949 573 677 426 789 486 919 556 433 294
48 20 7280 866 528 475 317 975 587 684 429 670 422 732 456 591 380 855 522 665 419 648 410 924 559 751 466 551 358 911 552 489 324 707 442 225 182 961 579 968 583 912 553
49 20 7763 958 577 919 556 832 510 513 337 323 235 959 578 837 512 759 470 755 468 306 226 576 371 902 547 691 433 653 413 951 574 954 575 993 596 989 594 662 418 995 597
50 20 7288 953 575 479 319 935 565 617 393 744 462 985 592 322 234 631 401 286 215 891 541 676 425 963 580 809 497 919 556 965 581 892 542 811 498 773 478 272 207 653 413
51 20 7308 758 469 860 525 965 581 477 318 661 417 987 593 942 569 650 411 490 325 342 245 703 440 679 427 950 573 906 550 766 474 553 359 769 476 695 435 771 477 692 434
52 20 7251 836 511 968 583 524 343 682 429 895 544 277 210 575 371 852 520 370 260 952 574 541 352 946 571 902 547 940 568 975 587 835 511 975 587 413 283 328 237 717 448
53 20 7163 764 473 391 271 723 450 901 547 578 372 932 563 894 543 815 500 895 543 626 398 717 447 503 332 644 408 795 490 511 336 663 418 589 378 683 429 991 595 711 444
54 20 7174 412 283 620 395 620 395 970 584 729 454 488 324 525 344 923 559 533 348 995 598 528 345 627 399 767 475 646 409 749 464 999 600 993 596 868 529 387 269 970 584
55 20 6984 799 492 909 551 951 574 731 455 784 484 513 337 847 517 756 468 960 579 415 284 686 431 775 478 577 372 896 544 430 292 994 597 773 478 390 271 146 139 636 404
56 20 7247 564 365 907 550 548 356 560 363 662 418 879 535 738 459 629 400 958 577 795 489 542 353 732 455 717 447 782 482 999 600 441 298 840 514 941 569 572 369 688 432
57 20 7421 185 160 844 516 965 581 843 516 941 568 808 497 637 404 543 353 927 561 990 595 851 520 555 360 577 372 887 539 625 398 341 244 620 395 919 556 950 573 835 511
58 20 6721 713 445 488 324 571 369 600 384 557 361 657 415 986 593 979 589 735 457 279 211 496 328 549 357 540 352 817 502 686 431 717 447 928 561 613 391 999 600 533 348
59 20 6792 817 501 683 429 764 473 264 203 593 380 740 460 868 529 944 570 869 529 792 488 419 287 390 271 693 434 942 569 619 395 500 330 387 269 871 530 619 394 811 498
60 20 8249 670 422 790 487 947 572 976 587 828 507 710 443 949 572 756 469 498 329 894 543 949 573 793 488 912 553 933 564 892 542 414 284 970 584 846 517 871 531 900 546
61 20 5975 580 373 162 148 215 176 377 264 296 220 638 405 903 548 674 424 572 369 459 308 571 368 962 580 984 591 932 564 438 297 808 496 634 402 455 306 630 400 661 417
62 20 6937 802 493 889 540 543 353 840 514 386 269 599 384 120 125 879 535 916 555 602 385 362 256 665 419 869 529 796 490 717 447 944 570 745 462 993 596 343 245 865 527
63 20 6972 490 325 641 406 895 544 501 331 603 386 556 361 438 297 576 371 966 582 791 487 973 586 150 141 959 578 940 568 976 587 488 324 976 587 980 590 226 182 819 502
64 20 7595 898 545 883 537 875 533 525 344 526 345 993 597 522 342 785 484 900 546 761 471 678 426 762 472 538 351 848 518 636 403 967 583 565 365 903 548 701 439 924 559
65 20 6806 900 546 606 388 151 142 479 319 595 382 967 583 515 338 961 579 379 265 844 516 850 519 574 370 768 475 652 412 612 391 705 441 800 492 466 312 789 486 1000 600
66 20 7026 533 348 816 501 789 486 858 523 735 457 942 569 198 167 266 204 923 559 765 473 644 408 689 432 816 501 527 345 851 520 880 536 922 558 450 303 720 449 729 454
67 20 7418 984 592 986 592 684 430 471 314 899 546 828 507 956 576 254 197 928 561 919 556 871 530 387 269 960 578 800 492 919 556 629 400 831 509 168 151 1000 600 362 256
68 20 8059 944 570 865 527 823 504 969 584 721 450 770 476 890 541 797 491 686 431 319 232 771 476 900 546 847 517 850 519 760 471 566 366 935 565 854 521 886 539 966 582
69 20 7256 745 462 547 356 672 423 820 503 423 288 934 565 604 386 790 487 622 396 906 550 570 368 452 304 849 519 709 443 601 385 901 547 649 411 976 587 887 539 855 522
70 20 8356 674 424 698 437 1000 600 958 577 849 519 838 513 560 363 714 446 930 562 538 351 944 570 882 536 762 472 946 571 905 549 923 559 984 592 659 416 959 578 990 595
71 20 6263 203 170 885 538 798 491 958 577 693 434 940 568 599 384 326 236 766 474 861 525 451 304 394 273 989 594 798 491 221 179 177 156 500 330 673 424 747 464 547 355
72 20 7460 699 438 886 539 831 509 837 512 623 397 990 595 840 514 899 546 615 392 874 532 304 224 668 421 472 315 634 403 609 389 998 599 947 572 699 437 958 577 537 350
73 20 6883 774 478 298 221 861 525 373 262 440 298 652 412 576 371 581 374 976 587 749 465 497 329 922 558 462 310 663 418 782 482 973 586 745 462 954 575 902 547 586 377
74 20 7675 774 478 691 433 904 548 764 473 978 588 857 523 777 480 854 521 598 383 768 475 594 381 862 526 900 546 813 499 908 550 647 410 635 403 412 283 918 556 697 437
75 20 6978 673 424 493 326 933 564 581 374 1000 600 774 478 145 139 924 559 436 296 798 491 555 360 967 583 577 372 728 454 659 416 934 565 666 420 788 486 741 461 584 376
76 20 6421 761 471 859 524 745 463 402 277 695 436 528 345 383 267 590 379 918 556 734 457 844 516 862 526 751 466 931 563 694 435 898 545 462 310 339 243 244 192 202 169
77 20 7274 920 557 982 591 540 352 902 547 908 550 858 524 422 288 583 375 644 408 458 307 688 432 997 599 571 368 376 263 470 314 987 593 935 565 815 500 807 496 685 430
78 20 6588 780 482 801 493 694 435 476 317 733 456 928 562 469 314 761 471 281 212 807 496 923 559 629 400 633 402 821 503 541 353 303 224 777 480 617 394 403 278 800 492
79 20 7103 715 447 667 420 484 322 355 252 428 292 941 568 885 538 984 592 853 521 809 497 936 566 822 504 590 379 656 414 899 546 694 435 560 363 466 312 737 458 725 452
80 20 7890 820 503 883 537 919 556 557 361 659 416 958 578 949 573 981 590 444 300 970 584 796 490 358 254 819 503 968 583 828 507 748 464 747 463 556 360 889 540 931 563
81 20 7849 610 389 995 597 896 544 590 379 655 414 834 510 918 556 818 502 916 555 800 492 757 469 944 570 682 428 556 361 548 356 977 588 963 580 830 508 612 391 797 491
82 20 6729 438 297 553 359 930 562 691 433 612 391 939 567 586 377 413 283 817 501 653 413 951 574 453 305 296 220 789 486 687 431 561 363 902 547 986 593 994 597 207 172
83 20 7894 536 350 594 381 978 588 555 360 849 519 918 556 991 595 666 420 684 430 857 523 891 541 691 433 950 573 676 425 979 589 407 280 990 595 927 561 912 553 737 458
84 20 6732 617 393 803 494 335 241 663 418 591 380 837 512 535 349 967 582 661 417 174 154 909 551 811 498 590 379 959 578 767 474 615 392 909 551 318 232 780 482 623 397
85 20 7020 879 535 430 293 995 598 265 203 450 303 312 229 849 518 776 479 747 464 832 510 905 549 751 466 907 550 616 393 554 360 633 402 787 485 715 446 829 508 809 497
86 20 7737 909 551 817 502 729 454 792 488 723 451 984 592 642 407 758 470 518 340 793 488 917 555 645 408 792 488 681 428 994 597 816 501 247 194 912 553 905 549 901 547
87 20 7459 728 453 915 554 904 548 431 293 766 474 763 472 641 406 985 592 995 598 502 331 975 587 840 514 832 510 575 371 502 331 574 370 983 591 643 407 747 464 618 394
88 20 6747 855 522 657 415 805 495 849 519 345 247 298 221 994 597 575 371 779 481 660 417 832 509 524 343 754 467 870 530 685 430 606 387 819 502 646 409 380 265 562 364
89 20 7563 492 326 322 234 881 536 900 546 533 348 875 533 131 131 548 356 997 599 901 547 899 546 876 533 838 513 643 407 958 577 987 593 983 591 875 533 945 571 542 353
90 20 7319 793 488 957 577 998 599 918 556 490 325 688 432 626 398 762 471 383 267 909 551 540 352 643 408 705 441 900 546 971 584 913 553 909 551 102 115 750 465 681 428
91 20 6828 689 432 997 599 375 263 818 502 885 538 232 185 955 576 847 517 765 473 378 264 817 502 506 333 856 523 816 501 418 286 420 287 860 525 434 295 955 576 634 403
92 20 7910 642 407 881 536 974 586 564 365 686 431 922 558 834 510 957 577 892 542 763 472 915 554 840 514 701 439 559 362 817 501 940 568 438 297 892 542 615 393 989 594
93 20 6937 463 310 550 357 823 504 781 482 830 509 709 443 435 295 485 322 802 493 521 342 993 597 663 418 834 510 826 506 938 567 844 516 944 570 592 380 334 240 508 335
94 20 7472 840 514 786 485 797 490 892 542 627 399 292 218 994 597 676 425 927 561 898 545 995 597 719 449 764 473 861 525 746 463 937 566 720 449 390 271 772 477 312 229
95 20 7514 732 456 996 598 379 265 609 389 912 553 995 598 750 465 532 347 910 552 782 483 610 390 696 436 653 413 727 453 884 537 691 433 852 520 821 504 709 443 788 486
96 20 7636 984 592 823 505 707 442 845 517 442 299 816 501 539 351 977 588 610 389 994 597 906 550 812 499 830 508 618 394 775 479 933 564 949 573 769 475 545 354 398 275
97 20 7898 975 586 942 569 828 507 280 211 947 572 943 570 723 451 659 416 952 574 578 372 538 350 966 582 476 318 878 534 981 590 584 375 977 588 822 504 880 535 868 529
98 20 7554 712 445 976 587 966 582 745 463 932 563 697 436 835 511 908 551 852 520 573 370 725 452 425 289 922 558 676 425 655 414 509 335 892 542 716 447 703 440 690 433
99 20 7810 870 530 863 527 671 423 903 548 921 558 841 514 818 502 772 477 324 235 604 387 731 455 698 437 725 452 869 529 900 546 845 517 721 449 983 591 635 403 926 560
100 20 6112 970 584 276 209 212 175 604 387 986 593 866 528 660 417 506 333 666 420 375 263 689 432 485 322 954 575 960 579 456 306 188 162 512 337 676 425 750 465 434 295
101 20 7254 687 431 540 352 917 555 674 424 615 392 786 485 762 472 939 567 519 341 620 395 834 511 658 415 647 409 783 483 843 515 902 547 780 481 737 458 649 411 617 393
102 20 7457 971 584 966 582 971 585 914 554 964 581 469 314 392 272 347 247 898 545 588 378 963 580 818 502 347 247 655 414 705 441 938 567 368 259 832 509 927 561 882 536
103 20 6818 907 550 748 464 228 184 979 589 828 507 578 372 193 165 665 420 841 514 711 444 633 402 893 542 264 203 819 503 676 425 927 561 598 383 763 472 725 452 661 417
104 20 6932 539 351 867 528 544 354 934 565 666 420 564 365 613 391 772 477 998 599 563 364 628 400 640 406 614 392 763 472 947 571 922 558 233 186 546 355 619 394 892 542
105 20 7148 706 441 538 351 576 371 851 520 358 254 531 347 633 402 764 473 876 533 611 390 936 566 891 541 931 563 817 501 600 384 522 342 962 580 792 488 873 532 529 346
106 20 7056 684 430 352 250 454 306 878 534 952 574 827 507 795 490 509 335 409 281 955 576 945 570 859 524 982 591 773 478 866 528 248 194 560 363 792 488 416 285 856 522
107 20 7457 986 593 865 528 689 432 701 439 990 595 760 471 944 570 925 560 697 437 330 239 733 456 980 589 752 466 445 301 394 273 708 443 766 474 909 551 495 327 845 517
108 20 7872 835 511 920 557 958 578 844 516 667 420 762 472 745 462 834 510 675 424 880 535 919 557 941 569 633 402 827 507 322 234 840 514 754 468 805 495 789 486 794 489
109 20 7346 898 545 851 520 951 574 797 491 182 159 905 549 845 517 817 502 958 578 817 501 650 411 958 578 532 348 524 343 961 579 347 247 529 346 973 586 769 476 429 292
110 20 6690 346 247 542 353 228 183 355 252 572 369 762 472 902 547 124 127 997 599 862 525 311 228 938 567 759 470 977 588 955 576 603 386 794 489 909 551 791 487 654 414
111 20 7146 588 378 367 258 631 401 795 490 730 454 325 236 730 454 303 224 717 447 903 548 894 543 746 463 927 561 958 577 827 507 811 498 686 431 862 526 969 584 523 342
112 20 7132 576 371 521 341 641 406 825 506 805 495 998 599 837 512 953 575 670 422 167 150 722 450 573 370 227 183 999 600 924 559 727 453 663 418 773 478 767 474 897 545
113 20 6287 944 570 311 228 635 403 795 490 408 281 366 258 218 178 691 433 800 492 503 332 423 288 966 582 912 552 740 460 548 356 477 318 689 432 833 510 866 528 450 303
114 20 6958 544 354 536 349 360 255 991 595 936 566 355 252 887 539 556 361 497 328 964 581 618 394 940 568 275 209 891 541 717 447 595 382 877 534 758 469 774 478 845 516
115 20 6962 773 477 985 592 902 547 473 316 459 308 849 519 755 468 425 289 959 578 238 189 327 237 790 487 901 547 766 474 599 383 963 580 967 582 801 493 279 211 714 446
116 20 6731 671 422 143 137 368 259 738 459 861 525 489 324 877 534 1000 600 981 590 922 558 381 266 506 333 942 569 508 334 725 452 598 383 958 577 458 308 619 395 717 447
117 20 7544 719 449 702 439 703 440 854 521 595 382 795 489 248 194 614 392 867 528 688 432 929 562 348 248 1000 600 868 529 793 489 858 523 921 558 815 500 841 514 930 563
118 20 7394 780 482 780 482 855 522 775 479 307 226 826 506 954 576 958 577 312 229 971 585 654 413 606 387 304 224 933 564 710 444 838 513 937 566 957 577 942 569 389 270
119 20 8639 993 596 962 580 604 387 896 544 848 518 996 598 984 592 793 489 698 437 496 328 854 521 958 578 946 571 917 555 735 457 985 592 842 515 843 515 996 598 933 564
120 20 7183 798 491 468 313 586 377 789 486 644 408 944 570 946 571 289 216 720 449 530 346 804 495 676 425 951 574 550 357 960 579 957 577 599 384 615 393 936 566 605 387
121 20 7983 895 544 855 522 881 536 997 599 1000 600 733 456 839 514 962 580 945 571 719 448 753 467 702 439 982 591 610 390 524 343 870 530 705 441 792 488 479 319 724 451
122 20 7210 529 346 797 490 833 510 718 448 577 372 739 459 395 274 873 532 818 502 722 450 500 330 814 500 167 151 953 575 922 558 952 574 705 441 837 512 834 511 735 457
123 20 6899 462 310 573 370 926 560 799 492 893 543 340 244 328 237 445 300 797 491 925 560 777 480 994 597 236 188 818 502 622 396 535 349 799 492 775 479 883 537 872 531
124 20 7042 524 343 811 498 938 567 619 394 974 586 985 592 236 188 692 434 381 266 800 492 914 554 614 392 741 460 978 588 417 285 331 239 940 568 660 417 657 415 873 531
125 20 7573 840 514 983 591 920 557 886 539 709 443 684 430 706 442 978 589 816 501 828 507 457 307 942 569 624 397 183 159 908 550 681 428 885 538 348 248 934 565 835 511
126 20 7672 740 460 756 469 853 521 934 565 931 563 874 532 760 471 955 576 812 499 981 590 285 214 846 517 994 597 313 229 660 417 796 490 531 347 824 505 735 457 765 473
127 20 7331 572 369 1000 600 795 489 929 562 871 531 501 331 645 409 969 584 868 529 919 557 856 523 994 597 598 383 738 459 656 414 310 228 509 335 698 437 368 259 866 528
128 20 6568 714 446 809 497 799 492 412 283 751 466 829 508 897 544 585 376 816 501 877 534 284 214 576 371 738 459 585 376 507 334 902 547 444 300 412 283 945 571 254 198
129 20 7324 550 357 692 434 630 401 480 319 786 485 568 367 656 415 767 474 944 570 972 585 909 551 822 504 806 495 974 586 925 560 511 336 358 253 572 369 875 533 851 520
130 20 7342 862 526 670 422 975 587 625 398 570 368 929 562 799 492 213 175 950 573 909 551 843 515 955 576 357 253 235 187 771 477 763 472 831 509 859 524 674 424 894 543
131 20 6944 612 391 881 536 660 417 980 589 625 398 765 473 808 497 627 399 384 268 510 335 554 360 407 280 754 468 865 528 736 458 868 529 718 448 959 578 999 600 177 156
132 20 8080 399 276 923 559 989 594 996 598 727 453 947 572 750 465 969 584 970 584 969 583 686 430 792 488 734 457 669 422 886 539 938 567 853 521 454 306 873 532 636 404
133 20 7117 925 560 838 513 956 577 928 561 372 261 773 478 707 442 556 361 192 164 269 206 628 399 994 597 705 441 712 445 705 441 932 564 638 405 762 472 855 522 787 485
134 20 7276 975 587 695 435 975 587 789 486 892 542 816 501 961 579 696 436 891 542 367 258 228 183 626 398 925 560 595 381 872 531 698 437 570 368 891 541 281 212 809 497
135 20 7104 754 468 653 413 638 405 599 384 968 583 858 523 475 317 958 578 610 390 482 321 863 526 901 547 828 507 486 322 824 505 619 394 850 519 602 385 496 328 745 463
136 20 7492 796 490 679 427 819 502 991 596 339 243 754 467 910 552 458 307 897 545 791 488 826 506 912 553 742 461 765 473 751 466 842 515 493 326 661 417 824 505 734 456
137 20 6619 542 353 581 374 409 281 680 427 917 555 739 459 790 487 917 555 713 446 698 437 810 497 338 243 798 491 724 451 454 306 488 324 771 476 936 566 351 250 583 375
138 20 7334 896 544 957 577 900 546 965 581 842 515 628 399 376 263 543 354 787 485 422 288 946 571 665 420 644 408 963 580 890 541 995 597 535 349 573 370 394 273 748 464
139 20 6779 823 505 537 350 897 545 617 393 256 199 526 344 943 570 990 595 686 431 317 231 930 562 838 512 971 584 782 482 425 290 664 419 192 164 442 299 852 520 870 530
140 20 8213 863 526 344 246 748 464 852 520 520 341 851 520 710 443 934 565 699 438 926 560 778 481 993 597 900 546 980 590 660 417 966 582 933 564 854 521 997 599 919 556
141 20 7490 753 467 853 521 736 458 483 321 729 454 853 521 630 401 970 584 780 481 711 444 799 492 578 373 862 526 877 534 1000 600 742 461 435 295 809 497 543 353 838 513
142 20 6995 518 340 733 456 991 596 752 467 643 407 719 449 833 510 946 571 297 221 535 349 464 311 966 582 664 419 830 509 883 537 304 225 569 367 660 417 692 434 991 596
143 20 5702 394 273 996 598 706 442 503 332 334 240 377 264 862 526 240 190 822 504 255 198 916 555 635 403 934 564 615 393 442 299 763 472 153 143 279 211 776 479 403 278
144 20 7259 861 525 433 294 332 239 672 423 478 318 740 460 741 460 536 350 963 580 547 356 691 433 701 439 960 578 626 398 789 486 997 599 973 586 914 554 921 558 644 408
145 20 6711 314 230 589 378 571 368 263 202 862 526 583 375 711 444 820 503 734 457 963 580 482 320 403 278 805 495 757 469 977 588 792 488 691 433 265 203 988 594 852 520
146 20 7155 570 368 173 154 175 154 922 558 998 599 716 447 631 401 920 557 916 555 778 480 993 597 194 165 893 543 782 483 853 521 709 443 697 437 622 396 817 501 951 574
147 20 8040 950 573 954 576 910 552 521 341 957 577 917 556 950 573 863 526 657 415 979 589 540 352 822 504 479 319 610 390 866 528 951 574 890 541 941 568 756 468 567 366
148 20 7099 994 597 719 448 343 245 820 503 799 492 832 509 875 533 509 335 821 503 977 588 799 492 504 333 455 306 875 533 976 587 39 81 714 446 481 320 847 517 819 502
149 20 6132 337 242 708 442 533 348 424 289 682 429 844 516 366 258 249 195 493 326 297 221 586 377 960 578 673 424 804 494 869 529 589 378 876 533 504 332 697 437 774 478
150 20 7756 980 589 592 380 514 338 368 259 802 493 647 409 922 558 750 465 947 571 672 423 758 470 956 576 962 580 960 579 679 427 896 544 334 241 979 589 955 576 840 514
151 20 7405 551 358 749 465 963 580 510 336 348 248 860 525 836 512 875 533 941 568 927 561 312 229 843 515 972 585 956 576 984 592 355 252 687 431 731 455 989 594 421 288
152 20 7058 712 445 686 430 629 400 912 553 364 257 315 230 796 490 496 328 996 598 308 227 986 593 755 468 786 484 932 564 860 525 874 532 479 319 751 466 790 487 690 433
153 20 6977 604 386 257 199 633 402 911 552 831 509 711 444 791 487 766 474 999 600 902 547 834 510 211 174 497 328 704 440 947 572 791 487 901 547 322 234 351 250 991 596
154 20 6491 753 467 910 551 932 564 835 511 302 224 820 503 460 309 511 336 847 518 994 597 896 544 856 522 372 261 124 127 986 593 386 269 519 341 543 353 703 440 233 186
155 20 7786 725 452 595 382 710 444 963 580 737 458 479 319 463 310 637 404 552 358 977 588 754 467 994 597 924 559 829 508 984 591 709 443 777 480 886 539 906 550 972 585
156 20 7167 570 368 852 520 739 459 564 365 685 430 672 423 382 266 722 450 715 446 836 512 856 522 972 585 952 574 859 524 337 242 869 530 704 440 592 380 724 451 733 456
157 20 6491 346 247 652 412 832 510 540 352 534 349 972 585 925 560 702 440 951 574 782 483 969 584 441 298 479 319 642 407 657 415 422 288 541 352 261 201 948 572 386 268
158 20 6796 842 515 514 338 659 416 665 419 708 443 115 123 777 480 210 174 300 222 901 547 902 547 458 308 676 425 928 561 982 590 964 581 985 592 718 448 461 309 828 507
159 20 6799 665 419 875 533 797 491 980 589 162 148 277 210 590 379 856 522 925 560 528 345 152 142 854 522 714 446 830 508 851 520 989 594 366 258 767 474 753 467 667 420
160 20 8097 466 312 974 586 955 576 894 543 866 528 938 567 982 591 639 405 782 482 939 568 869 529 936 566 708 443 959 578 692 434 406 279 827 507 909 551 689 432 764 473
161 20 7014 626 398 851 520 869 529 549 357 935 565 661 417 811 498 227 183 747 464 903 548 948 572 739 459 961 579 569 367 974 586 359 254 911 552 571 369 497 328 320 233
162 20 7198 479 319 923 559 882 537 910 552 617 393 512 337 898 545 954 576 909 551 959 578 924 559 562 363 687 431 411 282 622 396 525 344 832 509 417 286 692 434 682 429
163 20 7527 944 570 426 290 687 431 237 188 685 430 497 329 922 558 653 413 662 417 824 505 932 564 644 408 982 590 895 543 507 334 989 594 992 596 795 490 783 483 998 599
164 20 7277 753 467 977 588 917 556 925 560 323 235 983 591 683 429 907 550 571 368 657 415 684 430 315 230 759 470 834 511 955 576 207 172 898 545 528 345 864 527 814 500
165 20 6698 864 527 643 407 702 439 771 476 796 490 670 422 847 518 530 347 548 356 665 419 313 229 720 449 638 405 628 399 918 556 451 304 205 171 1000 600 794 489 693 434
166 20 7208 995 598 763 472 631 401 515 338 879 535 896 544 911 552 676 425 622 396 731 455 209 173 395 273 707 442 824 505 750 465 943 569 763 472 987 593 348 248 871 531
167 20 6863 786 485 560 362 888 540 784 483 274 208 475 317 895 543 795 489 650 411 914 554 553 359 986 593 543 353 564 365 957 577 396 274 312 229 862 525 990 595 542 353
168 20 6848 956 577 523 343 673 424 847 517 531 347 927 561 828 508 858 523 954 576 781 482 351 250 891 541 772 477 350 249 510 335 769 476 660 417 583 375 438 297 495 327
169 20 7029 823 505 690 433 981 590 882 537 764 473 414 284 648 410 972 585 558 362 890 541 692 434 997 599 613 391 354 251 638 405 649 411 968 583 189 162 980 589 357 253
170 20 7213 736 458 935 565 712 445 875 533 972 585 629 400 420 287 446 301 425 290 790 487 739 459 728 453 614 392 453 305 688 432 963 580 963 580 790 487 765 473 784 484
171 20 7187 535 349 387 269 352 250 948 572 945 571 815 500 961 579 695 436 824 505 537 350 535 349 798 491 804 494 997 599 964 581 681 428 440 298 569 368 744 462 843 516
172 20 7441 183 159 896 544 437 296 975 587 894 543 719 448 951 574 963 580 432 294 376 263 916 555 659 416 474 316 757 469 819 503 844 516 975 587 819 502 866 528 928 561
173 20 7671 649 411 632 401 938 567 975 587 883 537 524 343 641 407 389 270 918 556 972 585 978 589 630 401 796 490 305 225 975 587 907 550 596 382 837 512 804 494 993 596
174 20 7138 797 490 993 596 998 599 430 292 279 211 796 490 644 408 399 276 783 483 403 278 751 466 796 490 824 505 835 511 888 540 827 507 581 374 939 568 399 276 915 554
175 20 7588 744 462 641 406 421 287 846 517 571 369 959 578 797 491 718 448 964 581 726 452 931 563 745 462 926 560 196 166 745 463 885 538 833 510 938 567 778 480 812 499
176 20 7254 551 358 975 586 854 522 550 357 789 486 936 565 862 526 743 461 930 562 877 534 669 422 558 361 858 523 191 163 782 482 598 383 789 486 477 318 711 444 809 497
177 20 7338 983 591 984 592 978 588 770 476 370 260 141 136 683 429 970 584 828 508 387 269 956 577 893 543 624 397 680 428 869 530 824 505 892 542 387 269 899 546 558 361
178 20 7308 656 415 954 576 879 535 762 471 964 581 922 558 466 312 505 333 684 430 396 274 904 548 403 278 796 490 525 344 955 576 938 567 474 316 725 451 943 569 766 474
179 20 7011 756 469 902 547 387 269 898 545 353 251 959 578 894 543 712 444 747 464 878 535 772 477 695 436 915 554 937 566 289 216 455 306 548 356 818 502 279 211 828 507
180 20 7479 785 484 853 521 149 141 393 273 967 582 797 491 159 146 962 580 641 406 875 533 954 575 848 518 632 402 970 584 951 574 1000 600 779 481 557 361 921 558 766 474
181 20 7024 872 531 678 426 758 470 735 457 871 531 760 471 831 509 423 289 896 544 914 554 814 500 494 327 661 417 801 493 650 411 533 348 881 536 378 264 384 268 715 446
182 20 7396 117 124 633 402 915 554 662 418 869 530 657 415 859 524 901 547 780 481 744 462 997 599 609 389 494 327 777 480 863 526 770 476 568 367 725 452 928 561 925 560
183 20 7967 877 534 645 408 932 563 937 566 785 484 922 558 364 257 845 517 618 394 910 552 727 453 974 586 766 474 967 582 521 341 940 568 791 487 934 565 789 486 690 433
184 20 7665 934 565 654 413 803 494 813 499 603 386 908 550 883 537 628 399 691 433 974 586 956 577 539 352 725 452 921 558 983 591 356 253 786 485 827 507 673 423 674 424
185 20 7327 428 291 824 505 769 475 285 214 761 471 811 498 734 457 567 366 685 430 987 593 812 498 750 465 643 407 650 411 999 600 859 524 637 404 734 457 908 551 811 498
186 20 8308 979 589 883 537 903 548 401 277 440 298 857 523 907 550 768 475 808 497 916 555 782 483 982 591 992 596 689 432 924 559 907 550 973 585 947 572 634 403 925 560
187 20 8023 91 109 979 589 812 499 768 475 904 549 846 517 908 550 872 531 762 472 834 511 814 500 981 590 611 390 930 562 965 582 749 465 969 583 755 468 912 553 585 376
188 20 7316 792 488 785 484 507 334 570 368 696 436 849 518 967 582 973 586 568 367 640 406 690 433 771 476 854 521 980 589 854 521 844 516 295 219 666 420 482 321 849 519
189 20 7137 407 280 770 476 984 592 449 303 629 400 424 289 914 554 622 396 414 284 991 595 792 488 757 469 894 543 879 535 785 484 388 270 969 583 723 451 633 402 851 520
190 20 6863 640 406 537 350 775 479 962 580 689 433 670 422 767 474 419 286 930 562 952 574 641 407 796 490 715 446 543 353 561 363 546 355 327 237 846 517 587 377 823 505
191 20 7065 652 412 981 590 893 543 610 390 848 518 695 436 447 301 625 398 848 518 747 464 687 431 413 283 703 440 921 557 373 262 787 485 400 276 954 575 844 516 703 440
192 20 7536 898 545 238 189 599 384 639 405 805 495 925 560 557 361 859 524 847 518 912 553 778 481 978 588 968 583 979 589 920 557 726 452 871 531 345 246 541 353 688 432
193 20 6740 763 472 731 455 718 448 773 478 912 553 422 288 521 342 241 190 770 476 193 165 594 381 804 494 657 415 813 499 906 549 960 579 496 328 788 486 791 487 628 399
194 20 7239 756 469 957 577 985 592 909 551 798 491 893 543 793 488 376 263 981 590 421 288 771 476 490 325 784 483 871 531 423 289 766 474 722 450 786 485 599 384 398 275
195 20 6971 911 552 527 345 761 471 487 323 450 303 658 416 556 360 900 546 712 444 857 523 562 364 962 580 296 220 469 313 859 524 734 457 930 562 849 519 758 470 705 441
196 20 7973 902 547 771 477 918 556 964 581 979 589 950 573 876 534 759 470 813 499 575 371 894 543 840 514 828 507 246 193 675 425 733 456 761 471 787 485 985 592 690 433
197 20 7491 865 527 997 598 824 505 763 472 346 247 960 578 609 389 955 576 971 585 977 588 195 165 872 531 455 306 643 407 896 544 872 531 837 512 680 427 897 544 368 259
198 20 6728 931 563 897 545 848 518 834 510 825 506 544 354 676 425 722 450 709 443 777 480 220 179 394 273 920 557 624 397 466 312 589 378 497 329 861 525 314 230 809 497
199 20 6899 876 533 791 487 273 208 756 468 787 485 696 436 812 498 850 519 873 531 646 409 429 292 439 298 936 566 799 492 559 362 602 385 651 412 540 352 832 510 651 412
200 20 6435 168 151 388 270 970 584 463 310 998 599 946 571 999 600 700 438 865 528 428 291 771 476 712 445 556 360 734 457 391 271 473 316 899 546 587 377 526 344 296 220
201 20 6820 727 453 414 284 718 448 885 538 353 251 907 550 755 468 903 548 944 570 596 382 803 494 320 233 908 551 707 442 835 511 90 109 926 560 270 206 719 448 861 525
202 20 7904 878 534 680 427 652 413 633 402 950 573 794 489 981 590 910 552 535 349 899 546 983 591 621 395 538 351 784 484 858 524 451 304 968 583 915 554 872 531 906 549
203 20 6533 568 367 974 586 719 448 687 431 902 547 443 299 306 225 354 252 939 567 682 428 540 352 663 418 942 569 397 274 657 415 549 356 677 426 958 578 543 353 566 366
204 20 7301 996 598 652 412 835 511 802 493 794 489 882 537 966 582 791 487 609 389 976 587 129 130 546 355 593 380 531 347 485 322 763 472 925 560 536 350 859 524 932 564
205 20 8595 989 594 624 397 839 513 969 583 941 568 769 476 841 514 670 422 959 578 985 592 981 590 879 535 787 485 999 599 903 548 970 584 718 448 735 457 777 480 856 523
206 20 6523 884 538 895 544 358 253 771 477 438 297 742 461 975 587 910 552 442 299 321 234 62 93 673 424 910 552 579 373 744 462 810 498 353 251 939 567 785 484 456 306
207 20 7152 957 577 311 228 951 574 735 457 777 480 536 349 555 360 795 489 920 557 300 222 252 197 869 529 677 426 757 469 998 599 889 540 573 370 826 506 688 432 938 567
208 20 7167 471 315 567 366 631 401 475 317 966 582 756 468 547 356 947 571 641 406 689 432 443 300 599 383 833 510 874 532 740 460 875 533 966 582 851 520 482 320 982 591
209 20 6580 710 444 789 486 984 592 557 361 946 571 406 280 709 443 910 552 596 382 986 593 407 280 374 262 581 374 503 332 675 425 88 108 665 419 985 592 873 532 416 285
210 20 6493 434 295 281 212 626 398 788 486 782 483 624 397 474 316 596 382 870 530 672 423 577 372 991 595 422 288 806 496 733 456 756 468 701 439 671 423 759 470 424 289
211 20 7595 781 482 857 523 732 455 355 252 967 582 999 600 711 444 226 182 900 546 718 448 803 494 921 558 999 599 394 273 910 552 742 461 760 471 961 579 976 587 478 318
212 20 7554 685 430 916 555 743 461 926 560 298 221 393 273 829 508 979 589 925 560 999 600 635 403 821 504 635 403 925 560 528 345 717 447 638 405 894 543 761 471 861 525
213 20 7924 993 596 869 529 899 546 422 288 483 321 930 562 370 260 818 502 999 600 919 556 842 515 953 575 991 595 989 594 693 435 921 557 635 403 375 263 749 465 999 600
214 20 8200 911 552 858 523 602 385 726 452 726 452 954 575 826 506 961 579 860 524 725 452 634 403 815 501 832 509 836 512 877 534 894 543 1000 600 909 551 579 373 875 533
215 20 7120 526 344 656 415 48 86 701 439 352 250 285 214 761 471 666 420 788 486 938 567 936 566 680 427 762 472 968 583 795 489 954 575 771 477 767 474 934 565 953 575
216 20 7801 908 551 852 520 567 366 994 597 830 509 697 437 843 516 915 554 418 286 753 467 570 368 950 573 934 565 842 515 933 564 752 466 425 290 760 471 697 436 962 580
217 20 6716 701 439 412 283 199 168 446 301 975 587 212 175 560 363 982 591 568 367 742 461 860 525 817 501 293 219 862 526 750 465 608 389 925 560 778 480 979 589 763 472
218 20 7715 461 309 645 409 722 450 937 566 835 511 881 536 570 368 623 397 964 581 954 576 582 375 528 345 974 586 688 432 954 575 996 598 512 337 923 558 979 589 703 440
219 20 6533 479 319 910 552 223 181 781 482 727 453 926 560 322 234 800 492 749 465 317 232 785 484 210 173 765 474 154 143 570 368 970 584 794 489 802 493 818 502 964 581
220 20 7546 875 533 620 395 982 591 988 594 950 573 344 246 978 588 502 332 674 424 619 395 543 353 918 556 790 487 894 543 497 328 478 318 830 508 859 524 840 514 911 552
221 20 7083 871 530 551 358 925 560 544 354 727 453 702 439 910 551 604 386 898 545 563 364 310 228 747 464 751 466 913 553 585 376 934 565 798 491 175 155 721 449 937 566
222 20 7538 987 593 991 595 634 403 931 563 975 587 474 316 835 511 786 485 893 542 509 335 872 531 650 411 902 547 622 396 552 358 700 438 510 336 823 505 687 431 744 462
223 20 7734 555 360 972 585 663 418 974 586 732 455 995 598 423 288 679 427 907 550 923 559 853 521 985 592 475 317 924 559 988 594 505 333 591 379 463 310 977 588 885 538
224 20 7588 779 481 577 372 931 563 567 366 655 414 773 478 902 547 854 521 884 538 569 368 693 434 980 589 780 481 839 513 762 472 303 224 942 569 828 508 626 398 932 564
225 20 7618 923 559 978 589 742 461 847 518 867 528 976 587 259 200 882 536 974 586 694 435 951 574 882 536 926 560 965 581 416 285 715 446 467 313 889 540 542 353 341 244
226 20 6427 362 256 640 406 739 459 603 386 729 454 442 299 616 393 954 575 813 499 981 590 808 497 212 174 695 435 714 446 833 510 645 409 221 179 477 318 777 480 594 381
227 20 7371 718 448 634 403 933 564 907 550 533 348 765 473 613 391 644 408 973 586 690 433 458 308 967 582 741 461 851 520 941 568 292 218 756 468 906 549 579 373 841 514
228 20 7183 960 579 933 564 687 431 625 398 918 556 869 529 789 486 986 593 191 163 722 450 274 208 438 297 555 360 421 288 969 583 546 355 876 533 910 552 892 542 806 495
229 20 7191 420 287 706 441 683 429 391 271 474 316 746 463 980 590 967 582 666 420 928 562 893 542 602 386 593 381 162 148 758 470 830 508 837 512 930 563 879 535 937 566
230 20 6718 672 423 765 473 931 563 645 409 956 576 392 272 771 476 918 556 422 288 670 422 537 350 796 490 973 586 384 267 536 350 649 410 880 536 587 377 838 513 115 122
231 20 7281 544 354 897 545 955 576 983 591 816 501 848 518 463 310 826 506 965 581 981 590 220 179 674 424 987 593 911 552 957 577 634 403 493 327 384 268 368 259 657 415
232 20 7267 705 441 959 578 349 249 422 288 964 581 894 543 506 334 908 551 618 394 849 519 781 482 891 541 637 404 557 361 719 448 846 517 459 308 993 596 745 462 733 456
233 20 7446 972 585 835 511 986 593 356 253 891 542 890 541 632 402 802 493 955 576 571 369 241 191 742 461 832 510 626 398 969 583 749 465 458 307 957 577 661 417 767 474
234 20 7261 986 593 910 552 601 385 627 399 615 393 560 362 924 559 985 592 843 515 754 467 370 260 566 366 671 423 704 440 829 508 990 595 466 312 797 491 573 370 751 466
235 20 8135 858 523 856 523 461 309 751 466 832 510 693 435 898 545 902 547 886 539 952 574 901 547 857 523 835 511 661 417 553 359 862 526 996 598 902 547 737 458 878 534
236 20 6491 561 363 681 428 631 401 514 338 793 489 242 191 908 551 918 556 862 525 516 339 954 575 483 321 814 500 970 584 545 355 556 360 937 566 30 76 615 393 452 305
237 20 7074 628 399 633 402 778 480 959 578 915 554 557 361 478 318 389 270 589 378 681 428 851 520 714 446 943 569 411 282 527 345 946 571 967 583 472 315 995 598 716 447
238 20 6454 747 463 761 471 452 304 956 577 648 410 496 328 510 336 764 473 740 460 885 538 925 560 437 296 430 293 356 252 942 569 676 425 619 395 447 302 414 284 704 440
239 20 7115 972 585 438 297 842 515 655 414 637 404 316 231 730 454 909 551 728 453 509 335 793 489 931 563 659 416 763 472 656 415 549 357 584 376 903 548 750 465 907 550
240 20 7339 928 561 557 361 624 397 741 460 523 342 540 352 691 433 901 547 709 443 862 526 978 588 912 553 701 439 663 418 612 391 989 595 855 522 771 477 679 427 443 299
241 20 7097 896 544 609 389 624 397 868 529 987 593 529 346 964 581 775 479 802 493 903 548 976 587 432 293 393 272 806 495 943 569 429 292 184 160 594 381 495 327 985 592
242 20 7259 915 554 928 561 759 470 817 502 822 504 898 545 176 155 718 448 829 508 537 350 655 414 629 400 917 555 314 230 589 378 922 558 421 287 775 479 1000 600 897 544
243 20 6965 980 590 873 532 484 322 385 268 281 212 362 256 906 550 618 394 984 592 936 566 893 542 897 544 550 357 538 351 781 482 724 451 817 502 690 433 628 399 603 386
244 20 7007 950 573 455 306 940 568 575 371 917 555 569 368 654 414 334 240 698 437 904 548 498 329 561 363 560 363 682 429 781 482 871 530 775 479 906 549 996 598 388 270
245 20 8028 897 545 934 564 731 455 1000 600 378 264 719 449 496 328 985 592 651 412 911 552 650 411 787 485 830 509 786 484 987 593 759 470 908 550 931 563 808 497 908 550
246 20 5952 437 296 817 501 775 479 258 199 877 534 402 277 688 432 666 420 998 599 578 372 394 273 644 408 888 540 487 323 518 340 356 252 44 84 591 379 809 497 677 426
247 20 6660 690 433 674 424 763 472 887 539 783 483 267 204 736 458 819 502 485 322 371 260 884 538 604 387 503 332 935 565 825 506 448 302 582 374 406 280 782 482 877 534
248 20 6814 948 572 904 548 736 458 725 452 201 169 512 337 575 371 790 487 723 451 948 572 899 546 566 366 722 450 727 453 135 133 766 474 805 495 395 274 895 544 657 415
249 20 7511 492 326 453 305 919 556 603 386 898 545 859 524 791 487 943 570 417 286 940 568 912 552 563 364 616 393 903 548 711 444 877 534 937 566 632 402 629 400 928 562
250 20 7935 653 413 953 575 989 594 645 408 949 572 592 380 942 569 950 573 955 576 842 515 615 393 986 592 982 590 652 412 453 305 561 363 864 527 877 534 795 490 615 392
251 20 7419 761 471 708 443 815 500 915 554 539 351 842 515 866 528 354 252 216 177 930 562 904 549 757 469 929 562 609 389 941 568 734 457 794 489 808 497 429 292 988 594
252 20 7357 660 417 962 580 955 576 998 599 462 310 529 346 733 456 681 428 859 524 637 404 583 375 813 499 981 590 568 367 689 433 722 450 992 596 880 535 294 219 717 448
253 20 7057 280 211 816 501 374 262 995 598 936 566 306 225 872 531 500 330 915 554 669 422 589 379 991 595 432 293 946 571 777 480 724 451 855 522 937 566 665 419 536 349
254 20 7938 749 464 389 271 986 593 904 549 901 547 594 381 916 555 883 537 857 523 942 569 934 565 581 374 464 311 848 518 944 570 534 349 958 578 816 501 831 509 846 517
255 20 6601 678 426 582 375 562 364 722 450 848 518 743 461 322 234 853 521 987 593 507 334 873 531 792 488 634 403 763 472 750 465 174 154 250 195 972 585 363 256 828 507
256 20 7260 420 287 516 339 856 523 998 599 614 392 586 377 772 477 958 577 974 586 190 163 628 399 928 561 765 473 655 414 533 348 1000 600 745 463 850 519 783 483 749 465
257 20 7553 579 373 821 504 876 533 394 273 437 296 982 591 591 379 982 591 820 503 984 592 247 194 588 378 988 594 769 476 957 577 938 567 930 563 893 542 523 343 808 496
258 20 7308 816 501 990 595 752 466 821 504 237 188 930 563 854 522 523 343 454 305 622 396 986 592 729 454 706 442 713 445 749 465 680 428 963 580 844 516 475 317 772 477
259 20 7011 865 527 235 187 695 435 527 345 435 295 752 466 449 303 588 378 702 439 552 358 567 366 927 561 923 559 860 525 964 581 850 519 809 497 681 428 645 408 997 599
260 20 7514 463 311 271 207 959 578 933 564 838 513 575 371 436 296 791 487 821 503 713 445 993 597 864 527 917 555 617 393 598 383 842 515 731 455 919 556 768 475 979 589
261 20 7651 901 547 221 180 879 535 857 523 612 391 646 409 991 595 911 552 922 558 794 489 454 306 959 578 871 531 870 530 959 578 650 411 607 388 879 535 492 326 828 507
262 20 7500 709 443 690 433 996 598 944 570 528 345 947 572 729 454 677 426 783 483 916 555 444 300 710 444 842 515 886 539 885 538 424 289 535 349 705 441 909 551 742 461
263 20 6571 503 332 622 396 891 541 524 343 531 347 812 499 550 357 371 260 951 574 680 428 748 464 261 201 450 303 593 381 922 558 802 493 800 492 746 463 472 315 913 553
264 20 6612 177 156 501 331 523 342 974 586 824 505 207 172 962 580 246 193 479 319 854 522 776 479 988 594 866 528 560 363 777 480 474 316 669 422 575 371 931 563 861 525
265 20 7509 681 428 384 267 875 533 767 474 996 598 899 546 552 358 890 541 976 587 416 285 924 559 841 515 528 345 899 546 833 510 791 487 682 429 782 482 395 273 908 550
266 20 7323 763 472 965 581 610 390 816 501 947 571 915 554 569 367 993 597 832 509 879 535 113 121 711 444 936 566 139 136 635 403 547 356 935 565 817 501 610 389 914 554
267 20 7406 884 538 881 536 519 340 927 561 933 564 989 594 717 447 714 446 344 246 815 500 895 544 992 596 894 543 622 396 633 402 655 414 440 298 542 353 768 475 649 411
268 20 7301 594 381 917 555 429 292 719 449 387 269 828 507 760 471 866 528 591 379 470 314 588 378 768 475 273 208 973 586 953 575 961 579 996 598 810 498 874 532 845 516
269 20 7327 736 458 313 229 935 565 901 547 578 372 814 500 609 389 616 393 779 481 771 477 917 556 786 485 363 256 888 540 919 557 528 346 674 424 814 500 810 498 903 548
270 20 7331 684 430 497 329 590 379 678 426 691 433 891 541 949 572 399 276 946 571 948 572 509 335 841 515 897 544 924 559 731 455 476 317 639 405 898 545 985 592 490 325
271 20 7047 306 226 852 520 835 511 770 476 628 399 848 518 399 276 760 471 591 379 415 285 710 443 967 582 148 140 841 514 803 494 939 567 613 391 965 581 769 476 935 565
272 20 7157 845 516 707 442 633 402 977 588 672 423 317 231 898 545 787 485 992 596 772 477 614 392 846 517 759 470 825 506 402 278 888 540 589 378 759 470 501 331 531 347
273 20 6685 338 243 737 458 161 147 877 534 840 514 801 493 475 317 961 579 996 598 837 512 858 524 750 465 571 369 725 452 129 130 764 473 469 313 595 381 691 434 796 490
274 20 7157 864 527 739 460 930 562 417 285 441 298 956 576 290 217 937 566 762 472 856 523 399 276 768 475 890 541 530 347 433 294 965 582 619 394 775 478 887 539 856 522
275 20 7025 939 568 885 538 274 208 995 598 884 537 800 492 823 505 940 568 926 560 346 247 386 268 823 504 807 496 543 353 877 534 935 565 179 157 173 154 837 512 678 427
276 20 7411 994 597 484 322 957 577 942 569 825 506 790 487 999 600 750 465 755 468 910 552 588 378 888 540 980 589 374 262 77 102 874 532 998 599 382 266 285 214 971 584
277 20 7043 462 310 687 431 801 493 855 522 597 383 806 495 782 483 590 379 400 276 814 500 857 523 639 405 523 343 651 412 906 549 701 439 871 530 800 492 694 435 650 411
278 20 7121 754 467 912 553 970 584 639 406 859 524 602 385 350 249 479 319 607 388 521 342 868 529 677 426 845 516 495 328 999 600 978 588 755 468 391 272 793 488 748 464
279 20 7306 682 428 804 495 963 580 611 390 683 429 853 521 565 365 854 521 681 428 976 587 882 536 737 458 719 448 456 306 511 336 574 370 717 447 793 488 919 556 633 402
280 20 7319 828 507 946 571 859 524 621 395 609 389 739 459 737 458 836 512 789 486 513 337 905 549 898 545 616 393 829 508 582 374 815 500 721 450 780 482 724 451 292 218
281 20 8138 700 438 693 435 495 328 777 480 988 594 812 499 890 541 893 542 997 599 901 547 820 503 728 453 691 433 849 519 808 497 962 580 824 505 820 503 955 576 674 424
282 20 6469 690 433 475 317 963 580 542 353 303 224 723 451 370 260 704 440 940 568 636 404 159 146 325 236 866 528 965 581 900 546 983 591 722 450 230 184 702 439 741 461
283 20 8459 851 520 825 506 927 561 866 528 655 414 905 549 941 568 750 465 970 584 542 353 955 576 951 574 650 411 904 548 897 545 864 527 816 501 949 573 849 519 851 520
284 20 7289 845 517 838 513 741 460 586 377 941 568 631 401 893 542 940 568 438 297 917 555 506 333 953 575 206 171 983 591 998 599 725 452 210 174 608 389 635 403 984 592
285 20 6874 358 254 722 450 605 387 244 192 556 361 548 356 793 488 791 488 788 486 870 530 541 353 985 592 945 571 834 510 959 578 533 348 339 243 351 250 996 598 990 595
286 20 7948 571 368 951 574 944 570 987 593 308 226 789 486 696 436 917 555 786 484 810 498 788 486 917 555 877 534 551 358 638 405 903 548 951 574 861 525 875 532 777 480
287 20 7576 989 595 986 593 864 527 552 358 846 517 280 211 515 338 749 465 776 479 732 456 904 548 519 340 895 544 997 599 922 558 609 389 921 557 780 481 962 580 355 252
288 20 6943 645 409 815 500 669 421 999 600 887 539 535 349 425 290 811 498 915 554 738 459 733 456 452 304 940 568 383 267 622 396 630 400 303 224 974 586 586 377 825 506
289 20 7847 849 519 697 436 674 424 461 309 644 408 896 544 780 482 971 584 812 499 971 584 818 502 813 499 576 371 983 591 976 587 751 466 784 484 894 543 992 596 353 251
290 20 7122 810 498 739 459 414 284 517 339 218 178 724 451 490 325 909 551 889 540 656 415 543 353 797 490 851 520 429 292 886 539 908 551 786 485 803 494 931 563 945 570
291 20 7019 323 235 882 536 903 548 723 450 399 276 851 520 963 580 467 312 941 568 226 182 466 312 990 595 913 553 384 268 968 583 990 595 712 445 714 446 566 366 658 416
292 20 6918 712 444 951 574 942 569 863 526 243 191 231 185 455 306 508 334 963 580 880 535 257 199 731 455 808 496 849 519 527 345 814 500 632 402 811 498 773 478 886 539
293 20 7181 954 575 953 575 852 520 593 381 735 457 428 291 412 283 751 466 820 503 969 583 774 478 651 412 818 502 699 437 685 430 531 347 917 555 990 595 280 211 551 358
294 20 7200 972 585 810 498 476 318 873 531 635 403 750 465 653 413 624 397 728 454 306 225 785 484 902 547 844 516 791 488 479 319 845 517 981 590 391 272 687 431 869 530
295 20 7573 966 582 987 593 724 451 849 519 242 191 291 217 810 498 738 459 994 597 621 395 871 530 983 591 641 406 634 402 918 556 431 293 978 589 587 377 933 564 949 573
296 20 7414 983 591 393 272 760 471 960 579 675 425 997 599 909 551 914 554 826 506 293 219 892 542 809 497 566 366 952 574 775 479 781 482 325 236 783 483 344 246 892 542
297 20 7085 515 338 969 584 977 588 803 494 721 450 631 401 214 176 541 352 987 593 555 360 814 500 961 579 813 499 981 590 472 315 898 545 765 473 387 269 572 369 594 381
298 20 7066 488 324 766 474 592 380 892 542 853 521 926 560 474 316 425 290 975 587 671 423 720 449 540 352 723 451 769 475 848 518 664 419 975 587 788 486 225 182 819 502
299 20 6837 814 500 243 191 473 316 596 382 877 534 781 482 1000 600 875 533 857 523 556 361 471 314 894 543 977 588 815 500 997 599 580 374 295 220 654 414 425 290 494 327
300 20 7615 520 341 994 597 754 467 558 362 715 446 989 594 813 499 971 584 988 594 795 490 474 316 235 187 772 477 889 541 887 539 890 541 601 385 944 570 819 503 623 397
301 20 7095 834 511 977 588 671 423 218 178 175 155 528 345 440 298 990 595 809 497 979 589 945 571 240 190 888 540 371 260 822 504 514 338 991 595 879 535 993 596 927 561
302 20 7308 802 493 279 211 488 324 392 272 899 545 664 419 884 538 903 548 445 300 913 553 890 541 540 352 968 583 970 584 974 586 993 597 979 589 753 467 235 187 646 409
303 20 6573 602 385 506 334 961 579 871 530 942 569 906 550 789 486 531 347 913 553 420 287 366 258 345 247 545 354 521 341 483 321 497 328 540 352 864 527 615 392 929 562
304 20 7308 989 594 618 394 831 509 815 500 685 430 484 322 400 276 799 492 897 545 787 485 547 355 960 579 536 350 859 524 274 208 758 470 874 532 939 567 795 490 770 476
305 20 6116 750 465 454 305 813 499 561 363 572 369 817 501 363 256 861 525 207 172 646 409 447 301 351 250 863 526 905 549 300 222 848 518 272 207 790 487 454 305 959 578
306 20 7044 609 389 952 574 457 307 915 554 918 556 759 470 463 310 847 517 737 458 517 340 561 363 816 501 650 411 807 496 368 259 787 485 733 456 591 380 806 495 796 490
307 20 7708 834 511 698 437 866 528 222 180 592 380 861 525 897 545 808 497 754 467 924 559 964 581 883 537 841 514 923 558 560 363 545 355 650 411 938 567 938 567 718 448
308 20 7184 788 486 859 524 528 346 676 426 944 570 610 390 624 397 615 392 484 321 619 395 848 518 974 586 833 510 495 327 775 478 659 416 813 499 837 512 399 276 989 594
309 20 7344 461 309 977 588 920 557 975 587 801 493 708 442 910 552 552 359 752 466 896 544 535 349 809 497 687 431 920 557 613 391 520 341 804 494 305 225 896 544 648 410
310 20 7124 889 540 959 578 227 183 710 444 262 201 764 473 979 589 497 329 877 534 734 456 967 582 835 511 571 369 934 564 742 461 677 426 842 515 781 482 401 277 600 384
311 20 7301 937 566 611 390 632 402 900 546 964 581 752 466 607 388 515 339 715 446 855 522 856 522 740 460 882 537 584 375 653 413 804 494 488 324 478 318 914 554 716 447
312 20 7966 972 585 661 417 613 391 880 535 959 578 896 544 655 414 765 473 996 598 657 415 996 598 978 589 692 434 871 531 557 361 864 527 907 550 918 556 137 134 959 578
313 20 7131 812 499 884 538 475 317 162 148 963 580 831 509 849 519 785 484 609 389 971 585 855 522 974 586 447 302 759 470 605 387 878 534 28 75 779 481 752 466 845 517
314 20 6533 919 556 555 360 466 312 905 549 954 575 767 475 193 164 621 396 795 489 571 369 560 363 57 91 953 575 305 225 893 542 364 257 981 590 509 335 762 472 936 566
315 20 7546 786 485 638 405 738 459 912 553 570 368 925 560 541 352 910 552 764 473 664 419 888 540 519 340 964 581 667 421 799 492 900 546 728 454 763 472 957 577 460 309
316 20 6405 464 311 19 70 820 503 791 487 536 350 742 461 894 543 906 550 376 263 937 566 856 522 674 424 669 421 582 375 370 260 553 359 724 451 935 565 273 208 689 432
317 20 7215 985 592 641 406 541 353 490 325 764 473 493 326 490 325 773 478 413 283 958 578 957 577 871 531 935 565 535 349 944 570 699 438 639 405 734 456 776 479 792 488
318 20 7784 639 405 665 420 981 590 735 457 626 398 551 358 572 369 998 599 996 598 805 495 947 572 804 494 986 593 702 439 929 562 357 253 813 499 825 506 661 417 976 587
319 20 7253 185 160 931 563 325 236 510 336 818 502 879 535 627 399 677 426 544 354 880 535 950 573 846 517 834 510 503 332 611 390 937 566 721 450 975 586 968 583 785 484
320 20 7658 554 360 964 581 674 424 977 588 788 486 983 591 684 430 886 539 546 355 694 435 514 338 876 533 981 590 836 512 977 588 854 521 385 268 612 391 703 440 829 508
321 20 7392 862 526 707 442 744 462 725 452 892 542 923 559 856 522 434 295 851 520 965 581 787 485 662 418 658 415 502 331 942 569 191 163 706 442 811 498 792 488 775 479
322 20 7567 660 417 976 587 526 344 769 476 837 512 670 422 767 474 950 573 986 593 710 444 955 576 894 543 768 475 757 469 184 160 523 342 655 414 802 493 977 588 768 475
323 20 7456 899 546 744 462 269 206 926 560 602 385 719 449 602 385 752 467 574 370 919 557 714 446 840 514 710 444 724 451 939 567 735 457 821 504 874 532 925 560 624 397
324 20 7311 792 488 440 298 660 417 694 435 923 559 900 546 910 552 899 546 911 552 456 306 300 222 891 541 610 390 973 586 966 582 444 300 702 439 568 367 814 500 770 476
325 20 7552 652 412 918 556 832 509 201 169 175 155 989 594 815 500 898 545 900 546 711 444 857 523 983 591 866 528 926 560 667 420 449 303 469 313 914 554 883 537 999 600
326 20 7053 597 383 863 526 544 354 868 529 883 537 894 543 444 300 986 593 859 524 429 292 717 447 889 540 738 459 466 312 962 580 688 432 530 346 395 273 501 331 853 521
327 20 8060 927 561 850 519 610 389 734 457 754 467 609 389 964 581 803 494 646 409 927 561 782 482 651 412 941 568 632 401 895 544 943 569 968 583 954 575 642 407 889 540
328 20 7426 778 480 535 349 644 408 395 274 749 464 616 393 672 423 919 557 957 577 882 536 914 554 548 356 533 348 804 495 990 595 882 537 693 435 806 496 864 527 671 422
329 20 7206 883 537 969 583 991 595 656 414 406 280 950 573 937 566 899 546 226 183 822 504 687 431 562 364 843 515 689 432 716 447 532 348 892 542 749 465 831 509 172 153
330 20 7580 362 256 717 448 802 493 547 355 949 573 884 538 775 479 887 539 875 533 872 531 658 415 479 319 979 589 543 354 916 555 524 343 627 399 849 519 921 557 995 597
331 20 6825 603 386 417 285 567 367 489 324 606 387 160 146 850 519 474 316 841 514 951 574 761 471 953 575 533 348 626 398 931 563 728 454 619 395 914 554 695 436 933 564
332 20 7601 817 502 903 548 673 424 864 527 838 513 923 559 869 529 923 558 828 507 706 441 858 523 796 490 268 205 366 258 614 392 838 513 752 466 924 559 728 453 714 446
333 20 6998 650 411 860 524 659 416 891 541 714 446 999 600 236 188 821 503 696 436 480 320 506 333 966 582 857 523 184 160 632 402 830 509 840 514 972 585 781 482 423 289
334 20 6556 992 596 372 261 804 494 532 347 262 202 119 124 376 263 772 477 559 362 993 596 518 340 942 569 903 548 979 589 813 499 948 572 434 295 996 598 468 313 330 238
335 20 7866 765 473 765 473 714 446 714 446 707 442 977 588 887 539 936 565 889 540 965 581 735 457 983 591 606 388 420 287 827 507 855 522 881 536 522 342 707 442 878 534
336 20 7222 959 578 606 387 842 515 755 468 835 511 531 347 776 479 589 378 849 519 577 372 960 579 771 476 515 338 954 575 746 463 198 167 395 273 931 563 816 501 840 514
337 20 6865 523 343 946 571 97 113 991 595 753 467 761 471 650 411 968 583 624 397 940 568 711 444 583 375 289 216 732 456 542 353 177 156 778 480 764 473 908 551 994 597
338 20 6614 307 226 349 249 621 395 867 528 923 558 652 412 866 528 95 112 989 594 849 519 942 569 428 291 773 478 907 550 670 422 802 493 734 457 673 423 300 222 482 320
339 20 7451 416 285 786 485 455 306 990 595 543 353 876 533 857 523 937 566 445 301 985 592 847 518 710 443 852 520 817 501 946 571 752 466 633 402 783 483 681 428 591 379
340 20 7364 428 291 809 497 563 364 600 384 937 566 910 552 736 458 712 445 763 472 780 481 663 418 702 439 561 363 727 453 597 383 855 522 939 567 880 535 709 443 858 524
341 20 6821 740 460 589 378 578 372 218 178 635 403 791 487 752 466 901 547 951 574 654 413 521 342 197 167 600 384 897 545 861 525 611 390 825 506 621 395 710 444 991 595
342 20 7227 993 597 933 564 494 327 873 532 963 580 695 436 282 212 834 511 782 483 701 439 606 388 996 598 512 337 403 278 787 485 315 231 673 424 653 413 977 588 982 591
343 20 7325 672 423 680 427 928 561 873 532 614 392 299 222 974 586 922 558 733 456 960 578 592 380 86 107 950 573 961 579 644 408 631 401 877 534 841 514 468 313 945 571
344 20 6780 707 442 898 545 471 314 779 481 183 159 308 227 818 502 684 429 668 421 380 266 609 389 800 492 537 350 821 503 464 311 870 530 856 523 930 563 801 493 976 587
345 20 7756 859 524 686 431 918 556 773 477 697 436 892 542 870 530 775 479 694 435 815 500 844 516 940 568 547 356 553 359 684 430 903 548 928 561 516 339 657 415 961 579
346 20 7409 552 358 625 397 1000 600 777 480 921 558 975 587 224 181 993 597 263 203 908 551 485 322 984 592 852 520 877 534 852 520 734 456 663 418 986 593 754 467 394 273
347 20 7136 988 594 655 414 582 374 531 347 960 579 947 572 239 189 690 433 801 493 786 485 405 279 783 483 998 599 873 532 170 152 938 567 872 531 954 576 670 422 430 293
348 20 8314 934 564 842 515 964 581 506 333 985 592 989 594 806 495 985 592 815 500 696 436 906 549 804 494 730 455 440 298 587 377 992 596 837 512 899 546 955 576 957 577
349 20 7334 583 375 566 366 939 567 900 546 873 531 805 495 729 454 520 341 603 386 689 432 747 464 934 564 708 443 704 441 309 227 822 504 935 565 666 420 785 484 852 520
350 20 7824 820 503 842 515 999 600 932 563 987 593 830 508 957 577 255 198 886 539 365 257 873 532 775 479 692 434 852 520 655 414 927 561 715 447 755 468 966 582 565 365
351 20 6840 658 415 894 543 498 329 613 391 959 578 334 241 468 313 727 453 578 372 769 476 962 580 717 447 494 327 543 354 867 529 921 557 646 409 745 462 370 260 918 556
352 20 7115 584 376 849 519 184 160 726 452 867 528 831 509 222 180 495 327 985 592 718 448 625 398 471 314 838 513 812 499 626 398 816 501 853 521 989 594 883 537 856 522
353 20 7273 588 378 508 334 570 368 741 461 569 367 540 352 600 384 605 387 874 532 938 567 554 359 705 441 743 461 725 452 948 572 954 576 873 532 888 540 816 501 807 496
354 20 8019 852 520 894 543 853 521 867 528 886 539 388 270 691 433 834 511 991 596 741 460 846 517 713 445 806 496 873 532 967 583 821 503 429 292 842 515 968 583 776 479
355 20 6863 993 596 344 246 661 417 922 558 261 201 732 456 852 520 651 412 929 562 548 356 756 468 960 579 418 286 903 548 547 356 462 309 668 421 624 397 684 430 812 499
356 20 7008 587 377 351 250 546 355 682 428 955 576 493 327 740 460 624 397 707 442 621 396 958 578 344 246 779 481 711 444 553 359 718 448 809 497 976 587 906 550 956 577
357 20 6945 962 580 521 341 696 436 416 285 825 506 809 497 523 342 741 460 662 418 954 575 926 560 321 233 791 487 865 527 635 403 708 442 939 567 494 327 393 272 710 443
358 20 7743 907 550 718 448 862 526 686 431 684 430 917 555 644 408 440 298 920 557 822 504 914 554 905 549 867 528 701 439 518 340 963 580 830 508 609 389 760 471 820 503
359 20 6840 264 203 497 329 690 433 295 219 507 334 964 581 862 526 406 280 134 132 912 553 647 410 806 495 918 556 1000 600 905 549 603 386 979 589 680 427 989 594 622 396
360 20 7181 804 494 792 488 379 265 131 131 830 508 224 181 863 526 718 448 897 545 187 161 916 555 843 516 1000 600 872 531 731 455 593 380 802 493 904 549 910 552 966 582
361 20 6676 796 490 512 337 468 313 474 316 576 371 910 551 527 345 787 485 795 489 577 372 294 219 706 442 531 347 929 562 819 502 987 593 753 467 349 249 774 478 789 486
362 20 6782 814 500 213 175 416 285 689 432 499 330 702 439 886 539 452 304 416 285 479 319 933 564 592 380 998 599 610 390 948 572 993 596 377 264 898 545 943 570 706 441
363 20 6703 566 366 728 453 820 503 582 374 463 310 933 564 851 520 250 195 738 459 715 446 834 511 513 337 683 429 736 458 650 411 801 493 807 496 648 410 763 472 325 236
364 20 6595 528 346 414 284 964 581 867 528 976 587 411 282 331 239 720 449 721 450 384 268 819 503 849 519 869 529 572 369 457 307 977 588 503 332 623 397 513 337 692 434
365 20 6395 531 347 993 597 345 247 849 519 333 240 996 598 637 404 877 534 543 354 755 468 482 321 655 414 782 483 159 146 916 555 626 398 792 488 369 260 250 195 901 547
366 20 7206 570 368 879 535 673 424 990 595 965 581 951 574 623 396 283 213 831 509 879 535 915 554 874 532 283 213 819 503 798 491 863 526 573 369 919 556 537 350 187 161
367 20 7017 692 434 732 455 645 408 812 499 876 533 1000 600 795 489 685 430 653 413 826 506 887 539 582 375 648 410 628 399 680 428 622 396 782 482 268 205 973 585 249 195
368 20 6545 402 277 826 506 964 581 463 310 644 408 580 373 821 503 995 598 652 412 384 268 886 538 972 585 984 592 268 205 748 464 291 217 940 568 455 306 538 351 278 211
369 20 7377 336 242 795 490 925 560 976 587 908 551 499 330 617 393 817 501 509 335 807 496 824 505 999 600 462 310 950 573 470 314 794 489 780 481 710 444 601 385 976 587
370 20 7335 992 596 938 567 801 493 603 386 494 327 644 408 905 549 563 364 492 326 662 418 798 491 935 565 960 578 527 345 656 415 464 311 640 406 947 572 898 545 751 466
371 20 6934 517 339 544 354 593 380 876 533 940 568 766 474 779 481 800 492 932 563 618 394 783 483 786 485 569 367 611 390 824 505 381 266 470 314 422 288 766 474 891 541
372 20 6658 465 312 760 471 730 454 871 530 598 383 957 577 509 335 696 436 823 505 804 494 674 424 725 452 893 543 325 236 550 357 874 532 391 271 218 178 984 592 469 313
373 20 7419 703 440 982 590 654 413 870 530 410 282 966 582 477 318 692 434 287 215 647 410 927 561 598 383 802 493 955 576 862 525 914 554 703 440 627 399 855 522 907 550
374 20 7309 872 531 761 471 847 518 557 361 781 482 838 513 656 415 782 482 867 528 987 593 854 522 724 451 561 363 513 337 890 541 821 503 519 341 634 402 564 365 590 379
375 20 7004 732 455 707 442 814 500 816 501 551 358 639 405 593 381 746 463 979 589 428 291 853 521 491 325 686 430 407 280 623 396 872 531 614 392 660 416 955 576 842 515
376 20 7577 935 565 746 463 980 590 613 391 920 557 988 594 800 492 737 458 618 394 862 526 379 265 302 223 908 551 840 514 777 480 931 563 742 461 796 490 293 219 988 594
377 20 7414 703 440 975 587 880 535 754 467 441 298 638 405 888 540 771 476 905 549 246 193 400 276 695 435 733 456 919 557 899 546 769 475 958 578 937 566 882 536 435 295
378 20 7486 744 462 834 510 958 577 442 299 396 274 758 470 904 548 860 525 967 583 944 570 817 501 763 472 840 514 986 593 843 516 904 548 382 266 680 428 471 315 480 320
379 20 7179 416 285 411 282 885 538 284 214 710 443 931 563 656 414 545 354 689 432 913 553 978 589 698 437 657 415 810 498 860 525 799 492 804 495 471 315 876 533 965 582
380 20 7288 472 315 778 480 968 583 961 579 410 281 776 479 996 598 922 558 633 402 849 519 959 578 300 222 660 417 405 279 383 267 715 446 662 418 877 534 938 567 912 553
381 20 7102 971 585 914 554 907 550 732 456 790 487 417 285 960 579 490 325 694 435 606 387 566 366 598 383 393 273 419 287 763 472 619 394 914 554 826 506 838 513 788 486
382 20 7378 937 566 880 536 910 552 837 512 674 424 926 560 778 480 370 260 882 536 294 219 812 499 804 495 823 505 728 453 911 552 770 476 568 367 454 305 952 574 446 301
383 20 7867 851 520 623 397 274 208 666 420 989 594 855 522 961 579 843 515 964 581 909 551 742 461 470 314 762 472 864 527 947 572 666 420 843 515 836 512 751 466 919 557
384 20 6622 870 530 947 571 261 201 807 496 384 268 584 376 954 575 989 595 871 530 621 395 674 424 474 316 585 376 298 221 949 573 760 471 458 307 968 583 486 323 305 225
385 20 7339 844 516 644 408 976 587 918 556 985 592 993 597 341 244 741 460 214 176 355 252 627 399 982 590 992 596 850 519 732 455 706 441 558 362 890 541 450 303 881 536
386 20 6221 781 482 822 504 536 349 895 543 731 455 588 378 315 230 950 573 645 409 416 285 821 503 840 514 757 469 448 302 738 459 64 95 662 418 337 242 728 453 368 259
387 20 7553 847 518 676 425 583 375 934 564 392 272 826 506 842 515 720 449 820 503 850 519 699 438 835 511 719 449 628 400 906 550 999 600 831 509 706 441 893 543 401 277
388 20 7284 447 302 973 586 723 451 838 513 666 420 621 395 749 465 687 431 768 475 755 468 958 578 893 542 984 592 589 378 555 360 793 489 955 576 546 355 619 395 450 303
389 20 7002 999 599 820 503 503 332 957 577 728 454 531 347 518 340 392 272 719 449 270 206 582 375 563 364 850 519 747 464 857 523 970 584 800 492 329 238 959 578 910 552
390 20 6862 719 449 415 284 833 510 985 592 847 518 996 598 934 564 158 146 641 406 102 116 931 563 687 431 677 426 937 566 215 176 866 528 752 466 470 314 570 368 990 595
391 20 7770 937 566 643 407 850 519 785 484 990 595 821 504 967 582 663 418 963 580 674 424 225 182 797 490 868 529 668 421 815 501 746 463 911 552 878 535 391 271 948 572
392 20 7857 790 487 951 574 636 404 829 508 884 538 536 350 518 340 884 538 813 499 939 567 964 581 647 410 745 462 964 581 810 498 888 540 691 433 867 529 393 272 965 581
393 20 7462 990 595 295 220 794 489 716 447 305 225 972 585 624 397 762 472 850 519 906 549 846 517 953 575 915 554 960 578 840 514 928 561 689 433 104 117 987 593 489 324
394 20 6951 832 510 765 473 739 459 303 224 558 362 892 542 625 398 403 278 956 577 814 500 967 582 294 219 862 526 960 579 617 394 616 393 924 559 687 431 744 462 345 246
395 20 6781 774 478 851 520 268 205 762 472 457 307 560 363 555 360 824 505 773 478 370 260 403 278 758 469 968 583 915 554 829 508 936 566 415 284 995 597 424 289 725 452
396 20 7499 579 373 902 547 838 513 892 542 540 352 956 577 892 542 561 363 677 426 998 599 941 568 443 300 861 525 825 505 642 407 366 258 642 407 651 412 867 529 926 560
397 20 6515 343 245 652 412 269 205 993 596 750 465 209 173 603 386 649 411 907 550 684 430 974 586 106 117 935 565 970 584 906 549 551 358 458 307 960 578 429 292 683 429
398 20 7639 892 542 963 580 915 554 840 514 603 386 922 558 943 569 760 471 856 522 797 491 709 443 348 248 757 469 646 409 914 554 492 326 438 297 867 529 894 543 723 451
399 20 7644 946 571 861 525 779 481 991 595 812 499 743 462 566 366 467 312 921 558 535 349 815 500 730 454 757 469 479 319 680 428 997 599 868 529 713 445 717 448 912 553
400 20 6991 288 216 814 500 882 537 415 284 173 154 657 415 999 600 872 531 625 398 395 274 963 580 793 488 806 495 703 440 488 324 639 405 850 519 948 572 675 425 998 599
