1 20 6609 144 138 808 497 586 376 602 385 856 523 951 574 977 588 547 356 660 417 731 455 543 353 800 492 506 334 690 433 520 341 130 130 852 520 548 356 978 588 790 487
2 20 6643 829 508 354 251 530 346 342 245 854 522 943 570 954 575 862 526 833 510 650 411 708 443 248 194 962 580 751 466 813 499 152 143 780 482 867 529 539 351 316 231
3 20 7205 571 369 740 460 950 573 982 590 795 490 392 272 933 564 927 561 966 582 801 493 774 478 484 322 776 479 639 405 553 359 887 539 796 490 65 95 476 317 904 549
4 20 6747 634 403 770 476 948 572 454 305 796 490 645 409 919 556 635 403 877 534 657 415 343 245 599 383 751 466 853 521 826 506 375 263 341 245 849 519 705 441 518 340
5 20 6822 875 533 423 289 232 186 944 570 777 480 917 555 166 150 701 439 511 336 825 506 631 401 841 515 925 560 807 496 559 362 631 401 789 486 801 493 822 504 468 313
6 20 6537 845 516 990 595 615 392 256 199 366 258 406 279 927 561 947 572 498 329 173 154 150 141 870 530 498 329 789 486 990 595 573 369 401 277 879 535 940 568 962 580
7 20 6539 500 330 659 416 928 562 269 205 910 552 340 244 98 113 945 571 642 407 933 564 852 520 93 110 976 587 1000 600 379 265 316 231 982 590 928 561 489 324 839 513
8 20 6556 602 385 773 478 896 544 472 315 472 315 765 473 194 165 973 585 882 536 591 380 473 316 955 576 999 600 635 403 658 416 590 379 957 577 228 183 524 343 473 316
9 20 7494 594 381 912 553 921 557 799 492 898 545 851 520 415 284 695 435 898 545 393 272 798 491 932 564 915 554 940 568 840 514 867 528 860 525 376 263 297 221 787 485
10 20 6990 657 415 297 221 790 487 979 589 754 467 869 530 909 551 967 583 613 391 576 371 933 564 857 523 688 432 894 543 202 170 452 304 716 447 630 400 675 425 522 342
11 20 6111 925 560 241 190 724 451 525 343 779 481 567 366 931 563 176 155 749 465 284 214 526 344 820 503 913 553 783 483 506 333 458 308 904 549 364 257 812 499 236 188
12 20 5863 376 263 506 334 606 388 502 331 849 519 248 194 868 529 948 572 898 545 122 126 464 311 540 352 332 239 674 424 687 431 599 384 652 412 693 435 428 291 734 457
13 20 7101 916 555 882 536 595 382 652 413 358 253 775 479 819 503 970 584 607 388 648 410 75 101 620 395 944 570 714 446 764 473 587 377 892 542 979 589 776 480 630 401
14 20 6664 525 344 495 328 771 477 537 350 595 381 531 347 924 559 753 467 552 358 933 564 398 275 839 513 561 363 969 583 552 358 140 136 792 488 992 596 642 407 828 507
15 20 6094 451 304 370 260 864 527 390 271 798 491 457 307 535 349 459 308 398 275 857 523 411 282 580 374 834 511 848 518 889 540 293 218 496 328 720 449 638 405 900 546
16 20 6739 341 244 439 297 851 520 56 91 914 554 738 459 909 551 654 414 916 555 384 267 839 513 665 419 965 582 355 252 520 341 673 424 736 458 864 527 957 577 703 440
17 20 6137 157 145 481 320 428 291 921 557 503 332 771 477 604 386 695 436 706 441 487 323 508 335 787 485 976 587 677 426 803 494 556 361 381 266 188 162 700 438 946 571
18 20 5818 992 596 840 514 226 182 516 339 754 468 31 77 790 487 658 416 346 247 580 373 1000 600 927 561 224 181 401 277 636 404 538 351 919 557 490 325 645 408 123 127
19 20 6075 432 294 976 587 397 275 248 194 730 454 808 496 623 397 968 583 465 311 879 535 558 361 110 120 188 162 516 339 906 550 850 519 474 316 758 469 949 573 315 231
20 20 6483 880 536 395 273 510 336 794 489 459 308 598 383 667 420 834 510 989 594 724 451 709 443 209 173 978 588 532 348 638 405 824 505 574 370 547 356 306 225 800 492
21 20 6542 713 445 969 584 918 556 467 312 208 172 670 422 947 572 943 569 299 222 369 259 654 413 490 325 384 268 874 532 703 440 931 563 567 366 879 535 996 598 103 116
22 20 6525 973 585 976 587 614 392 964 581 372 261 938 567 549 357 422 288 846 517 877 534 801 493 350 249 960 579 632 401 952 574 38 80 523 343 301 223 256 199 706 442
23 20 6502 868 529 205 171 879 535 692 434 392 272 918 556 542 353 662 418 412 283 884 537 917 556 553 359 328 238 809 497 453 305 132 132 886 539 688 432 801 493 983 591
24 20 6890 379 265 638 405 718 448 982 590 806 496 804 494 662 417 650 411 398 275 951 574 685 430 979 589 683 429 201 169 569 368 926 561 775 479 407 280 824 505 744 462
25 20 6055 742 461 935 565 621 395 448 302 771 476 662 418 410 282 151 142 717 447 939 567 256 199 998 599 828 507 367 258 601 385 600 384 49 87 763 472 849 519 403 278
26 20 5233 272 207 653 413 341 244 605 387 340 244 816 501 447 302 540 352 589 378 374 262 259 200 124 127 640 406 713 445 338 243 663 418 826 506 461 309 964 581 501 331
27 20 6060 927 561 320 233 436 296 637 404 895 544 270 206 615 392 972 585 840 514 666 420 159 146 989 594 760 471 184 160 869 529 894 543 522 342 84 106 456 306 625 398
28 20 6206 179 157 516 339 632 402 529 346 713 445 717 447 433 294 685 430 801 493 651 412 55 90 863 526 248 194 799 491 890 541 983 591 648 410 674 424 809 497 587 377
29 20 7093 811 498 936 566 962 580 937 566 707 442 626 398 671 423 803 494 953 575 810 497 844 516 414 284 852 521 293 218 806 495 200 168 733 456 342 245 662 418 824 505
30 20 6677 667 421 586 377 259 200 889 540 842 515 862 525 830 508 456 306 579 373 583 375 880 535 934 565 840 514 585 376 676 425 141 137 569 368 709 443 724 451 743 461
31 20 5959 466 312 504 332 813 499 795 489 545 354 756 469 944 570 288 216 719 449 350 249 890 541 407 280 729 454 945 571 140 136 558 362 620 395 338 243 423 289 689 432
32 20 5880 795 490 884 538 973 586 887 539 145 138 296 220 848 518 201 169 985 592 112 121 315 230 652 412 860 524 176 155 286 214 670 422 505 333 953 575 360 255 858 524
33 20 7034 996 598 828 507 741 460 811 498 844 516 649 411 709 443 572 369 298 221 793 489 378 264 919 557 974 586 935 565 499 330 456 307 343 245 996 598 715 446 612 391
34 20 6510 670 422 888 540 751 466 850 519 493 326 903 548 996 598 358 254 346 247 461 309 844 516 655 414 858 524 794 489 205 171 487 323 433 294 741 460 818 502 469 314
35 20 6745 888 540 599 384 404 278 717 448 905 549 425 290 535 349 758 469 982 590 780 481 430 293 755 468 769 475 711 444 858 524 643 407 374 262 946 571 231 185 780 482
36 20 6845 125 128 359 254 948 572 990 595 997 599 726 452 642 407 109 119 958 577 851 520 994 597 762 471 423 288 559 362 606 387 561 363 935 565 631 401 772 477 742 461
37 20 5394 694 435 905 549 773 478 736 457 675 425 924 559 597 383 543 353 878 534 220 179 545 355 122 126 337 242 312 229 502 332 214 176 123 127 409 281 661 417 618 394
38 20 6955 902 547 943 569 928 561 431 293 95 112 592 380 677 426 934 565 918 556 634 403 914 554 772 477 675 425 858 524 990 595 498 329 615 392 480 319 330 239 724 451
39 20 7049 709 443 945 570 831 509 502 332 971 585 595 382 865 527 484 321 483 321 624 397 961 579 315 230 808 497 874 532 441 298 997 599 949 573 83 105 899 546 762 472
40 20 6725 114 122 661 417 956 576 891 541 666 420 558 361 540 352 636 404 718 448 487 323 890 541 763 472 934 565 801 493 743 462 969 584 832 510 316 231 234 186 742 461
41 20 6204 953 575 424 289 834 510 886 539 950 573 582 374 289 216 453 305 873 532 856 523 451 304 550 357 366 258 976 588 979 589 394 273 763 472 470 314 149 141 210 174
42 20 7132 711 444 863 526 502 331 486 323 977 588 234 187 786 485 790 487 813 499 540 352 876 533 933 564 890 541 420 287 941 568 903 548 596 382 708 443 913 553 382 266
43 20 6563 775 479 155 144 824 505 539 351 487 323 569 367 905 549 708 442 181 158 904 549 287 215 947 571 674 424 808 497 693 434 930 562 809 497 418 286 629 400 884 538
44 20 6027 565 365 954 575 892 542 969 584 524 343 299 222 663 418 226 183 726 452 399 276 816 501 545 355 881 536 780 482 459 308 233 186 653 413 430 292 960 579 80 104
45 20 6201 461 309 790 487 95 112 951 574 866 528 723 451 317 231 730 454 231 185 663 418 681 428 747 463 656 414 486 323 245 192 958 578 471 315 788 486 801 493 743 461
46 20 6597 760 471 786 484 728 453 368 259 669 421 974 586 991 595 795 489 911 552 663 418 738 459 796 490 730 455 81 104 263 202 307 226 829 508 669 422 956 576 180 157
47 20 5970 789 486 367 259 37 80 784 484 939 567 865 527 578 372 665 419 964 581 308 227 797 490 928 561 822 504 779 481 217 178 517 339 162 148 503 332 650 411 270 206
48 20 7407 571 368 996 598 975 587 765 473 916 555 729 454 954 576 197 167 765 473 824 505 567 366 514 338 757 469 336 241 779 481 901 547 757 469 984 592 929 562 598 383
49 20 7105 673 423 919 556 110 120 680 427 798 491 967 583 957 577 676 425 857 523 325 236 982 591 597 383 658 416 643 407 505 333 719 448 873 532 866 528 589 378 817 501
50 20 6413 763 472 804 495 736 458 804 494 509 335 48 86 951 574 738 459 838 513 588 378 421 288 534 349 852 520 403 278 752 466 354 251 805 495 913 553 53 89 960 579
51 20 6792 211 174 906 550 948 572 292 218 859 524 802 493 600 384 826 506 901 547 330 238 937 566 895 544 534 348 598 383 750 465 431 293 883 537 962 579 186 161 733 456
52 20 6930 970 584 442 299 942 569 545 355 974 586 930 562 399 276 962 580 622 396 810 498 973 585 394 273 996 598 719 449 257 199 65 95 570 368 714 446 731 455 846 517
53 20 6474 953 575 899 545 611 390 809 497 700 438 372 261 900 546 799 492 613 391 318 232 608 389 303 224 264 203 587 377 747 464 941 568 799 492 225 182 836 512 665 419
54 20 6305 838 513 229 184 669 422 316 231 966 582 531 347 233 186 772 477 757 469 303 224 817 501 805 495 172 153 526 344 904 549 534 349 919 556 766 474 781 482 772 477
55 20 6739 889 540 712 444 702 439 354 251 815 500 988 594 845 516 861 525 613 391 535 349 794 489 817 502 668 421 635 403 227 183 127 129 476 317 906 550 822 504 693 434
56 20 6994 954 575 826 506 807 496 986 592 880 535 661 417 731 455 421 288 811 498 631 401 550 357 291 217 911 552 379 265 947 572 975 586 456 306 924 559 503 332 345 247
57 20 6303 448 302 680 428 835 511 938 567 230 185 374 262 79 103 529 346 873 531 903 548 965 581 305 225 567 366 937 566 638 405 960 579 296 220 832 510 368 259 850 519
58 20 6383 656 415 284 214 813 499 911 552 555 360 611 390 843 515 444 300 854 522 870 530 451 304 518 340 659 416 771 476 130 130 927 561 140 136 855 522 558 361 917 556
59 20 6190 800 492 952 574 69 98 947 572 288 216 648 410 821 503 941 569 580 373 713 445 537 350 778 480 624 397 636 404 570 368 338 243 820 503 933 564 89 109 296 220
60 20 6003 754 468 689 432 843 515 210 174 858 524 849 519 918 556 257 199 216 177 425 290 379 265 919 556 707 442 976 587 616 393 379 265 560 363 423 289 257 199 772 477
61 20 6278 568 367 168 151 801 493 209 173 635 403 878 535 762 471 581 374 690 433 345 247 828 507 571 369 902 547 858 524 530 346 957 577 219 178 474 316 581 374 999 600
62 20 6556 90 109 855 522 552 358 421 288 805 495 644 408 894 543 648 410 676 425 698 437 704 441 478 318 400 276 754 468 785 484 933 564 863 526 366 258 967 583 579 373
63 20 5643 967 583 629 400 241 190 851 520 919 556 468 313 747 464 943 569 134 132 652 412 325 236 792 488 978 589 385 268 480 320 112 121 331 239 171 152 392 272 770 476
64 20 6381 957 577 682 428 345 247 313 229 999 600 782 483 831 509 454 305 370 260 540 352 845 517 846 517 554 359 344 246 408 281 666 420 914 554 987 593 497 329 429 292
65 20 6552 981 590 553 359 973 585 412 283 263 202 841 514 510 335 455 306 990 595 816 501 434 295 697 437 943 569 983 591 518 340 60 93 169 151 973 585 770 476 763 472
66 20 6204 820 503 391 271 690 433 644 408 281 212 767 475 879 535 631 401 798 491 539 352 978 588 399 275 580 373 279 211 781 482 958 578 118 124 715 446 494 327 666 420
67 20 6320 632 402 617 394 945 570 758 469 38 81 837 512 458 308 351 250 398 275 515 338 521 342 529 346 949 573 677 426 789 486 919 556 681 428 433 294 872 531 721 450
68 20 6302 451 304 475 317 975 587 684 429 670 422 774 478 366 258 732 456 591 380 855 522 665 419 648 410 106 118 924 559 721 450 751 466 551 358 911 552 266 204 489 324
69 20 7263 858 523 834 511 898 545 610 389 971 585 528 345 516 339 420 287 889 540 923 559 958 577 919 556 612 391 832 510 134 133 513 337 992 596 323 235 959 578 837 512
70 20 5617 866 528 842 515 683 429 471 314 456 306 481 320 614 392 356 252 860 525 680 427 914 554 438 297 503 332 951 574 193 165 404 279 402 277 928 562 146 139 47 86
71 20 6594 768 475 984 592 646 409 206 172 864 527 404 278 76 101 588 378 112 121 923 559 997 599 891 541 544 354 936 566 766 474 823 504 914 554 510 336 846 517 390 271
72 20 6979 811 498 773 478 272 207 653 413 489 324 741 460 487 323 517 339 798 491 315 230 958 578 928 562 682 428 901 547 829 508 482 320 978 588 530 346 821 504 993 596
73 20 5673 695 435 771 477 692 434 23 73 643 408 733 456 240 190 967 582 759 470 905 549 402 277 164 149 476 317 262 202 707 442 938 567 514 338 785 484 122 126 549 357
74 20 7088 946 571 902 547 940 568 975 587 835 511 975 587 413 283 328 237 717 448 445 300 182 159 992 596 936 566 509 335 659 416 378 264 753 467 644 408 690 433 957 577
75 20 6891 895 543 626 398 842 515 717 447 773 478 503 332 644 408 795 490 511 336 663 418 186 161 532 348 589 378 683 429 991 595 711 444 902 548 743 462 883 537 593 380
76 20 6248 620 395 560 363 970 584 331 239 324 235 381 266 729 454 488 324 766 474 525 344 923 559 533 348 995 598 528 345 627 399 35 79 767 475 646 409 749 464 999 600
77 20 6439 749 465 139 135 360 255 929 562 920 557 678 426 992 596 799 492 909 551 951 574 200 168 141 137 731 455 784 484 513 337 847 517 756 468 374 262 491 325 616 393
78 20 7263 524 343 979 589 963 580 939 567 871 530 881 536 456 306 719 449 392 272 891 541 763 472 312 228 914 554 956 576 968 583 284 214 836 512 587 377 619 394 672 423
79 20 5711 994 597 773 478 200 168 390 271 146 139 636 404 777 480 847 517 226 182 596 382 134 133 982 591 466 312 590 379 703 440 870 530 798 491 671 423 494 327 129 130
80 20 6342 840 514 941 569 572 369 688 432 163 148 355 252 827 507 772 477 868 529 769 475 608 388 312 228 486 323 529 346 733 456 654 413 827 507 221 179 922 558 598 383
81 20 6232 577 372 887 539 625 398 341 244 308 226 620 395 626 398 919 556 950 573 835 511 460 308 454 305 868 529 530 347 946 571 317 232 439 298 799 492 264 203 699 438
82 20 6231 600 384 557 361 657 415 986 593 500 330 979 589 735 457 279 211 666 420 570 368 496 328 138 135 549 357 540 352 817 502 686 431 717 447 928 561 613 391 450 303
83 20 5671 753 467 172 153 817 501 50 87 576 371 683 429 764 473 68 97 264 203 593 380 740 460 868 529 944 570 869 529 403 278 605 387 792 488 419 287 573 370 390 271
84 20 6809 515 338 776 479 248 194 854 521 858 523 670 422 93 110 790 487 947 572 479 319 976 587 828 507 710 443 891 541 436 296 949 572 756 469 498 329 451 304 894 543
85 20 5325 765 473 874 532 534 349 459 308 813 499 904 548 518 340 751 466 649 411 80 104 568 367 560 362 580 373 162 148 401 277 215 176 377 264 449 303 296 220 696 436
86 20 6022 489 324 919 557 754 468 182 158 687 431 154 143 500 330 764 473 669 421 126 128 541 352 990 595 833 510 238 189 961 579 164 149 802 493 889 540 543 353 840 514
87 20 5645 802 493 280 211 647 410 545 355 1000 600 555 360 517 339 877 534 897 544 563 364 370 260 83 105 710 444 512 337 929 562 678 426 853 521 375 263 37 80 60 93
88 20 6179 892 542 212 175 514 338 970 584 832 510 519 341 635 403 668 421 853 521 282 213 941 568 491 325 338 243 760 471 547 356 348 248 475 317 269 205 862 526 951 574
89 20 6956 226 182 819 502 965 581 415 285 841 515 482 321 479 319 132 131 748 464 810 498 942 569 996 598 902 547 865 527 944 570 650 411 781 482 683 429 867 528 365 258
90 20 6960 785 484 900 546 761 471 678 426 762 472 538 351 848 518 878 534 636 403 380 265 967 583 507 334 565 365 481 320 903 548 701 439 924 559 414 284 792 488 501 331
91 20 6625 894 543 479 319 595 382 967 583 515 338 843 515 87 107 961 579 379 265 844 516 850 519 465 311 574 370 430 293 931 563 768 475 652 412 700 438 612 391 705 441
92 20 6336 974 586 841 514 748 464 801 493 192 164 533 348 816 501 636 404 789 486 271 207 858 523 379 265 735 457 942 569 347 248 198 167 266 204 658 415 923 559 765 473
93 20 7058 980 590 811 498 278 211 670 422 756 468 867 529 996 598 468 313 409 281 925 560 639 405 504 332 664 419 718 448 463 310 878 534 431 293 690 433 984 592 986 592
94 20 7071 670 422 722 450 927 561 626 398 994 597 715 446 976 587 829 508 635 403 819 502 715 446 989 595 771 476 265 203 669 421 774 478 247 194 536 350 458 308 806 496
95 20 6160 323 235 1000 600 362 256 688 432 774 478 958 577 901 547 359 254 663 418 486 322 445 301 139 135 568 367 509 335 788 486 871 530 534 349 898 545 544 354 510 336
96 20 6485 935 565 515 338 854 521 886 539 126 128 966 582 232 186 911 552 340 244 804 495 890 541 810 498 164 149 789 486 757 469 277 210 796 490 629 400 377 264 913 553
97 20 6716 331 239 906 550 570 368 452 304 849 519 709 443 601 385 901 547 649 411 976 587 887 539 855 522 560 363 555 360 931 563 410 281 635 403 367 258 728 453 561 363
98 20 6177 185 160 714 446 248 194 195 166 75 101 930 562 538 351 944 570 882 536 762 472 131 131 946 571 119 125 905 549 923 559 641 406 615 392 984 592 659 416 959 578
99 20 5781 622 396 898 545 203 170 885 538 342 245 798 491 167 150 958 577 243 191 693 434 940 568 412 283 599 384 516 339 702 439 741 460 342 245 410 282 326 236 766 474
100 20 5662 184 159 349 249 273 207 538 351 939 567 977 588 851 520 400 276 374 262 692 434 801 493 823 504 255 198 75 101 843 515 1000 600 918 556 486 323 65 95 482 321
101 20 6366 938 567 520 341 946 571 143 138 761 471 591 380 483 321 899 546 884 537 629 400 815 500 780 481 843 515 185 160 785 484 218 178 752 466 254 197 895 543 411 282
102 20 6345 699 437 372 261 958 577 707 442 537 350 733 456 609 389 777 480 922 558 813 499 354 251 389 270 470 314 557 361 760 471 735 457 977 588 493 327 362 256 467 312
103 20 5451 652 412 234 187 148 140 576 371 581 374 644 408 976 587 609 389 533 348 971 585 749 465 497 329 74 100 922 558 462 310 115 122 417 285 663 418 690 433 390 271
104 20 6354 763 472 505 333 393 273 601 385 526 344 774 478 691 433 904 548 264 203 764 473 978 588 857 523 417 286 777 480 854 521 314 230 367 258 598 383 768 475 594 381
105 20 7411 817 502 536 350 802 493 855 522 703 440 919 557 824 505 670 422 905 549 610 390 787 485 711 444 862 526 799 492 766 474 552 359 666 420 873 531 673 424 493 326
106 20 6178 468 313 833 510 648 410 258 199 520 341 644 408 783 483 439 297 319 232 657 415 931 563 991 596 596 382 836 512 440 298 613 391 598 383 220 179 833 510 729 454
107 20 6384 728 454 121 125 659 416 934 565 62 94 666 420 788 486 741 461 758 470 584 376 615 392 413 283 939 567 381 266 813 499 816 501 778 480 437 296 825 506 710 443
108 20 6144 528 345 383 267 447 301 496 328 842 515 590 379 918 556 734 457 844 516 862 526 751 466 931 563 262 202 694 435 898 545 603 386 462 310 339 243 244 192 461 309
109 20 6239 920 557 174 154 982 591 399 276 80 104 276 209 540 352 902 547 908 550 858 524 919 556 422 288 618 394 583 375 644 408 458 307 396 274 714 446 688 432 997 599
110 20 6837 858 524 642 407 471 315 207 172 966 582 883 537 823 505 703 440 747 463 612 391 258 200 807 496 780 482 801 493 817 501 694 435 476 317 733 456 928 562 469 314
111 20 6556 834 511 619 395 987 593 749 465 513 337 697 437 671 423 424 289 353 251 944 570 898 545 492 326 476 317 893 543 739 459 652 412 291 217 518 340 941 568 422 288
112 20 7116 777 480 617 394 403 278 800 492 916 555 500 330 492 326 941 569 987 593 913 553 962 580 623 397 352 250 826 506 996 598 386 269 953 575 632 402 454 305 703 440
113 20 6864 936 566 822 504 590 379 656 414 899 546 694 435 568 367 560 363 466 312 737 458 725 452 961 579 603 386 457 307 857 523 235 187 854 521 840 514 803 494 465 312
114 20 6734 958 578 949 573 981 590 444 300 970 584 442 299 796 490 507 334 358 254 819 503 968 583 828 507 588 378 748 464 747 463 635 403 556 360 889 540 111 120 175 155
115 20 7284 724 451 610 389 995 597 896 544 590 379 655 414 834 510 918 556 677 426 818 502 916 555 800 492 757 469 944 570 682 428 609 389 556 361 548 356 62 94 977 588
116 20 5660 702 439 502 331 438 297 893 542 553 359 930 562 33 78 499 330 691 433 612 391 939 567 344 246 586 377 413 283 817 501 653 413 951 574 453 305 16 69 296 220
117 20 6486 933 564 22 72 860 525 234 186 458 307 922 558 942 569 555 360 838 513 569 367 897 544 64 95 258 199 536 350 594 381 978 588 555 360 849 519 918 556 991 595
118 20 6720 888 540 548 356 989 594 731 455 952 574 837 512 463 310 418 286 143 137 690 433 869 530 376 263 888 540 627 399 341 244 487 323 971 585 309 227 933 564 981 590
119 20 5328 407 280 990 595 927 561 608 389 912 553 737 458 903 548 676 425 317 232 518 340 396 274 439 297 459 308 357 253 515 339 373 262 503 332 188 162 29 76 403 278
120 20 6399 959 578 767 474 615 392 909 551 318 232 780 482 623 397 377 264 958 578 579 373 319 233 63 94 900 546 840 514 580 373 411 282 688 432 874 532 783 483 455 306
121 20 6319 268 205 616 393 933 564 554 360 289 216 633 402 787 485 611 390 768 475 430 293 715 446 599 384 829 508 492 326 809 497 805 495 511 336 687 431 711 444 591 379
122 20 7009 817 502 729 454 617 394 792 488 723 451 984 592 642 407 516 339 758 470 714 446 518 340 793 488 917 555 645 408 792 488 324 235 681 428 994 597 816 501 247 194
123 20 7313 950 573 684 429 145 139 728 453 915 554 904 548 671 423 505 333 431 293 766 474 763 472 641 406 985 592 691 433 812 499 995 598 502 331 975 587 840 514 724 451
124 20 6180 830 508 355 252 845 516 874 532 294 219 516 339 756 468 202 169 546 355 668 421 348 248 683 429 974 586 793 489 346 247 832 509 414 284 842 515 626 398 617 394
125 20 5299 142 137 180 157 598 383 618 394 700 438 204 170 857 523 909 551 358 253 718 448 492 326 149 141 795 490 45 85 996 598 226 182 963 580 228 184 617 394 803 494
126 20 5641 781 482 685 430 606 387 819 502 646 409 380 265 591 379 562 364 153 143 208 172 349 249 492 326 748 464 840 514 593 380 500 330 718 448 260 201 380 265 971 584
127 20 7064 876 533 838 513 392 272 643 407 415 284 958 577 987 593 620 395 983 591 875 533 945 571 369 260 542 353 431 293 492 326 792 488 804 494 535 349 753 467 879 535
128 20 6047 490 325 506 333 688 432 626 398 762 471 624 397 640 406 383 267 909 551 395 273 325 236 623 397 540 352 643 408 705 441 900 546 208 173 244 192 971 584 913 553
129 20 6022 756 468 924 559 704 440 146 139 270 206 689 432 997 599 110 119 193 165 472 315 432 294 375 263 818 502 885 538 736 458 232 185 955 576 847 517 765 473 738 459
130 20 6161 747 464 597 383 127 129 965 581 709 443 529 346 672 423 642 407 134 132 617 394 675 425 501 331 814 500 642 407 881 536 532 348 705 441 974 586 422 288 437 296
131 20 5883 257 199 972 585 525 344 595 382 781 482 800 492 74 100 82 104 276 209 614 392 721 449 930 562 771 477 523 343 607 388 888 540 794 489 667 421 76 101 814 500
132 20 6779 615 393 989 594 874 532 980 589 205 171 640 406 905 549 670 422 937 566 514 338 789 486 378 265 933 564 733 456 641 407 485 322 554 359 126 128 772 477 818 502
133 20 6662 663 418 795 489 394 273 834 510 826 506 815 501 938 567 844 516 944 570 592 380 334 240 508 335 803 494 856 523 220 179 362 256 985 592 425 290 776 479 411 282
134 20 6817 994 597 676 425 927 561 898 545 216 177 338 243 995 597 720 449 719 449 764 473 861 525 314 230 746 463 937 566 232 185 669 422 746 463 720 449 390 271 772 477
135 20 6234 298 221 732 456 996 598 379 265 609 389 547 356 638 405 912 553 995 598 750 465 532 347 189 162 910 552 782 483 610 390 170 152 696 436 343 246 653 413 727 453
136 20 6999 960 578 982 591 474 316 788 486 935 565 687 431 518 340 974 586 277 210 691 433 482 321 509 335 639 405 503 332 778 481 984 592 823 505 707 442 845 517 442 299
137 20 6016 436 295 292 218 954 575 848 518 629 400 638 405 501 331 878 535 763 472 882 536 995 597 47 86 569 367 197 167 505 333 505 333 925 560 446 301 743 461 280 212
138 20 6867 398 275 765 473 706 441 741 461 706 441 959 578 947 571 512 337 848 518 735 457 965 581 563 364 925 560 360 255 978 588 334 241 333 240 455 306 851 520 654 413
139 20 6244 182 158 943 570 723 451 570 368 659 416 952 574 578 372 538 350 966 582 471 315 476 318 476 317 878 534 343 245 981 590 241 190 584 375 977 588 128 130 822 504
140 20 7164 806 496 912 553 436 296 963 580 288 216 243 192 712 445 976 587 966 582 745 463 932 563 307 226 697 436 835 511 908 551 935 565 852 520 573 370 725 452 517 340
141 20 7305 696 436 770 476 673 423 339 243 906 549 668 421 580 374 776 479 868 529 848 518 870 530 863 527 671 423 903 548 552 359 921 558 658 416 398 275 841 514 810 497
142 20 6644 967 582 475 317 902 547 147 140 834 511 772 477 886 539 346 247 986 593 541 352 431 293 774 478 785 484 319 232 975 587 776 479 813 499 641 406 413 283 506 333
143 20 6243 512 337 52 88 845 517 244 192 721 449 983 591 635 403 926 560 378 265 415 284 402 277 812 499 567 367 649 411 988 594 920 557 408 281 894 543 339 243 797 490
144 20 5405 660 417 506 333 666 420 653 413 375 263 518 340 689 432 333 240 485 322 954 575 221 179 960 579 456 306 188 162 512 337 676 425 359 254 84 105 750 465 765 474
145 20 6065 538 351 281 212 687 431 229 184 540 352 917 555 777 480 693 435 674 424 615 392 594 381 786 485 762 472 939 567 519 341 620 395 834 511 105 117 362 256 658 415
146 20 6191 438 297 890 541 627 399 494 327 241 190 678 426 920 557 340 244 64 95 531 347 854 521 558 362 814 500 190 163 971 584 966 582 971 585 914 554 528 346 394 273
147 20 6056 781 482 687 431 977 588 734 457 868 529 661 417 659 416 696 436 471 315 774 478 571 369 411 282 249 195 512 337 192 164 375 263 993 597 399 276 196 166 907 550
148 20 7046 834 510 659 416 830 508 865 528 692 434 915 554 869 530 526 345 571 369 669 422 825 506 267 204 898 545 972 585 452 304 573 370 785 484 815 500 152 142 924 559
149 20 6570 310 227 598 383 763 472 217 177 725 452 661 417 312 229 888 540 168 151 962 580 997 599 639 405 646 409 800 492 910 551 481 320 801 493 891 542 670 422 701 439
150 20 6578 103 116 581 374 546 355 619 394 411 282 773 478 892 542 839 513 726 452 739 460 239 189 724 451 892 542 868 529 713 445 908 550 355 252 865 527 557 361 806 496
151 20 6987 936 566 569 367 891 541 690 433 931 563 817 501 600 384 522 342 962 580 792 488 873 532 529 346 360 255 105 117 657 415 250 195 801 493 986 593 886 539 818 502
152 20 7350 878 534 952 574 827 507 795 490 509 335 409 281 887 539 955 576 945 570 859 524 68 97 982 591 773 478 877 534 866 528 248 194 723 451 560 363 792 488 796 490
153 20 6800 653 413 581 374 655 414 873 531 25 74 986 593 865 528 689 432 376 263 701 439 990 595 521 341 760 471 317 231 944 570 925 560 697 437 330 239 733 456 980 589
154 20 7582 700 438 480 319 649 411 919 557 635 403 796 490 670 422 765 473 735 457 965 581 419 286 743 462 923 559 692 434 835 511 920 557 958 578 844 516 667 420 850 519
155 20 6174 932 563 334 241 840 514 890 541 461 309 870 530 124 127 412 283 211 174 594 381 539 351 541 352 834 511 702 439 885 538 573 370 462 310 185 160 994 597 966 582
156 20 6450 771 477 955 576 761 471 699 438 198 167 977 588 292 218 909 551 934 564 972 585 200 168 881 536 971 584 250 195 303 224 328 237 920 557 790 487 28 75 762 472
157 20 6747 489 324 444 300 892 542 529 346 973 586 685 430 769 476 429 292 785 484 361 255 482 321 795 489 563 364 292 218 967 583 990 595 930 562 982 591 926 560 212 175
158 20 6943 380 265 124 127 997 599 657 415 862 525 13 67 311 228 755 468 938 567 759 470 977 588 955 576 603 386 794 489 909 551 791 487 651 412 654 414 907 550 850 519
159 20 6131 588 378 367 258 631 401 795 490 83 105 730 454 325 236 327 237 730 454 303 224 21 72 717 447 903 548 894 543 746 463 927 561 958 577 827 507 811 498 579 373
160 20 6631 925 560 977 588 449 303 998 599 523 342 895 544 872 531 286 214 592 380 784 483 846 517 367 259 763 472 482 320 697 437 943 569 126 129 576 371 521 341 641 406
161 20 5500 945 571 739 459 485 322 408 280 379 265 570 368 155 144 185 160 582 374 504 332 600 384 814 500 620 395 790 487 272 207 958 577 421 287 824 505 289 217 461 309
162 20 7155 773 478 767 474 815 500 855 522 897 545 867 528 646 409 739 459 964 581 664 419 442 299 753 467 612 391 282 213 881 536 936 566 321 234 485 322 863 526 748 464
163 20 5759 423 288 966 582 912 552 168 151 740 460 548 356 306 226 477 318 689 432 833 510 866 528 450 303 201 169 477 318 632 401 481 320 778 480 682 429 476 317 414 284
164 20 6124 556 361 552 358 792 488 656 415 497 328 964 581 618 394 133 132 940 568 275 209 311 228 891 541 717 447 653 413 822 504 443 300 595 382 384 268 573 369 877 534
165 20 6050 173 154 845 516 880 536 476 317 773 477 985 592 252 196 675 425 902 547 473 316 447 302 459 308 849 519 755 468 870 530 425 289 959 578 238 189 327 237 338 243
166 20 6248 765 473 589 378 921 557 390 271 928 561 842 515 410 282 582 375 448 302 538 351 795 489 952 574 642 407 430 293 811 498 794 489 478 318 671 422 143 137 368 259
167 20 6379 795 490 806 495 562 364 421 287 309 227 857 523 601 385 869 530 888 540 432 293 616 393 166 150 973 586 787 485 115 123 631 401 334 241 909 551 921 558 766 474
168 20 5676 530 346 942 569 380 266 508 334 725 452 598 383 958 577 381 266 458 308 619 395 616 393 717 447 41 82 254 197 780 482 611 390 844 516 201 169 791 487 399 276
169 20 6622 795 489 873 532 248 194 614 392 867 528 688 432 551 358 929 562 348 248 87 107 1000 600 146 139 868 529 793 489 535 349 858 523 921 558 815 500 467 312 841 514
170 20 6630 780 482 780 482 855 522 328 238 559 362 547 356 775 479 516 339 307 226 826 506 954 576 609 389 958 577 687 431 312 229 971 585 654 413 606 387 304 224 933 564
171 20 7101 987 593 514 338 778 480 621 396 924 559 736 458 324 235 143 137 993 596 962 580 604 387 896 544 848 518 996 598 984 592 793 489 741 460 698 437 94 111 566 366
172 20 5860 238 189 836 512 713 446 634 402 506 333 148 140 785 484 391 271 483 321 998 599 913 553 347 247 482 320 422 288 519 340 841 515 917 555 558 362 191 163 798 491
173 20 5939 282 213 512 337 445 301 422 288 982 590 329 238 408 281 563 364 566 366 246 193 968 583 964 581 347 247 508 334 977 588 854 521 232 185 741 460 912 553 620 395
174 20 6281 960 579 502 331 957 577 259 200 599 384 615 393 936 566 327 237 518 340 605 387 599 383 534 349 186 160 888 540 528 345 925 560 836 512 717 447 136 134 935 565
175 20 6424 839 514 543 354 598 383 962 580 945 571 719 448 753 467 702 439 168 151 667 420 310 227 982 591 610 390 524 343 506 333 667 420 870 530 475 317 304 224 705 441
176 20 6259 666 420 725 452 197 167 510 335 739 459 167 150 529 346 589 378 797 490 833 510 718 448 577 372 719 449 706 442 739 459 395 274 873 532 818 502 722 450 500 330
177 20 6192 889 541 909 551 487 323 876 533 395 274 946 571 698 437 161 147 602 385 510 336 991 596 493 327 652 412 570 368 956 576 359 254 271 206 707 442 450 303 462 310
178 20 6166 956 576 586 376 674 424 558 362 780 481 432 293 834 510 700 438 717 447 605 387 211 174 273 208 573 370 969 584 806 496 705 441 854 521 337 242 282 213 480 320
179 20 5981 315 231 259 200 775 479 883 537 185 160 872 531 450 303 914 554 791 487 241 190 970 584 333 240 473 316 974 586 839 513 553 359 845 517 498 329 407 280 385 268
180 20 6509 417 285 331 239 553 359 940 568 660 417 657 415 873 531 133 132 772 477 961 579 586 377 837 512 625 398 256 198 415 284 959 578 454 306 695 435 939 567 956 577
181 20 5965 169 152 706 442 278 211 200 168 978 589 341 245 816 501 828 507 457 307 942 569 624 397 699 437 183 159 908 550 681 428 885 538 471 315 348 248 483 321 934 565
182 20 6635 875 533 591 380 740 460 756 469 464 311 181 158 853 521 934 565 931 563 239 189 874 532 760 471 955 576 812 499 981 590 285 214 135 133 846 517 994 597 64 95
183 20 6940 770 476 823 505 498 329 784 483 424 289 572 369 790 487 826 506 1000 600 795 489 255 198 929 562 871 531 467 312 501 331 645 409 969 584 868 529 919 557 175 155
184 20 6946 602 385 617 393 806 495 845 517 403 278 932 563 443 300 527 345 944 570 378 265 621 395 984 592 789 486 891 541 933 564 772 477 714 446 414 284 809 497 469 314
185 20 6941 618 394 979 589 929 562 992 596 985 592 659 416 951 574 244 192 461 309 437 296 634 403 349 249 736 457 774 478 981 590 712 445 374 262 990 595 118 124 960 579
186 20 6491 738 459 585 376 507 334 902 547 444 300 412 283 945 571 254 198 428 292 941 568 877 534 862 525 545 355 828 507 453 305 939 567 606 388 212 174 519 340 986 593
187 20 6899 909 551 822 504 545 355 806 495 974 586 925 560 511 336 358 253 582 374 572 369 432 293 875 533 851 520 716 447 988 594 845 516 280 212 148 140 957 577 702 439
188 20 6534 275 209 543 354 929 562 590 379 799 492 213 175 950 573 909 551 843 515 955 576 581 374 357 253 235 187 771 477 763 472 831 509 678 426 687 431 300 222 859 524
189 20 6406 792 488 748 464 401 277 612 391 881 536 685 430 416 285 660 417 980 589 625 398 339 243 765 473 808 497 627 399 384 268 510 335 554 360 407 280 754 468 865 528
190 20 6993 960 579 946 571 920 557 827 507 468 313 846 517 622 396 993 596 498 329 518 340 44 84 399 276 762 472 923 559 989 594 390 271 854 522 352 250 680 428 996 598
191 20 6456 769 475 977 588 380 265 894 543 646 409 955 576 861 525 164 149 694 435 232 186 238 189 640 406 670 422 777 480 633 402 534 348 768 475 966 582 572 369 542 353
192 20 5938 669 421 873 532 636 404 901 547 908 550 147 140 515 338 251 196 947 572 489 324 927 561 963 580 369 260 760 471 906 549 443 300 307 226 169 151 283 213 414 284
193 20 7045 712 445 705 441 932 564 638 405 762 472 855 522 787 485 207 172 599 384 489 324 898 545 830 508 876 533 838 513 701 439 603 386 923 559 518 340 765 473 452 304
194 20 5917 467 312 376 263 626 398 925 560 595 381 472 315 872 531 698 437 570 368 891 541 165 149 868 529 416 285 281 212 549 357 809 497 845 517 323 234 593 381 494 327
195 20 5840 638 405 505 333 134 132 599 384 968 583 858 523 389 270 475 317 958 578 610 390 257 199 482 321 863 526 901 547 828 507 486 322 165 149 121 125 824 505 619 394
196 20 6363 860 525 235 187 721 450 846 517 319 232 549 357 964 581 203 170 796 490 679 427 819 502 991 596 642 407 339 243 143 137 601 385 754 467 910 552 458 307 897 545
197 20 6340 490 325 503 332 268 205 708 443 268 205 302 223 936 565 981 590 993 596 305 225 542 353 581 374 409 281 638 405 680 427 917 555 739 459 790 487 917 555 713 446
198 20 6522 699 438 181 158 443 300 829 508 727 453 829 508 864 527 730 454 698 437 925 560 371 261 939 567 373 262 478 318 160 147 784 484 896 544 957 577 900 546 261 201
199 20 7296 598 383 828 507 808 496 786 484 991 596 675 425 976 587 987 593 434 294 458 307 422 288 682 429 992 596 473 316 415 284 769 475 946 571 963 580 936 565 454 305
200 20 6774 755 468 717 447 535 349 523 343 794 489 573 370 518 340 394 273 748 464 851 520 744 462 870 530 773 478 752 467 963 580 135 133 760 471 796 490 499 329 849 519
201 20 6264 576 371 256 199 437 296 526 344 416 285 613 391 279 211 541 353 943 570 990 595 686 431 317 231 930 562 838 512 971 584 628 399 710 444 782 482 425 290 664 419
202 20 6432 636 404 827 507 593 380 944 570 597 383 370 260 331 239 415 284 863 526 344 246 748 464 852 520 520 341 711 444 648 410 272 207 851 520 710 443 934 565 699 438
203 20 5969 865 527 536 350 612 390 942 569 163 148 958 577 634 403 337 242 795 490 806 496 753 467 853 521 389 271 496 328 249 195 336 241 736 458 483 321 267 204 729 454
204 20 6203 335 241 460 309 820 503 398 275 483 321 814 500 664 419 581 374 674 424 894 543 359 254 924 559 874 532 308 226 282 213 674 424 219 178 738 459 907 550 999 600
205 20 5374 529 346 630 401 838 513 249 195 594 381 387 269 994 597 278 210 445 300 433 294 538 350 767 474 456 306 558 362 111 120 559 362 607 388 504 332 819 503 453 305
206 20 6791 628 399 830 509 883 537 469 313 304 225 569 367 660 417 485 322 692 434 991 596 800 492 579 373 194 165 804 495 810 497 944 570 953 575 897 545 855 522 236 187
207 20 5497 635 403 934 564 615 393 692 434 442 299 763 472 146 139 153 143 495 327 375 262 279 211 776 479 403 278 860 525 137 134 456 306 918 556 358 254 989 594 569 367
208 20 6588 477 318 536 350 963 580 547 356 691 433 483 321 701 439 448 302 535 349 960 578 626 398 789 486 997 599 437 296 261 201 973 586 914 554 274 208 921 558 644 408
209 20 6580 314 230 589 378 571 368 263 202 862 526 583 375 711 444 820 503 541 353 734 457 963 580 482 320 403 278 703 440 805 495 599 384 757 469 977 588 792 488 691 433
210 20 6118 310 227 570 368 306 225 173 154 175 154 922 558 998 599 518 340 487 323 716 447 631 401 920 557 916 555 778 480 993 597 194 165 101 115 893 543 782 483 853 521
211 20 6920 657 415 132 131 673 424 408 280 592 380 751 466 950 573 241 190 954 576 910 552 503 332 521 341 957 577 617 394 608 389 917 556 950 573 863 526 657 415 979 589
212 20 5254 999 600 574 370 288 216 576 371 372 261 467 313 638 405 784 483 179 157 255 198 994 597 719 448 343 245 287 215 820 503 583 375 799 492 289 216 312 229 230 184
213 20 6105 467 312 760 470 409 281 929 562 451 304 884 538 965 581 713 445 752 466 638 405 46 85 367 259 794 489 83 105 357 253 878 535 920 557 314 230 548 356 936 566
214 20 6443 875 533 976 587 453 305 39 81 714 446 481 320 526 345 847 517 819 502 528 345 603 386 754 468 281 212 679 427 811 498 619 394 758 470 848 518 603 386 673 423
215 20 6255 673 424 804 494 869 529 892 542 424 289 589 378 876 533 504 332 697 437 230 184 774 478 849 519 181 158 477 318 845 517 711 444 564 365 924 559 62 93 566 366
216 20 7278 802 493 647 409 922 558 750 465 593 381 611 390 522 342 947 571 426 290 672 423 758 470 956 576 962 580 960 579 679 427 896 544 334 241 979 589 185 160 955 576
217 20 6514 665 420 491 325 450 303 551 358 482 320 749 465 963 580 520 341 510 336 297 220 348 248 669 422 860 525 592 380 836 512 875 533 941 568 927 561 579 373 724 451
218 20 6968 883 537 630 400 871 531 760 470 735 457 986 593 805 495 438 297 897 545 683 429 363 256 870 530 129 130 757 469 712 445 686 430 713 445 478 318 629 400 912 553
219 20 7131 716 447 333 240 133 132 904 549 727 453 619 395 800 492 864 527 663 418 888 540 806 496 900 546 321 234 640 406 925 560 973 586 777 480 861 525 441 298 972 585
220 20 6664 932 564 860 525 874 532 641 407 479 319 751 466 302 223 630 400 790 487 363 256 892 542 540 352 542 353 546 355 721 450 690 433 994 597 725 452 369 259 688 432
221 20 6189 257 199 193 164 633 402 916 555 911 552 433 294 831 509 711 444 791 487 766 474 999 600 902 547 834 510 211 174 457 307 497 328 589 378 257 199 486 322 704 440
222 20 7178 820 503 872 531 431 293 976 587 453 305 767 474 753 467 825 506 910 551 932 564 835 511 302 224 820 503 460 309 715 446 860 525 511 336 847 518 994 597 274 208
223 20 6214 126 129 814 500 324 235 777 480 402 277 635 403 937 566 658 416 316 231 800 492 644 408 859 524 498 329 360 255 602 386 658 416 582 374 858 523 898 545 680 427
224 20 6163 543 353 703 440 233 186 514 338 790 487 559 362 541 352 84 105 663 418 486 323 983 591 427 291 673 424 763 472 853 521 995 597 702 439 710 444 185 160 920 557
225 20 6675 994 597 924 559 829 508 802 493 481 320 79 103 210 174 984 591 238 188 709 443 686 431 777 480 805 495 100 114 886 539 906 550 972 585 573 370 791 487 604 387
226 20 6446 564 365 151 142 221 180 685 430 672 423 869 529 792 488 382 266 713 445 722 450 702 439 715 446 836 512 856 522 972 585 952 574 859 524 337 242 869 530 24 73
227 20 6198 297 221 924 559 346 247 652 412 832 510 540 352 534 349 467 312 268 205 249 195 972 585 925 560 702 440 951 574 782 483 424 289 969 584 441 298 479 319 642 407
228 20 4979 846 517 344 246 842 515 488 324 514 338 803 494 426 290 319 232 659 416 665 419 708 443 115 123 777 480 224 181 210 174 300 222 86 107 814 500 122 126 696 436
229 20 6356 548 356 351 250 970 584 996 598 843 515 984 591 469 314 787 485 964 581 414 284 755 468 275 209 665 419 875 533 797 491 31 77 186 161 660 417 980 589 162 148
230 20 6876 574 370 779 481 999 600 917 556 940 568 837 512 978 589 346 247 380 266 826 506 840 514 982 590 490 325 791 488 600 384 211 174 434 295 727 453 549 357 553 359
231 20 6649 767 474 753 467 667 420 953 575 636 403 807 496 982 591 564 365 645 408 253 197 834 510 243 192 993 596 311 228 479 319 867 528 830 508 401 277 613 391 701 439
232 20 6848 982 591 397 275 639 405 782 482 939 568 869 529 748 464 315 230 936 566 576 371 531 347 708 443 160 146 959 578 692 434 406 279 827 507 633 402 909 551 689 432
233 20 5153 974 586 302 224 430 292 626 398 259 200 851 520 869 529 237 188 135 133 549 357 453 305 632 401 583 375 180 158 935 565 226 182 661 417 367 259 811 498 227 183
234 20 6904 623 397 828 507 450 303 547 356 973 586 787 485 756 469 631 401 581 374 362 256 852 520 917 556 982 591 717 447 896 544 259 200 763 472 548 356 770 476 567 366
235 20 6087 911 552 571 369 497 328 320 233 243 191 724 451 682 428 582 374 934 565 589 378 595 381 531 347 415 284 815 500 837 512 587 377 915 555 345 246 626 399 456 307
236 20 4503 417 286 280 211 692 434 682 429 601 385 403 278 243 191 630 401 489 324 464 311 450 303 190 163 877 534 135 133 371 261 396 274 806 496 261 201 150 141 470 314
237 20 6694 718 448 231 185 895 543 507 334 989 594 301 223 992 596 795 490 783 483 998 599 876 533 457 307 803 494 668 421 747 464 914 554 81 104 193 164 477 318 964 581
238 20 5605 339 243 754 467 955 576 207 172 90 109 291 217 898 545 528 345 173 153 864 527 814 500 810 498 540 352 964 581 434 295 507 334 165 149 353 251 859 524 665 419
239 20 6256 548 356 827 507 665 419 313 229 720 449 638 405 637 404 336 242 628 399 918 556 709 443 451 304 641 407 205 171 1000 600 794 489 693 434 645 409 998 599 147 140
240 20 6284 401 277 223 181 879 535 896 544 277 210 911 552 676 425 367 259 622 396 731 455 209 173 659 416 395 273 707 442 824 505 750 465 943 569 763 472 987 593 348 248
241 20 6555 979 589 654 413 123 127 786 485 560 362 888 540 784 483 274 208 475 317 895 543 795 489 335 241 650 411 914 554 553 359 986 593 543 353 564 365 957 577 396 274
242 20 6940 955 576 476 318 675 425 948 572 331 239 605 387 818 502 956 577 604 386 523 343 673 424 847 517 531 347 927 561 828 508 858 523 954 576 781 482 351 250 240 190
243 20 6377 977 588 352 250 665 419 874 532 978 588 648 410 560 363 572 369 810 498 810 498 673 423 610 390 745 463 97 113 823 505 690 433 981 590 624 397 134 133 132 131
244 20 6751 637 404 763 472 788 486 881 536 126 128 911 552 670 422 928 561 925 560 672 423 554 359 289 217 969 583 659 416 709 443 386 269 736 458 935 565 252 196 712 445
245 20 5726 547 355 286 215 621 396 173 154 579 373 718 448 332 239 665 420 740 460 371 260 944 570 844 516 562 364 975 587 630 400 758 469 191 164 718 448 644 408 155 144
246 20 5885 592 380 228 183 298 221 614 392 453 305 688 432 963 580 963 580 790 487 394 273 545 355 765 473 784 484 200 168 785 484 839 513 153 143 359 254 884 537 474 316
247 20 6182 824 505 359 254 503 332 537 350 488 324 535 349 798 491 804 494 801 493 321 233 997 599 964 581 372 261 681 428 686 431 569 368 440 298 373 261 569 368 744 462
248 20 6680 183 159 896 544 437 296 541 352 975 587 894 543 719 448 951 574 963 580 463 310 432 294 376 263 916 555 659 416 474 316 757 469 692 434 819 503 844 516 369 259
249 20 5992 715 446 483 321 174 154 649 411 417 286 632 401 427 291 938 567 452 304 975 587 883 537 524 343 349 249 641 407 389 270 918 556 181 158 287 215 972 585 978 589
250 20 7072 943 570 965 581 661 417 900 546 971 585 693 434 857 523 784 484 660 416 863 526 898 545 412 283 319 232 912 553 471 315 516 339 764 473 692 434 436 296 428 291
251 20 7024 596 382 837 512 804 494 993 596 637 404 676 425 408 281 764 473 908 551 1000 600 254 198 638 405 861 525 660 416 694 435 676 425 656 415 604 386 969 583 414 284
252 20 6530 354 251 835 511 888 540 827 507 145 139 581 374 271 206 939 568 399 276 632 401 915 554 829 508 367 258 744 462 813 499 876 533 840 514 733 456 839 514 234 186
253 20 7164 797 491 919 556 718 448 964 581 726 452 931 563 745 462 491 326 926 560 196 166 745 463 206 171 885 538 454 305 833 510 938 567 778 480 361 255 812 499 903 548
254 20 6942 975 586 854 522 550 357 789 486 936 565 862 526 743 461 930 562 536 350 877 534 669 422 558 361 858 523 191 163 782 482 598 383 789 486 477 318 711 444 200 168
255 20 6650 983 591 984 592 978 588 770 476 370 260 141 136 667 420 683 429 877 534 869 530 970 584 828 508 283 213 387 269 122 126 223 180 956 577 893 543 693 434 624 397
256 20 6773 793 488 675 425 889 540 861 525 917 555 777 480 549 357 792 488 313 229 784 484 828 507 566 366 180 157 85 106 656 415 954 576 323 234 879 535 762 471 964 581
257 20 5660 417 285 881 536 125 128 517 339 69 98 462 310 415 284 783 483 689 432 229 184 890 541 496 328 679 427 973 586 659 416 975 587 112 121 756 469 902 547 291 217
258 20 6528 381 266 97 112 751 466 728 454 495 327 820 503 475 317 571 368 797 491 999 600 894 543 937 566 394 273 786 485 506 333 535 349 786 485 467 312 785 484 853 521
259 20 7324 932 563 951 574 552 358 787 485 676 425 960 579 257 199 763 473 964 581 563 364 645 409 921 557 855 522 845 516 793 488 753 467 538 351 868 529 537 350 489 324
260 20 7181 940 568 708 443 209 173 750 465 911 552 617 393 986 593 1000 600 578 372 817 501 157 145 891 541 460 309 384 268 903 548 968 583 777 480 798 491 702 439 807 496
261 20 5652 66 96 378 264 384 268 715 446 132 131 847 518 849 519 299 222 777 480 948 572 920 557 158 145 134 132 899 546 247 193 992 596 575 371 804 495 807 496 373 261
262 20 6461 609 389 494 327 777 480 863 526 770 476 568 367 725 452 928 561 160 147 639 405 925 560 917 555 684 429 242 191 102 115 416 285 606 388 968 583 624 397 906 549
263 20 6611 922 558 377 264 364 257 845 517 209 173 618 394 910 552 727 453 974 586 316 231 766 474 967 582 521 341 940 568 341 244 919 557 946 571 791 487 356 253 413 283
264 20 7300 939 567 475 317 934 565 654 413 803 494 413 283 813 499 603 386 908 550 883 537 628 399 779 481 691 433 401 277 974 586 956 577 539 352 725 452 562 363 921 558
265 20 5601 532 347 506 333 819 502 281 212 617 394 585 376 428 291 824 505 165 150 769 475 100 114 285 214 761 471 811 498 757 469 734 457 567 366 685 430 689 432 288 216
266 20 6135 836 511 300 222 784 484 214 176 974 586 839 513 158 145 475 317 822 504 957 577 667 420 279 211 637 404 979 589 883 537 45 85 903 548 318 232 800 492 401 277
267 20 6937 851 520 747 463 940 568 812 499 736 457 853 521 994 597 11 66 337 242 239 189 434 295 943 569 810 498 816 501 852 520 660 417 654 413 849 519 500 330 837 512
268 20 6923 924 559 907 550 973 585 947 572 634 403 749 465 170 152 925 560 749 465 585 376 537 350 830 509 521 342 436 296 806 495 927 561 780 481 289 216 327 237 831 509
269 20 7859 814 500 981 590 611 390 930 562 965 582 749 465 969 583 755 468 819 503 912 553 585 376 834 510 881 536 874 532 477 318 433 294 329 238 883 537 969 584 949 573
270 20 6229 570 368 696 436 849 518 301 223 368 259 583 375 967 582 973 586 238 189 505 333 568 367 522 342 640 406 812 499 689 432 122 126 690 433 771 476 740 460 854 521
271 20 5338 461 309 872 531 584 376 439 297 893 542 234 187 407 280 770 476 984 592 449 303 200 168 629 400 240 190 424 289 351 250 469 313 914 554 622 396 320 233 414 284
272 20 7559 939 567 607 388 914 554 338 243 865 527 928 561 868 529 853 521 780 482 947 572 917 555 913 553 647 410 798 491 849 519 903 548 642 407 881 536 407 280 123 127
273 20 6265 67 96 388 270 969 583 723 451 633 402 851 520 899 546 875 533 154 144 211 174 777 480 459 308 793 489 725 452 766 474 207 172 962 580 557 361 604 387 910 552
274 20 6414 376 263 715 446 543 353 561 363 460 309 546 355 327 237 846 517 587 377 702 439 823 505 800 492 50 87 918 556 930 563 762 472 508 335 675 425 747 463 953 575
275 20 6117 296 220 848 518 747 464 540 352 687 431 413 283 703 440 921 557 373 262 787 485 400 276 954 575 276 209 844 516 703 440 954 575 421 288 539 351 666 420 162 148
276 20 7518 639 405 805 495 925 560 368 259 557 361 859 524 847 518 912 553 647 410 703 440 778 481 978 588 968 583 979 589 920 557 726 452 668 421 871 531 345 246 541 353
277 20 7214 999 600 475 316 960 579 895 543 938 567 549 357 974 586 820 503 705 441 760 471 967 583 366 258 763 472 426 290 697 437 731 455 229 184 684 429 718 448 773 478
278 20 6035 427 291 205 171 798 491 269 206 977 588 264 203 736 458 502 332 996 598 732 456 248 194 963 580 762 472 525 344 182 159 637 404 381 266 754 468 756 469 957 577
279 20 6409 921 558 892 542 499 330 695 436 239 189 593 380 761 471 603 386 559 362 958 577 985 592 645 409 307 226 815 501 378 264 624 397 517 339 185 160 911 552 732 456
280 20 6801 798 491 939 567 739 459 383 267 367 259 555 360 761 471 699 438 947 571 877 534 994 597 760 471 505 333 499 330 707 442 766 474 700 438 179 157 758 469 670 422
281 20 5963 461 309 747 464 537 350 291 218 549 357 849 519 665 419 758 470 705 441 923 559 528 345 790 487 632 402 870 530 374 262 260 201 807 496 323 235 787 485 70 98
282 20 6127 575 371 894 543 292 218 840 514 828 507 638 405 246 193 675 425 733 456 761 471 209 173 787 485 985 592 89 108 690 433 572 369 557 361 906 550 131 131 847 518
283 20 6453 281 212 609 389 737 458 790 487 171 152 955 576 456 306 245 193 971 585 977 588 195 165 872 531 455 306 643 407 896 544 872 531 837 512 680 427 897 544 368 259
284 20 6737 931 563 897 545 848 518 834 510 825 506 544 354 676 425 722 450 709 443 769 476 777 480 220 179 587 377 394 273 807 496 623 397 216 177 920 557 551 358 624 397
285 20 6996 955 576 896 544 995 597 510 336 739 459 777 480 401 277 876 533 946 571 267 204 791 487 273 208 756 468 787 485 696 436 812 498 268 205 623 396 850 519 775 479
286 20 4804 670 422 95 112 474 316 893 542 851 520 101 115 514 338 649 411 188 162 77 102 369 260 357 253 372 261 558 362 880 535 599 383 545 355 861 525 168 151 388 270
287 20 6882 951 574 610 390 387 269 249 195 751 466 805 495 762 472 540 352 768 475 440 298 319 232 566 366 619 395 953 575 729 454 915 554 777 480 851 520 866 528 906 549
288 20 6757 296 220 828 507 741 460 910 552 871 530 618 394 565 365 748 464 915 554 844 516 721 450 977 588 622 396 253 197 282 212 817 501 573 370 511 336 561 363 862 526
289 20 6769 803 494 320 233 908 551 707 442 835 511 90 109 926 560 270 206 608 389 719 448 861 525 242 191 996 598 942 569 434 295 455 306 841 515 987 593 923 558 672 423
290 20 6802 633 402 437 296 950 573 581 374 794 489 981 590 910 552 529 346 535 349 899 546 836 511 528 345 983 591 621 395 538 351 784 484 858 524 531 347 451 304 225 182
291 20 5904 461 309 587 377 306 225 568 367 974 586 719 448 687 431 902 547 443 299 306 225 354 252 813 499 939 567 222 180 682 428 737 458 175 155 731 455 540 352 663 418
292 20 5820 848 518 323 235 847 517 370 260 941 568 187 161 415 285 684 430 175 155 299 222 457 307 554 359 197 166 382 267 996 598 652 412 835 511 802 493 794 489 882 537
293 20 5794 854 521 623 397 404 278 971 585 346 247 962 580 642 407 601 385 724 451 19 71 301 223 481 320 196 166 855 522 760 471 22 72 731 455 814 500 778 481 505 333
294 20 6300 763 472 135 133 925 560 536 350 528 345 859 524 571 369 356 252 932 564 99 114 924 559 701 439 784 484 375 263 911 552 561 363 401 277 698 437 880 535 662 418
295 20 6865 879 535 787 485 755 468 816 501 110 119 999 599 903 548 359 254 970 584 157 145 718 448 735 457 777 480 856 523 962 580 366 258 242 191 883 537 712 445 745 462
296 20 5282 358 253 15 68 771 477 438 297 742 461 975 587 910 552 442 299 321 234 117 123 31 77 62 93 673 424 910 552 579 373 470 314 744 462 810 498 843 515 353 251
297 20 6520 814 500 235 187 527 345 957 577 311 228 906 550 951 574 875 533 735 457 664 419 762 472 777 480 536 349 561 363 697 437 163 148 555 360 795 489 920 557 300 222
298 20 6620 349 249 707 442 905 549 745 462 884 538 890 541 351 250 995 597 864 527 376 263 272 207 471 315 782 482 567 366 631 401 475 317 966 582 707 442 756 468 547 356
299 20 6674 459 308 638 405 762 471 786 485 700 438 674 424 427 291 610 390 898 545 914 554 608 389 654 413 715 446 657 415 768 475 889 540 567 367 580 373 710 444 332 240
300 20 5999 467 312 965 581 851 520 514 338 493 326 564 365 351 250 417 285 971 584 665 419 712 445 733 456 998 599 791 487 435 295 96 112 427 291 119 124 536 350 894 543
301 20 6213 88 108 568 367 839 514 665 419 985 592 660 417 873 532 416 285 379 265 715 446 611 390 151 142 980 590 819 503 200 168 568 367 480 320 547 356 973 586 910 552
302 20 6391 891 541 991 595 422 288 712 445 806 496 733 456 756 468 314 230 701 439 752 466 671 423 759 470 424 289 813 499 802 493 425 290 296 220 56 90 650 411 808 497
303 20 6976 967 582 736 458 999 600 711 444 689 432 226 182 900 546 718 448 803 494 921 558 999 599 394 273 910 552 742 461 760 471 961 579 339 243 100 114 976 587 102 115
304 20 7161 685 430 389 270 830 509 916 555 580 373 743 461 926 560 298 221 393 273 408 281 545 354 829 508 862 526 979 589 925 560 999 600 635 403 821 504 635 403 925 560
305 20 5938 933 564 457 307 692 434 608 388 571 369 458 307 503 332 513 337 242 191 579 373 993 596 869 529 899 546 422 288 483 321 378 264 930 562 175 155 370 260 801 493
306 20 6339 660 416 561 363 733 456 563 364 764 473 511 336 385 268 770 476 545 355 299 222 278 210 827 507 946 571 424 289 862 526 635 403 579 373 911 552 858 523 568 367
307 20 5425 897 544 99 114 666 420 593 381 639 406 982 590 171 152 243 191 508 335 457 307 673 424 994 597 82 105 668 421 477 318 326 236 315 231 742 461 680 427 638 405
308 20 5998 433 294 836 512 877 534 467 313 894 543 473 316 1000 600 393 272 909 551 579 373 875 533 755 468 654 413 565 365 209 173 618 394 973 586 172 153 225 182 90 109
309 20 7356 285 214 761 471 666 420 788 486 938 567 936 566 680 427 762 472 968 583 795 489 152 142 954 575 516 339 771 477 767 474 934 565 953 575 845 517 416 285 826 506
310 20 6602 908 551 852 520 567 366 191 164 994 597 830 509 697 437 219 178 843 516 647 410 915 554 418 286 625 398 634 403 279 211 753 467 570 368 950 573 378 265 934 565
311 20 6091 896 544 625 398 951 574 803 494 805 495 996 598 597 383 492 326 701 439 412 283 762 472 340 244 419 286 199 168 446 301 375 263 256 198 921 558 975 587 212 175
312 20 6244 454 305 671 423 770 476 968 583 295 220 504 333 748 464 552 358 509 335 602 385 619 395 161 147 461 309 645 409 584 376 722 450 937 566 835 511 881 536 570 368
313 20 6355 942 569 578 372 163 148 742 461 707 442 973 585 568 367 420 287 666 420 740 460 772 477 657 415 110 120 971 585 837 512 244 192 911 552 360 254 989 594 361 255
314 20 6897 979 589 703 440 165 149 627 399 643 408 515 338 709 443 847 518 536 350 709 443 753 467 576 371 763 472 519 341 773 478 746 463 571 369 853 521 967 582 841 514
315 20 6495 749 465 317 232 785 484 210 173 765 474 735 457 154 143 570 368 329 238 101 115 970 584 794 489 802 493 803 494 818 502 964 581 662 418 980 590 966 582 517 340
316 20 6559 344 246 978 588 502 332 136 134 674 424 619 395 543 353 918 556 790 487 894 543 497 328 478 318 830 508 418 286 859 524 840 514 911 552 214 176 861 525 813 499
317 20 7104 471 315 544 354 727 453 702 439 901 547 647 409 910 551 604 386 747 463 898 545 887 539 563 364 310 228 747 464 751 466 913 553 569 367 585 376 934 565 798 491
318 20 5933 994 597 429 292 718 448 391 271 594 381 295 219 987 593 991 595 111 120 66 96 634 403 931 563 975 587 270 206 474 316 312 229 835 511 417 285 786 485 656 415
319 20 6057 946 571 426 290 190 163 462 310 295 220 872 531 837 512 732 455 387 269 375 263 318 232 992 596 555 360 928 561 879 535 981 590 271 207 345 247 911 552 413 283
320 20 6657 510 336 466 312 823 505 501 331 687 431 744 462 821 503 811 498 932 564 728 453 784 484 558 362 587 377 543 354 596 382 239 189 830 509 913 553 288 216 953 575
321 20 6286 988 594 505 333 591 379 463 310 977 588 885 538 621 396 897 545 162 148 826 506 335 241 942 569 624 397 154 143 627 399 888 540 478 318 222 180 567 366 820 503
322 20 6766 854 521 822 504 884 538 569 368 122 126 693 434 627 399 980 589 432 294 780 481 210 174 839 513 762 472 303 224 942 569 828 508 626 398 932 564 366 258 961 579
323 20 6562 580 374 599 384 923 559 978 589 742 461 847 518 49 87 835 511 867 528 976 587 315 230 259 200 882 536 974 586 738 458 627 399 267 205 694 435 182 158 790 487
324 20 7155 301 223 507 334 933 564 648 410 966 582 910 552 922 558 810 498 835 511 586 377 291 217 517 339 795 490 799 492 998 599 955 576 561 363 974 586 362 256 640 406
325 20 6243 327 237 494 327 651 412 740 460 830 508 932 564 675 425 347 248 611 390 883 537 723 451 695 436 813 499 426 290 643 407 754 467 751 466 205 171 39 81 947 571
326 20 7296 777 480 420 287 594 381 676 425 870 530 602 385 488 323 841 514 532 348 630 400 815 500 852 521 910 551 704 440 771 477 993 596 403 278 935 565 865 528 915 554
327 20 6569 851 520 98 113 927 561 941 568 292 218 136 134 756 468 906 549 579 373 841 514 706 441 310 227 660 417 851 520 448 302 842 515 843 515 908 551 989 594 255 198
328 20 5753 441 298 504 332 166 150 397 275 789 486 604 386 477 318 986 593 191 163 722 450 274 208 438 297 348 248 555 360 421 288 969 583 546 355 876 533 910 552 892 542
329 20 6987 697 436 420 287 706 441 683 429 391 271 474 316 746 463 980 590 967 582 666 420 928 562 893 542 602 386 593 381 162 148 758 470 830 508 711 444 837 512 930 563
330 20 6102 966 582 672 423 765 473 482 320 931 563 645 409 956 576 392 272 293 218 771 476 387 269 99 114 918 556 472 315 549 357 482 320 422 288 670 422 537 350 796 490
331 20 6173 371 260 925 560 552 359 462 310 335 241 404 279 284 214 208 173 338 243 864 527 625 398 544 354 897 545 646 409 955 576 983 591 816 501 848 518 463 310 826 506
332 20 7483 763 472 864 527 923 559 789 486 535 349 995 597 680 428 778 480 621 396 783 483 763 472 492 326 586 376 545 355 992 596 553 359 846 517 809 497 943 569 707 442
333 20 6016 634 403 493 327 384 268 368 259 825 505 657 415 994 597 514 338 992 596 701 439 549 357 809 497 821 503 386 269 610 390 284 213 469 314 925 560 377 264 240 190
334 20 6059 506 334 908 551 593 381 618 394 319 233 853 521 849 519 781 482 891 541 637 404 261 201 557 361 719 448 846 517 459 308 347 248 993 596 85 106 533 348 364 257
335 20 7328 889 540 972 585 835 511 986 593 356 253 891 542 890 541 632 402 802 493 955 576 571 369 241 191 742 461 832 510 576 371 719 449 423 289 626 398 969 583 749 465
336 20 6378 787 485 574 370 673 423 986 593 555 360 970 584 298 221 865 528 622 396 430 292 490 325 743 461 242 191 755 468 667 420 324 235 489 324 391 271 986 593 910 552
337 20 6347 572 369 654 413 940 568 623 397 553 359 475 316 526 345 760 471 985 592 974 586 16 69 814 500 684 430 570 368 480 319 680 428 577 372 594 381 918 556 299 222
338 20 6405 531 347 579 373 671 423 350 249 704 440 829 508 703 440 990 595 585 376 466 312 797 491 529 346 851 520 573 370 751 466 675 424 546 355 613 391 557 361 511 336
339 20 6574 858 523 232 185 856 523 239 189 568 367 461 309 751 466 832 510 693 435 898 545 258 199 902 547 886 539 952 574 901 547 281 212 857 523 228 184 835 511 661 417
340 20 5940 924 559 712 445 941 568 769 476 550 357 561 363 350 249 681 428 631 401 514 338 340 244 177 156 537 350 481 320 793 489 242 191 908 551 319 232 532 348 918 556
341 20 7863 830 508 987 593 444 300 984 591 880 535 980 590 819 502 637 404 922 558 858 523 530 346 612 391 996 598 982 590 776 479 451 304 349 249 872 531 981 590 836 512
342 20 6911 615 393 452 305 928 562 399 276 254 198 929 562 898 545 751 466 875 533 305 225 248 194 632 402 975 587 963 580 829 508 672 423 762 472 765 473 758 469 812 499
343 20 6155 411 282 527 345 946 571 967 583 452 304 472 315 995 598 716 447 169 151 785 484 618 394 487 323 549 356 807 496 455 306 940 568 235 187 727 453 446 301 606 387
344 20 5238 606 387 60 92 885 538 925 560 551 358 313 229 437 296 328 237 430 293 356 252 591 379 942 569 676 425 132 131 279 211 619 395 447 302 781 482 414 284 704 440
345 20 6151 393 272 972 585 290 217 694 435 438 297 842 515 655 414 637 404 255 198 316 231 475 317 730 454 314 230 909 551 728 453 509 335 793 489 931 563 659 416 763 472
346 20 6783 887 539 671 423 833 510 942 569 782 482 944 570 911 552 454 306 928 561 557 361 624 397 715 446 812 498 741 460 523 342 540 352 520 341 382 266 691 433 110 119
347 20 6014 299 222 889 540 120 125 448 302 502 331 917 556 472 315 408 281 427 291 342 245 817 502 266 204 897 545 580 374 924 559 741 460 896 544 609 389 852 520 623 396
348 20 5956 898 545 707 442 198 167 926 560 837 512 820 503 511 336 577 372 417 286 265 203 421 287 328 237 764 473 291 217 528 345 149 141 910 552 912 552 650 411 804 494
349 20 5793 429 292 184 160 594 381 495 327 985 592 1000 600 943 569 948 572 618 394 251 196 556 360 923 559 485 322 268 205 688 432 593 380 398 275 198 167 354 251 676 425
350 20 6659 928 561 606 387 759 470 817 502 822 504 862 526 898 545 176 155 718 448 829 508 537 350 655 414 629 400 917 555 314 230 589 378 922 558 421 287 775 479 144 138
351 20 5523 900 546 506 333 275 209 489 324 280 212 980 590 873 532 484 322 385 268 281 212 186 161 110 120 362 256 906 550 618 394 420 287 984 592 178 157 936 566 893 542
352 20 6790 625 398 887 539 923 558 780 481 304 224 666 420 546 355 665 419 893 542 950 573 455 306 536 350 940 568 575 371 802 493 559 362 917 555 569 368 654 414 334 240
353 20 7040 843 515 858 524 977 588 501 331 500 330 938 567 530 346 988 594 91 109 673 424 816 501 784 484 566 366 730 455 687 431 821 503 194 165 887 539 986 592 710 444
354 20 6967 871 530 775 479 906 549 617 393 996 598 388 270 751 466 718 448 805 495 533 348 743 462 259 200 689 433 458 308 379 265 601 385 967 582 672 423 928 561 878 535
355 20 7883 987 593 759 470 908 550 209 173 931 563 808 497 908 550 874 532 789 486 525 344 877 534 851 520 815 500 868 529 521 341 902 548 747 464 809 497 843 516 836 512
356 20 4857 182 158 139 136 998 599 578 372 510 336 394 273 644 408 888 540 487 323 518 340 404 279 98 113 278 210 356 252 44 84 591 379 570 368 809 497 677 426 550 357
357 20 5927 674 424 763 472 887 539 783 483 632 402 153 143 267 204 78 102 736 458 819 502 332 240 527 345 485 322 885 538 371 260 884 538 537 350 604 387 503 332 935 565
358 20 5262 122 126 652 412 582 375 172 153 288 216 499 330 309 227 96 112 948 572 904 548 736 458 725 452 201 169 512 337 575 371 476 317 923 559 291 218 790 487 723 451
359 20 5270 176 156 667 420 494 327 509 335 247 194 346 247 362 255 448 302 680 427 778 480 492 326 453 305 919 556 189 162 518 340 603 386 471 315 898 545 859 524 432 293
360 20 6058 663 418 639 405 699 438 716 447 427 291 879 535 476 317 535 349 989 595 451 304 107 118 593 380 768 475 502 331 390 271 930 562 877 534 345 247 591 379 539 351
361 20 6160 119 124 629 400 928 562 921 558 727 453 699 437 165 149 948 572 668 421 808 497 707 442 664 419 740 460 347 248 590 379 326 237 674 424 893 543 553 359 215 176
362 20 6538 873 532 955 576 842 515 348 248 222 180 615 393 986 592 982 590 304 224 505 333 412 283 652 412 453 305 561 363 864 527 602 385 877 534 795 490 614 392 615 392
363 20 6515 480 320 761 471 604 387 708 443 582 375 562 364 815 500 915 554 319 232 539 351 842 515 866 528 354 252 216 177 930 562 904 549 639 405 308 226 757 469 929 562
364 20 6745 922 558 320 233 968 583 702 439 216 177 977 588 934 565 132 131 694 435 212 175 601 385 852 520 999 600 395 274 660 417 962 580 955 576 998 599 462 310 529 346
365 20 6243 332 239 941 568 924 559 624 397 183 159 943 570 726 452 724 451 266 204 977 588 587 377 423 289 756 468 258 199 610 390 603 386 704 440 809 497 280 211 816 501
366 20 5805 684 430 328 237 704 440 171 152 918 556 429 292 378 264 298 221 805 495 261 201 535 349 478 318 982 591 898 545 39 81 554 359 841 514 986 593 865 527 457 307
367 20 6308 364 257 536 349 857 523 581 374 544 354 412 283 178 156 915 555 833 510 917 555 920 557 849 519 860 525 599 384 420 287 586 377 400 276 360 255 545 355 940 568
368 20 6548 736 458 581 374 184 159 464 311 848 518 944 570 534 349 958 578 816 501 346 247 68 97 831 509 846 517 350 249 903 548 886 539 871 531 783 483 565 365 582 375
369 20 5795 507 334 873 531 413 283 530 347 154 144 622 396 792 488 634 403 763 472 626 398 750 465 174 154 250 195 972 585 363 256 467 313 828 507 232 185 802 493 839 513
370 20 6361 516 339 856 523 998 599 614 392 324 235 586 377 318 232 772 477 958 577 974 586 179 157 699 437 190 163 628 399 928 561 392 272 765 473 655 414 533 348 838 513
371 20 6872 725 452 960 579 642 407 600 384 836 512 829 508 579 373 821 504 876 533 394 273 437 296 982 591 591 379 982 591 820 503 984 592 247 194 430 293 525 344 485 322
372 20 6461 357 253 658 416 780 481 988 594 612 391 751 466 840 514 623 396 816 501 990 595 396 274 752 466 110 119 821 504 237 188 930 563 854 522 432 294 466 312 509 335
373 20 6507 736 458 456 306 621 396 685 430 556 361 158 146 857 523 824 505 686 431 645 409 532 347 799 492 859 524 587 377 291 218 996 598 469 314 743 462 785 484 729 454
374 20 7691 844 516 475 317 772 477 842 515 812 499 907 550 505 333 175 155 872 531 504 332 916 555 982 590 791 488 948 572 723 451 923 559 860 525 692 434 968 583 872 531
375 20 6699 133 132 964 581 850 519 809 497 681 428 645 408 997 599 454 306 892 542 515 338 755 468 973 586 836 512 740 460 396 274 43 84 774 478 813 499 449 303 680 427
376 20 6285 287 215 713 445 993 597 864 527 439 297 917 555 617 393 598 383 842 515 731 455 919 556 768 475 223 180 979 589 689 432 214 176 332 239 185 160 327 237 934 565
377 20 7130 646 409 991 595 911 552 298 221 922 558 794 489 454 306 959 578 871 531 848 518 870 530 959 578 650 411 607 388 879 535 492 326 828 507 373 262 127 129 781 482
378 20 6914 996 598 944 570 629 400 528 345 135 133 947 572 729 454 677 426 783 483 916 555 444 300 710 444 516 339 260 200 647 409 842 515 886 539 885 538 424 289 930 563
379 20 6256 948 572 829 508 336 242 503 332 622 396 596 382 891 541 524 343 586 376 531 347 812 499 550 357 371 260 552 358 951 574 680 428 748 464 261 201 772 477 450 303
380 20 4678 132 131 412 283 432 293 685 430 177 156 501 331 702 440 523 342 415 284 974 586 824 505 207 172 326 236 962 580 246 193 35 79 479 319 160 147 310 227 854 522
381 20 6952 998 599 545 354 553 359 994 597 701 439 408 280 956 576 725 452 481 320 925 560 681 428 384 267 875 533 767 474 996 598 899 546 277 210 789 486 805 495 146 139
382 20 7345 913 553 983 591 676 425 820 503 770 476 832 509 716 447 680 427 458 307 667 421 650 411 816 501 602 385 838 513 578 372 763 472 965 581 538 351 610 390 816 501
383 20 5389 219 179 473 315 618 394 953 575 788 486 994 597 925 560 575 371 338 243 252 197 353 251 903 548 376 263 319 233 348 248 756 468 319 233 718 448 150 141 402 277
384 20 6990 817 501 934 565 610 389 914 554 935 565 970 584 685 430 587 377 169 152 994 597 891 541 289 216 497 329 864 527 794 489 321 234 892 542 584 375 413 283 820 503
385 20 6046 894 543 622 396 245 192 633 402 655 414 404 278 440 298 542 353 97 113 768 475 649 411 454 305 762 472 806 496 611 390 848 518 336 242 959 578 759 470 609 389
386 20 6366 278 211 588 378 317 231 768 475 273 208 973 586 953 575 961 579 996 598 290 217 810 498 338 242 874 532 845 516 421 287 645 409 388 270 956 576 850 519 209 173
387 20 6149 578 372 814 500 641 406 609 389 290 217 616 393 720 449 3 62 779 481 771 477 761 471 917 556 41 82 428 292 786 485 363 256 699 438 888 540 919 557 676 425
388 20 5767 712 445 413 283 934 565 423 289 412 283 401 277 511 336 894 543 729 454 102 115 760 470 662 418 684 430 211 174 497 329 590 379 339 243 678 426 691 433 891 541
389 20 6360 681 428 814 500 448 302 615 392 928 561 405 279 886 539 841 514 572 369 504 333 257 199 912 553 984 592 792 488 558 362 266 204 540 352 890 541 313 229 514 338
390 20 6616 347 248 519 341 373 262 924 559 731 455 91 109 476 317 440 298 438 297 639 405 898 545 985 592 490 325 852 520 903 548 969 584 724 451 796 490 880 535 757 469
391 20 5517 124 127 230 185 835 511 699 438 770 476 327 237 834 511 494 327 628 399 848 518 399 276 760 471 591 379 39 81 605 387 415 285 28 75 710 443 732 456 967 582
392 20 6343 422 288 873 532 310 228 582 374 987 593 723 451 847 518 618 394 826 506 845 516 707 442 633 402 977 588 672 423 317 231 36 80 306 225 454 305 654 414 898 545
393 20 5947 138 135 665 419 934 565 562 363 643 407 310 228 577 372 647 410 752 466 835 511 537 350 952 574 151 142 147 140 963 580 298 221 877 534 832 510 338 243 737 458
394 20 6744 826 506 694 435 387 269 857 523 694 435 860 524 688 432 993 597 983 591 676 425 447 302 358 253 927 561 762 472 553 359 477 318 713 445 526 344 643 408 425 290
395 20 6099 996 598 837 512 858 524 750 465 571 369 725 452 129 130 764 473 469 313 164 149 331 239 309 227 595 381 691 434 796 490 990 595 352 250 687 431 897 545 288 216
396 20 6537 937 566 762 472 84 105 468 313 856 523 399 276 768 475 890 541 530 347 811 498 433 294 336 241 965 582 619 394 775 478 516 339 917 555 266 204 887 539 856 522
397 20 6197 939 568 885 538 274 208 995 598 884 537 800 492 823 505 940 568 437 296 339 243 926 560 346 247 386 268 135 133 823 504 585 376 20 71 807 496 543 353 508 335
398 20 7150 924 559 465 311 586 377 987 593 994 597 484 322 957 577 420 287 597 383 942 569 825 506 790 487 547 355 999 600 708 442 750 465 755 468 423 289 574 370 573 370
399 20 6436 234 187 604 386 286 215 675 425 834 510 318 232 972 585 696 436 647 410 713 446 868 529 703 440 845 516 909 551 462 310 687 431 167 151 801 493 855 522 597 383
400 20 6532 619 395 891 541 71 99 710 444 920 557 858 524 894 543 116 123 880 536 990 595 273 208 528 345 752 466 513 337 600 384 390 271 754 467 424 289 912 553 970 584
