uf20-0100 116 -1 2 3 -4 5 6 -7 8 9 10 -11 -12 13 14 15 -16 17 -18 19 20 0 
uf20-0104 48 1 -2 -3 -4 5 -6 -7 -8 9 10 11 -12 13 -14 -15 -16 17 18 -19 20 0 
uf20-0108 96 1 -2 3 -4 -5 -6 7 8 9 10 11 -12 13 -14 15 -16 -17 18 19 -20 0 
uf20-0109 89 1 -2 3 4 5 -6 7 -8 9 -10 11 -12 -13 -14 -15 -16 17 -18 19 -20 0 
uf20-0114 83 1 -2 -3 -4 5 6 -7 -8 -9 -10 11 12 13 14 15 -16 -17 -18 19 20 0 
uf20-0115 68 1 2 3 -4 -5 -6 -7 -8 -9 10 11 -12 -13 14 -15 -16 17 -18 -19 20 0 
uf20-0116 98 1 -2 3 4 -5 6 7 8 -9 -10 -11 -12 13 14 -15 -16 17 -18 19 20 0 
uf20-0117 99 1 -2 -3 4 -5 6 7 -8 -9 10 11 12 -13 -14 -15 -16 17 18 19 -20 0 
uf20-0121 100 1 2 3 4 -5 6 7 8 -9 -10 11 -12 -13 -14 -15 -16 17 18 19 20 0 
uf20-0123 129 1 2 3 4 -5 -6 -7 8 9 -10 -11 12 13 14 15 -16 17 18 -19 20 0 
uf20-0125 124 1 2 3 4 5 6 7 -8 -9 10 11 12 13 14 -15 -16 17 -18 19 20 0 
uf20-0126 91 -1 -2 -3 -4 5 6 7 8 9 10 11 12 -13 14 -15 16 -17 -18 -19 20 0 
uf20-0129 100 1 -2 3 4 -5 6 -7 8 9 10 -11 -12 -13 -14 -15 -16 17 18 19 20 0 
uf20-0129 100 1 -2 3 4 -5 -6 -7 8 9 10 -11 12 -13 -14 -15 -16 17 18 19 20 0 
uf20-0133 126 -1 2 3 4 -5 6 -7 -8 9 10 11 12 13 14 -15 16 17 -18 -19 20 0 
uf20-0135 119 -1 2 3 -4 -5 -6 7 -8 -9 10 11 12 13 14 -15 -16 17 18 19 20 0 
uf20-0136 135 1 -2 3 -4 5 6 7 8 9 10 11 -12 13 14 15 16 17 -18 -19 20 0 
uf20-0138 109 -1 -2 3 4 -5 -6 7 8 -9 10 11 -12 13 -14 15 16 17 -18 19 -20 0 
uf20-0139 67 -1 -2 -3 4 5 -6 -7 -8 9 10 11 -12 13 14 15 -16 -17 -18 19 -20 0 
uf20-0140 101 1 2 3 -4 5 -6 7 8 9 -10 -11 12 13 -14 -15 16 17 18 -19 -20 0 
uf20-0146 90 -1 2 -3 4 -5 6 7 8 -9 -10 -11 12 13 -14 15 -16 -17 18 19 -20 0 
uf20-0147 119 1 2 3 -4 5 -6 7 8 -9 10 -11 -12 13 14 15 16 -17 18 -19 -20 0 
uf20-0148 107 1 2 -3 4 5 -6 -7 8 -9 10 11 12 -13 -14 15 -16 17 -18 -19 20 0 
uf20-0150 65 -1 2 3 4 -5 -6 -7 8 -9 -10 11 12 -13 14 -15 16 -17 18 19 -20 0 
uf20-0152 67 -1 2 3 4 5 6 7 -8 -9 -10 -11 -12 -13 -14 15 -16 17 18 19 -20 0 
uf20-0155 76 -1 2 3 -4 5 -6 -7 8 9 10 11 -12 13 14 15 16 -17 18 -19 20 0 
uf20-0159 89 -1 2 -3 4 5 -6 -7 8 9 10 -11 -12 13 14 15 -16 17 -18 -19 20 0 
uf20-0160 128 1 2 -3 4 5 -6 7 8 -9 -10 11 12 13 -14 -15 16 17 -18 19 20 0 
uf20-0165 92 1 2 -3 4 5 -6 -7 8 9 10 -11 -12 13 14 15 16 -17 18 19 -20 0 
uf20-0167 89 -1 -2 3 -4 -5 -6 -7 8 9 10 11 12 13 14 15 -16 -17 -18 -19 -20 0 
uf20-016 115 -1 2 3 4 -5 -6 7 8 9 10 11 12 -13 14 15 -16 -17 18 -19 -20 0 
uf20-0173 56 -1 -2 3 -4 -5 -6 -7 -8 9 10 -11 12 -13 14 -15 16 -17 18 -19 -20 0 
uf20-0180 119 1 2 3 4 -5 -6 7 8 9 10 11 12 -13 -14 15 -16 -17 -18 -19 20 0 
uf20-0182 69 -1 -2 3 4 5 -6 7 -8 9 10 11 12 -13 -14 -15 -16 -17 -18 19 -20 0 
uf20-0183 88 1 -2 3 -4 -5 6 7 8 -9 10 -11 -12 -13 14 -15 16 -17 -18 19 -20 0 
uf20-0186 97 -1 2 3 -4 5 6 -7 8 9 10 11 -12 -13 -14 15 16 17 18 -19 -20 0 
uf20-0188 84 -1 -2 3 4 5 6 -7 -8 9 -10 11 12 13 14 15 -16 -17 -18 19 -20 0 
uf20-0191 109 -1 2 3 -4 -5 -6 7 -8 9 10 -11 -12 -13 14 15 16 17 -18 19 20 0 
uf20-0192 69 -1 -2 -3 -4 5 -6 -7 8 -9 -10 -11 -12 -13 -14 15 16 17 18 -19 20 0 
uf20-0193 99 -1 -2 -3 4 -5 -6 -7 8 -9 -10 11 12 -13 14 15 16 17 18 -19 20 0 
uf20-0196 93 1 2 3 -4 -5 -6 -7 -8 9 -10 -11 12 13 14 15 16 -17 -18 19 20 0 
uf20-019 109 -1 -2 3 4 5 -6 -7 8 9 -10 11 12 13 14 -15 -16 -17 18 19 -20 0 
uf20-01 107 -1 2 3 4 -5 -6 -7 8 9 10 11 -12 -13 14 15 -16 17 18 19 20 0 
uf20-0200 93 1 -2 3 -4 5 -6 7 -8 9 -10 -11 -12 13 -14 15 16 17 18 -19 20 0 
uf20-0202 97 -1 -2 3 4 -5 -6 -7 8 9 -10 11 12 -13 14 -15 -16 17 -18 19 20 0 
uf20-0203 89 1 -2 -3 -4 -5 6 -7 8 9 -10 11 12 -13 -14 15 -16 17 -18 19 -20 0 
uf20-0204 70 -1 2 3 4 5 6 7 -8 -9 10 -11 -12 -13 14 -15 16 -17 -18 -19 -20 0 
uf20-0205 94 -1 2 3 -4 -5 -6 7 8 9 -10 11 12 13 -14 -15 16 17 18 -19 -20 0 
uf20-0205 94 -1 2 3 -4 5 -6 7 8 9 -10 11 12 13 -14 -15 16 17 -18 -19 -20 0 
uf20-0206 110 1 2 3 4 5 -6 7 -8 9 -10 11 -12 -13 14 15 -16 17 18 19 -20 0 
uf20-0207 99 1 -2 -3 -4 -5 -6 7 8 9 10 -11 12 13 14 -15 -16 17 -18 19 -20 0 
uf20-0209 109 1 2 3 -4 -5 -6 7 -8 9 -10 11 12 13 14 -15 -16 -17 18 19 -20 0 
uf20-020 86 -1 2 -3 4 -5 6 7 8 9 10 -11 -12 13 -14 -15 16 17 -18 -19 -20 0 
uf20-0211 89 1 -2 3 -4 -5 6 7 8 9 -10 -11 -12 13 -14 -15 16 -17 18 -19 20 0 
uf20-0213 79 1 2 3 -4 5 -6 -7 -8 9 -10 11 -12 -13 -14 -15 16 17 -18 -19 -20 0 
uf20-021 106 1 2 -3 -4 5 6 7 -8 -9 10 11 12 -13 -14 15 16 -17 18 -19 -20 0 
uf20-0220 68 1 -2 -3 4 5 -6 -7 8 -9 -10 -11 -12 -13 -14 15 -16 17 -18 19 -20 0 
uf20-0222 116 -1 -2 3 4 5 6 7 -8 -9 10 11 -12 13 14 15 -16 17 -18 -19 20 0 
uf20-0224 79 -1 2 -3 -4 5 6 7 -8 -9 -10 -11 12 -13 -14 15 -16 -17 -18 19 20 0 
uf20-0226 99 -1 2 3 4 5 6 7 8 9 10 -11 12 13 14 -15 -16 17 -18 19 -20 0 
uf20-0228 104 1 -2 -3 4 5 -6 -7 8 -9 10 11 -12 13 -14 15 16 17 18 -19 -20 0 
uf20-022 78 -1 2 -3 4 -5 -6 7 -8 9 -10 11 12 13 -14 -15 16 -17 -18 19 -20 0 
uf20-0232 119 1 -2 -3 4 5 -6 7 8 -9 10 11 -12 13 -14 15 16 -17 18 19 -20 0 
uf20-0233 102 1 -2 3 4 5 -6 7 -8 -9 -10 11 -12 13 14 15 16 17 18 -19 -20 0 
uf20-0236 139 1 2 3 -4 -5 6 -7 8 9 -10 11 12 13 14 -15 16 17 -18 19 20 0 
uf20-0241 64 -1 -2 -3 4 -5 -6 -7 -8 -9 -10 11 -12 -13 -14 15 16 17 -18 19 20 0 
uf20-0245 59 1 -2 -3 -4 -5 -6 7 -8 -9 -10 11 12 -13 14 -15 -16 -17 -18 19 -20 0 
uf20-0246 55 1 2 -3 -4 5 -6 -7 -8 9 -10 -11 -12 13 -14 -15 -16 17 18 19 20 0 
uf20-0249 111 -1 2 -3 -4 5 6 -7 8 -9 10 11 12 13 14 15 16 -17 18 19 20 0 
uf20-024 105 1 -2 -3 4 5 6 7 -8 9 -10 11 12 -13 -14 -15 -16 17 18 -19 20 0 
uf20-0250 94 -1 -2 3 -4 -5 6 7 8 9 10 -11 12 13 -14 15 16 17 18 19 20 0 
uf20-0262 89 1 -2 -3 4 -5 -6 -7 8 9 -10 -11 12 -13 -14 15 -16 17 18 -19 20 0 
uf20-0263 75 1 -2 -3 4 -5 6 -7 -8 9 -10 -11 12 13 -14 -15 16 -17 18 -19 -20 0 
uf20-0266 98 1 2 -3 4 5 -6 -7 8 -9 10 11 -12 13 -14 15 -16 -17 -18 19 -20 0 
uf20-0267 82 -1 2 -3 -4 5 -6 7 -8 9 -10 11 -12 13 -14 15 16 17 -18 -19 -20 0 
uf20-026 109 1 2 3 4 5 6 -7 -8 9 10 -11 -12 -13 14 -15 16 -17 -18 19 -20 0 
uf20-0272 79 1 2 3 -4 -5 -6 7 -8 9 -10 11 12 -13 -14 15 -16 17 18 -19 20 0 
uf20-0278 39 -1 -2 -3 -4 -5 -6 -7 -8 -9 -10 -11 12 -13 14 15 16 -17 -18 -19 -20 0 
uf20-027 80 -1 -2 3 4 -5 6 7 -8 9 10 11 12 -13 -14 15 -16 -17 -18 19 -20 0 
uf20-0280 92 -1 2 3 -4 -5 -6 7 8 -9 10 11 12 -13 14 15 -16 17 18 19 20 0 
uf20-0284 104 1 2 3 -4 -5 6 -7 -8 9 10 -11 -12 13 -14 15 16 -17 18 19 -20 0 
uf20-0285 92 1 -2 3 -4 5 -6 -7 -8 9 10 -11 12 -13 14 15 16 -17 -18 19 -20 0 
uf20-0286 119 1 2 -3 -4 5 6 7 -8 -9 -10 11 12 13 14 -15 16 17 -18 -19 20 0 
uf20-0287 109 1 2 3 -4 5 -6 7 8 -9 10 -11 -12 13 14 -15 -16 -17 18 -19 20 0 
uf20-0289 114 1 2 3 -4 5 6 -7 -8 9 10 11 -12 13 -14 -15 16 17 18 -19 -20 0 
uf20-0292 105 -1 2 3 4 -5 -6 -7 8 9 -10 11 12 13 -14 15 16 17 18 19 -20 0 
uf20-0293 102 -1 2 3 4 5 6 -7 8 9 -10 11 -12 -13 14 -15 16 17 -18 19 20 0 
uf20-0295 109 1 2 3 -4 5 -6 7 -8 -9 10 11 -12 13 14 -15 -16 -17 -18 19 20 0 
uf20-0297 81 1 2 -3 4 5 -6 7 8 -9 -10 11 12 -13 -14 -15 -16 -17 -18 19 -20 0 
uf20-0298 107 1 -2 -3 4 5 -6 7 8 9 -10 11 -12 13 -14 15 -16 17 18 19 20 0 
uf20-0299 65 1 -2 3 4 -5 6 -7 -8 -9 -10 -11 -12 -13 14 -15 16 -17 18 -19 20 0 
uf20-0300 71 -1 -2 -3 -4 5 -6 7 8 9 -10 -11 12 13 14 -15 -16 17 -18 19 -20 0 
uf20-0304 104 1 -2 -3 4 -5 6 7 -8 9 10 -11 12 13 14 15 16 17 18 -19 -20 0 
uf20-0305 89 1 2 3 -4 -5 -6 7 8 -9 10 -11 -12 -13 14 15 16 17 -18 -19 -20 0 
uf20-0306 53 1 2 -3 -4 -5 -6 -7 -8 9 -10 -11 -12 -13 -14 15 16 17 -18 -19 -20 0 
uf20-0308 119 1 -2 3 -4 5 6 7 8 9 10 11 -12 13 -14 15 16 -17 -18 -19 -20 0 
uf20-030 102 -1 2 3 4 -5 6 7 8 9 -10 -11 -12 13 14 -15 16 17 18 -19 20 0 
uf20-0313 103 -1 2 3 -4 -5 6 7 -8 -9 -10 11 -12 13 -14 15 16 17 -18 19 20 0 
uf20-0317 69 -1 -2 3 4 5 -6 -7 -8 9 -10 11 12 -13 -14 -15 -16 -17 -18 19 20 0 
uf20-0318 109 1 2 -3 4 5 -6 -7 8 9 10 11 -12 13 -14 -15 16 17 -18 19 -20 0 
uf20-0325 130 -1 2 3 -4 5 6 7 8 9 10 -11 12 13 -14 15 16 -17 18 19 20 0 
uf20-0327 57 1 -2 -3 4 -5 6 -7 8 9 10 11 -12 -13 14 -15 16 -17 18 -19 -20 0 
uf20-0327 57 1 -2 -3 4 -5 6 -7 -8 9 10 11 -12 13 14 -15 16 -17 18 -19 -20 0 
uf20-0330 59 -1 -2 -3 -4 -5 6 7 -8 -9 -10 11 -12 -13 14 -15 16 -17 -18 -19 20 0 
uf20-0338 117 1 -2 -3 4 5 -6 7 -8 9 -10 11 12 13 14 15 16 -17 18 -19 20 0 
uf20-0339 91 -1 2 -3 4 5 6 7 -8 9 -10 11 12 13 14 -15 16 -17 18 -19 20 0 
uf20-0340 66 -1 -2 3 4 -5 -6 -7 -8 9 10 -11 -12 -13 -14 15 16 17 -18 -19 20 0 
uf20-0343 109 -1 -2 -3 -4 5 -6 7 8 -9 10 -11 12 13 -14 15 -16 17 18 19 20 0 
uf20-0345 87 1 -2 -3 4 -5 -6 -7 8 9 10 -11 -12 13 -14 -15 16 -17 18 19 -20 0 
uf20-0346 57 1 2 -3 -4 5 -6 -7 8 9 -10 -11 12 -13 -14 -15 16 -17 -18 -19 -20 0 
uf20-0348 149 -1 2 3 4 5 -6 -7 8 9 10 -11 12 13 -14 15 16 17 18 19 20 0 
uf20-0349 74 -1 -2 -3 -4 -5 6 -7 8 9 10 11 12 13 -14 -15 16 -17 18 -19 20 0 
uf20-0353 98 1 2 3 -4 5 -6 -7 8 9 10 11 -12 13 14 15 16 -17 -18 19 20 0 
uf20-0357 99 -1 -2 3 -4 -5 6 -7 -8 -9 10 11 12 13 -14 -15 -16 17 18 19 20 0 
uf20-0358 97 1 -2 3 4 -5 6 -7 8 9 -10 -11 12 13 14 -15 16 17 18 -19 -20 0 
uf20-0358 97 1 -2 3 4 5 6 -7 8 9 -10 -11 12 13 14 -15 16 -17 18 -19 -20 0 
uf20-035 63 -1 -2 -3 -4 5 6 7 -8 9 -10 -11 12 -13 -14 -15 16 -17 -18 19 -20 0 
uf20-0363 125 1 2 -3 4 5 -6 7 8 9 10 11 12 13 14 15 16 -17 -18 19 20 0 
uf20-0368 68 -1 -2 -3 -4 -5 -6 -7 8 -9 10 11 -12 13 14 -15 16 17 -18 -19 -20 0 
uf20-0369 89 -1 2 3 -4 -5 -6 7 8 -9 10 -11 -12 -13 -14 -15 -16 17 18 19 20 0 
uf20-036 80 -1 2 3 -4 5 6 -7 -8 9 -10 11 -12 13 -14 -15 16 17 18 -19 -20 0 
uf20-0371 105 1 2 -3 -4 5 6 7 -8 9 10 -11 12 -13 14 15 16 -17 -18 -19 20 0 
uf20-0373 77 1 -2 3 4 -5 -6 -7 8 9 10 11 12 13 -14 -15 -16 -17 -18 -19 20 0 
uf20-0374 99 1 -2 -3 -4 5 6 7 8 -9 10 11 -12 -13 -14 -15 16 -17 18 -19 20 0 
uf20-0376 119 -1 -2 -3 4 5 6 7 8 9 10 11 12 13 -14 -15 -16 17 -18 19 -20 0 
uf20-0378 90 -1 2 3 -4 -5 6 7 8 9 10 -11 -12 -13 14 -15 -16 17 -18 19 -20 0 
uf20-0379 109 -1 2 -3 4 -5 6 7 -8 9 -10 11 -12 13 -14 -15 16 17 -18 19 20 0 
uf20-0380 45 -1 2 3 4 -5 -6 -7 8 -9 -10 -11 12 -13 -14 -15 16 -17 -18 -19 -20 0 
uf20-0381 118 1 2 -3 4 -5 -6 7 8 -9 10 11 -12 13 14 15 16 -17 -18 19 20 0 
uf20-0384 82 1 2 -3 4 5 -6 -7 8 -9 -10 11 -12 -13 14 15 -16 17 -18 19 -20 0 
uf20-0386 139 1 2 -3 4 5 6 7 8 -9 10 11 12 13 -14 -15 -16 17 -18 19 20 0 
uf20-0387 100 1 -2 3 4 -5 6 7 -8 9 10 -11 12 -13 14 15 -16 17 18 19 20 0 
uf20-0390 105 1 2 3 -4 5 6 7 8 9 -10 -11 12 -13 14 -15 -16 -17 18 19 -20 0 
uf20-0392 97 1 -2 -3 -4 -5 -6 7 -8 9 -10 11 -12 13 14 15 -16 17 -18 19 20 0 
uf20-0394 99 1 2 -3 4 -5 -6 7 8 9 -10 11 12 13 -14 -15 -16 -17 18 -19 20 0 
uf20-0395 63 1 2 -3 4 5 -6 -7 8 9 10 -11 -12 13 14 15 16 17 18 19 20 0 
uf20-039 109 -1 2 -3 -4 5 6 -7 -8 9 -10 11 12 13 14 -15 -16 17 18 -19 20 0 
uf20-0411 109 1 2 3 -4 5 6 -7 8 -9 10 11 12 -13 -14 -15 -16 17 18 -19 -20 0 
uf20-0412 77 -1 2 -3 4 5 6 -7 -8 9 -10 11 12 -13 14 15 -16 17 -18 19 -20 0 
uf20-0414 99 1 -2 -3 -4 5 6 7 -8 -9 10 -11 12 13 -14 -15 16 -17 18 19 -20 0 
uf20-0415 87 -1 -2 3 4 5 -6 7 -8 -9 10 11 12 -13 -14 15 16 -17 -18 19 -20 0 
uf20-0417 82 -1 -2 3 -4 5 -6 7 8 9 10 -11 12 13 14 15 -16 17 18 19 -20 0 
uf20-0418 121 1 -2 -3 -4 5 6 7 8 9 10 -11 12 13 -14 15 16 17 18 -19 -20 0 
uf20-0420 89 1 2 -3 -4 5 -6 7 8 -9 -10 11 -12 -13 14 15 16 -17 -18 -19 -20 0 
uf20-0425 99 1 -2 3 -4 -5 6 -7 8 -9 -10 11 -12 13 14 15 -16 -17 18 19 -20 0 
uf20-0426 87 1 2 3 -4 -5 -6 7 -8 9 -10 11 12 13 -14 15 16 17 -18 -19 20 0 
uf20-0427 73 -1 2 3 4 -5 6 -7 8 9 10 11 12 -13 14 -15 16 -17 -18 19 -20 0 
uf20-0428 105 1 2 3 -4 -5 -6 -7 8 -9 10 11 -12 -13 -14 15 16 17 18 -19 20 0 
uf20-0430 59 -1 -2 -3 4 -5 -6 7 8 9 -10 -11 -12 13 -14 15 16 -17 18 -19 20 0 
uf20-0434 80 -1 -2 -3 4 -5 6 7 8 -9 10 -11 12 -13 -14 15 -16 -17 18 19 20 0 
uf20-0435 69 1 2 -3 -4 -5 -6 -7 -8 -9 -10 11 12 -13 -14 15 16 -17 -18 19 -20 0 
uf20-0437 139 1 -2 3 4 5 6 7 8 9 10 11 12 -13 -14 -15 16 -17 18 -19 20 0 
uf20-0439 103 -1 2 3 -4 -5 6 -7 8 9 10 -11 12 13 14 -15 16 17 -18 19 20 0 
uf20-043 119 -1 2 3 4 -5 6 -7 8 -9 10 -11 12 -13 14 -15 16 -17 18 19 20 0 
uf20-0440 65 1 2 -3 -4 5 -6 7 -8 -9 10 -11 -12 13 -14 15 -16 -17 -18 -19 20 0 
uf20-0446 57 1 -2 3 4 -5 6 -7 8 -9 10 -11 -12 13 14 -15 16 -17 -18 -19 -20 0 
uf20-0447 111 -1 -2 3 4 -5 6 -7 8 9 -10 -11 12 13 14 15 -16 17 18 -19 20 0 
uf20-0452 69 -1 2 -3 -4 5 6 7 8 9 -10 -11 -12 13 14 -15 -16 -17 -18 -19 -20 0 
uf20-0457 97 -1 -2 -3 4 -5 6 -7 8 -9 10 11 12 13 14 -15 16 17 -18 -19 -20 0 
uf20-045 95 -1 2 3 4 -5 -6 -7 -8 -9 -10 11 12 -13 -14 15 -16 17 18 19 20 0 
uf20-0460 61 -1 2 3 -4 -5 -6 7 -8 9 -10 -11 12 13 14 -15 -16 -17 18 -19 -20 0 
uf20-0462 129 1 -2 3 4 -5 6 -7 -8 -9 10 11 -12 13 14 15 -16 17 18 19 20 0 
uf20-0466 89 -1 2 -3 -4 5 -6 7 -8 -9 10 11 12 -13 14 -15 -16 17 18 -19 -20 0 
uf20-0472 127 -1 -2 3 -4 5 6 7 8 -9 10 11 12 13 -14 15 16 -17 -18 19 20 0 
uf20-0475 89 -1 -2 3 -4 5 -6 7 8 -9 10 -11 12 -13 -14 15 -16 17 -18 -19 20 0 
uf20-0476 89 -1 2 -3 4 -5 -6 -7 -8 -9 -10 -11 12 13 14 -15 -16 17 18 19 20 0 
uf20-0481 69 -1 -2 -3 -4 -5 6 7 -8 -9 10 -11 12 -13 -14 -15 -16 -17 18 19 20 0 
uf20-0483 80 1 2 -3 -4 5 -6 7 -8 -9 10 11 12 -13 14 -15 16 17 18 19 20 0 
uf20-0488 115 1 -2 3 4 5 6 -7 -8 -9 10 -11 12 13 14 15 -16 17 -18 19 -20 0 
uf20-0491 82 1 -2 -3 4 -5 -6 7 8 9 -10 11 12 -13 -14 15 -16 -17 18 -19 -20 0 
uf20-0496 94 1 2 -3 4 5 -6 -7 8 -9 -10 11 12 13 14 15 -16 -17 -18 -19 -20 0 
uf20-0497 60 1 2 -3 4 -5 6 7 8 -9 -10 11 12 13 -14 15 16 17 -18 -19 -20 0 
uf20-0498 88 1 -2 3 -4 5 6 -7 8 -9 -10 11 -12 13 -14 15 -16 -17 18 -19 -20 0 
uf20-0499 94 -1 -2 3 4 5 6 7 8 -9 10 -11 -12 13 14 -15 16 -17 18 19 -20 0 
uf20-049 69 -1 -2 -3 4 -5 -6 7 8 -9 10 -11 -12 -13 14 15 16 -17 -18 -19 -20 0 
uf20-0500 117 1 2 3 -4 5 -6 7 8 -9 10 -11 12 13 -14 15 16 -17 18 -19 -20 0 
uf20-0501 94 1 2 3 4 -5 -6 -7 8 -9 -10 11 12 13 14 -15 16 -17 18 -19 20 0 
uf20-0503 79 -1 2 3 4 -5 -6 -7 8 9 10 -11 -12 13 14 -15 -16 -17 -18 19 -20 0 
uf20-0505 98 1 -2 3 4 -5 6 -7 -8 9 -10 11 12 -13 -14 15 -16 -17 18 19 -20 0 
uf20-0508 48 -1 -2 -3 -4 -5 -6 -7 8 -9 10 -11 -12 13 -14 -15 16 -17 18 -19 20 0 
uf20-0511 64 -1 -2 -3 -4 -5 6 7 8 -9 -10 -11 -12 13 -14 15 16 17 18 -19 -20 0 
uf20-0513 89 1 2 3 4 -5 -6 7 8 9 -10 -11 12 -13 -14 -15 -16 -17 18 19 20 0 
uf20-0523 119 1 2 3 -4 5 6 7 -8 -9 10 11 12 -13 14 15 -16 17 -18 -19 -20 0 
uf20-0526 119 -1 2 3 -4 5 6 7 8 -9 10 -11 12 -13 14 -15 16 17 18 -19 -20 0 
uf20-052 94 1 2 3 4 5 6 7 -8 -9 -10 -11 -12 13 -14 15 -16 17 -18 -19 20 0 
uf20-0530 101 1 2 3 4 -5 6 -7 -8 9 -10 -11 -12 13 -14 -15 16 17 -18 19 20 0 
uf20-0532 39 -1 -2 3 4 -5 -6 -7 -8 -9 10 -11 -12 -13 -14 -15 -16 -17 -18 -19 20 0 
uf20-0534 87 -1 2 3 4 5 -6 -7 8 -9 10 11 -12 -13 -14 -15 -16 17 -18 19 -20 0 
uf20-0539 79 -1 2 3 -4 5 -6 7 -8 9 10 -11 -12 -13 14 -15 -16 17 18 19 -20 0 
uf20-053 89 1 2 -3 -4 -5 -6 -7 8 9 10 -11 12 13 -14 15 16 -17 -18 -19 -20 0 
uf20-0540 99 -1 2 3 -4 5 -6 7 8 9 10 11 12 -13 -14 15 -16 17 18 -19 -20 0 
uf20-0542 129 1 2 3 4 5 -6 7 8 9 -10 11 -12 -13 14 15 -16 -17 -18 19 20 0 
uf20-0543 129 -1 -2 3 -4 -5 6 7 8 -9 10 11 12 13 14 15 16 17 -18 19 -20 0 
uf20-0545 129 1 2 3 -4 5 -6 7 -8 9 10 11 -12 -13 14 -15 16 -17 18 19 20 0 
uf20-0547 139 1 2 3 -4 5 -6 7 8 9 10 -11 -12 13 14 -15 16 17 18 -19 20 0 
uf20-0548 86 -1 -2 3 4 -5 -6 -7 8 9 -10 11 -12 13 -14 -15 -16 17 -18 19 20 0 
uf20-0552 89 -1 -2 3 -4 5 -6 -7 -8 9 -10 -11 -12 13 14 15 16 -17 -18 19 20 0 
uf20-0553 89 1 -2 -3 4 -5 6 7 8 9 -10 -11 -12 -13 -14 15 -16 -17 18 19 -20 0 
uf20-0572 89 -1 2 -3 -4 -5 6 7 -8 9 10 -11 -12 13 14 -15 16 -17 -18 19 -20 0 
uf20-0574 79 -1 2 3 -4 -5 -6 -7 -8 -9 10 -11 12 -13 -14 -15 16 -17 18 19 20 0 
uf20-0575 86 1 -2 -3 4 -5 6 -7 8 9 10 11 -12 13 14 -15 16 17 -18 -19 20 0 
uf20-0578 103 1 2 3 4 5 6 -7 -8 9 -10 -11 12 -13 14 -15 -16 -17 -18 19 20 0 
uf20-057 99 1 2 3 -4 -5 6 7 -8 9 10 11 12 -13 -14 -15 -16 -17 -18 19 20 0 
uf20-0580 101 1 -2 -3 4 -5 6 7 8 9 10 11 -12 -13 14 15 16 -17 -18 -19 20 0 
uf20-0581 129 -1 2 3 4 -5 6 7 8 9 -10 11 12 -13 14 15 -16 -17 -18 19 20 0 
uf20-0584 79 1 2 -3 -4 5 6 -7 8 -9 -10 -11 -12 13 -14 15 16 -17 -18 -19 -20 0 
uf20-0587 76 1 2 -3 -4 5 -6 -7 -8 -9 10 11 -12 13 -14 15 -16 -17 -18 -19 20 0 
uf20-0588 76 1 -2 3 -4 5 6 -7 8 9 10 11 -12 -13 14 15 16 17 18 -19 20 0 
uf20-0589 141 1 2 3 4 5 -6 7 8 9 10 -11 -12 13 -14 15 16 17 18 19 20 0 
uf20-058 78 1 2 3 -4 -5 -6 7 -8 -9 10 11 12 13 14 -15 -16 17 18 -19 20 0 
uf20-0591 99 1 -2 3 -4 5 6 -7 -8 -9 10 -11 12 -13 14 -15 16 -17 18 19 -20 0 
uf20-0593 93 -1 -2 -3 4 5 6 -7 -8 -9 -10 -11 12 13 14 -15 16 17 -18 19 20 0 
uf20-0595 119 -1 2 3 -4 5 6 7 8 9 -10 -11 12 13 -14 -15 16 17 -18 19 -20 0 
uf20-0596 89 1 -2 3 4 -5 6 -7 8 9 -10 -11 -12 13 -14 -15 -16 -17 18 -19 20 0 
uf20-0597 129 -1 -2 3 4 5 -6 7 8 9 10 -11 12 13 14 -15 -16 -17 18 19 20 0 
uf20-0598 109 1 -2 -3 -4 5 6 -7 -8 -9 10 11 12 -13 14 15 16 17 -18 -19 20 0 
uf20-0599 99 1 -2 -3 4 -5 -6 7 -8 9 -10 -11 12 13 14 15 -16 17 -18 19 -20 0 
uf20-05 89 -1 -2 -3 -4 5 -6 7 -8 -9 10 -11 12 13 -14 15 16 -17 18 -19 20 0 
uf20-0609 92 1 2 -3 4 -5 6 7 8 9 -10 -11 -12 -13 14 -15 16 -17 -18 19 -20 0 
uf20-060 115 1 2 3 -4 5 6 7 8 9 -10 -11 -12 -13 14 15 -16 17 18 19 -20 0 
uf20-0610 92 1 2 -3 -4 5 6 -7 8 9 -10 11 12 -13 -14 -15 16 -17 -18 19 20 0 
uf20-0611 67 -1 2 -3 4 -5 6 -7 -8 -9 10 -11 12 -13 14 15 -16 -17 -18 -19 -20 0 
uf20-0612 99 -1 -2 3 4 -5 6 -7 8 9 10 -11 12 -13 14 -15 -16 17 -18 -19 20 0 
uf20-0618 89 -1 2 -3 4 -5 -6 -7 8 9 -10 11 -12 13 -14 -15 -16 17 18 19 -20 0 
uf20-0622 70 -1 -2 -3 4 5 6 -7 8 9 -10 11 12 13 14 15 -16 17 -18 -19 -20 0 
uf20-0628 98 1 2 -3 -4 -5 6 -7 8 -9 10 11 12 13 14 -15 -16 17 -18 -19 -20 0 
uf20-0633 73 1 -2 3 4 -5 -6 7 -8 -9 10 -11 -12 -13 -14 15 -16 -17 18 19 20 0 
uf20-0634 75 -1 2 3 -4 5 6 7 -8 9 10 11 12 -13 -14 -15 -16 17 18 -19 -20 0 
uf20-0636 114 1 2 3 -4 -5 6 7 8 9 10 11 -12 -13 -14 -15 16 17 18 19 -20 0 
uf20-0636 114 1 2 3 -4 5 6 7 8 9 10 11 -12 -13 -14 -15 16 17 -18 19 -20 0 
uf20-0641 89 -1 2 3 -4 -5 6 7 8 9 10 -11 -12 -13 14 -15 16 -17 18 -19 -20 0 
uf20-0644 79 1 2 3 4 -5 -6 -7 8 9 10 -11 12 -13 14 15 -16 -17 -18 19 20 0 
uf20-0645 69 1 2 3 -4 -5 -6 -7 -8 9 -10 11 -12 13 -14 15 -16 -17 -18 19 -20 0 
uf20-0646 116 1 -2 -3 4 -5 -6 7 8 -9 10 -11 12 13 14 15 16 -17 -18 19 20 0 
uf20-0647 99 1 2 -3 4 5 6 -7 -8 -9 -10 11 -12 13 14 -15 16 -17 -18 -19 20 0 
uf20-0648 102 1 2 3 4 5 -6 -7 8 9 -10 11 -12 -13 14 15 16 17 -18 19 -20 0 
uf20-0652 129 -1 -2 3 4 5 6 7 8 9 10 11 12 13 -14 -15 16 -17 -18 19 -20 0 
uf20-0653 53 -1 -2 -3 4 -5 -6 -7 8 9 -10 -11 12 13 14 -15 -16 -17 18 19 20 0 
uf20-0655 50 -1 -2 -3 4 5 6 7 8 -9 10 -11 -12 -13 -14 -15 -16 -17 18 19 20 0 
uf20-0656 89 1 2 -3 4 5 -6 -7 -8 9 -10 -11 12 -13 14 -15 -16 -17 18 19 -20 0 
uf20-0659 60 1 2 3 -4 -5 6 -7 8 9 10 11 12 13 -14 -15 -16 -17 -18 19 -20 0 
uf20-065 70 1 -2 3 -4 -5 -6 -7 -8 -9 -10 -11 12 13 14 15 -16 17 -18 19 -20 0 
uf20-0660 119 1 2 -3 -4 5 -6 7 8 9 10 -11 12 -13 14 15 -16 -17 18 19 -20 0 
uf20-0661 102 -1 2 -3 -4 -5 6 -7 8 9 10 -11 -12 13 14 15 16 -17 18 -19 20 0 
uf20-0665 46 -1 2 -3 -4 5 -6 -7 -8 9 -10 11 12 13 14 -15 -16 17 18 -19 -20 0 
uf20-0668 87 1 -2 3 -4 5 -6 -7 -8 -9 -10 11 12 -13 14 15 -16 -17 -18 19 20 0 
uf20-0669 109 1 2 -3 4 -5 -6 -7 -8 -9 10 11 -12 -13 14 15 16 -17 18 19 20 0 
uf20-0670 79 -1 2 -3 4 5 -6 -7 -8 9 10 -11 12 -13 14 -15 -16 -17 18 -19 -20 0 
uf20-0671 66 -1 -2 -3 -4 5 -6 7 -8 -9 10 11 12 13 -14 15 -16 17 -18 -19 20 0 
uf20-0672 99 1 -2 3 4 -5 6 -7 -8 9 10 11 -12 13 -14 15 -16 -17 18 -19 -20 0 
uf20-0673 70 -1 2 -3 4 5 6 -7 -8 -9 10 11 12 -13 14 -15 16 -17 -18 19 20 0 
uf20-0675 129 1 2 3 4 -5 -6 7 8 9 -10 -11 12 13 14 15 -16 -17 18 -19 20 0 
uf20-0676 47 -1 -2 -3 -4 5 6 7 -8 9 10 11 12 13 -14 -15 16 -17 -18 -19 -20 0 
uf20-0680 129 -1 2 3 4 -5 -6 7 8 9 -10 -11 -12 13 14 15 16 17 18 19 -20 0 
uf20-0681 108 1 2 3 4 5 -6 -7 8 9 -10 -11 -12 13 14 15 16 -17 18 19 20 0 
uf20-0682 45 -1 2 -3 -4 -5 -6 7 -8 9 10 -11 -12 -13 14 -15 -16 17 -18 -19 -20 0 
uf20-0687 109 -1 2 3 -4 -5 6 7 -8 -9 -10 11 12 13 -14 -15 16 17 18 -19 20 0 
uf20-0688 64 -1 2 -3 -4 -5 -6 7 8 -9 -10 11 12 13 -14 15 -16 -17 -18 -19 -20 0 
uf20-068 83 1 -2 -3 4 -5 6 -7 8 -9 -10 -11 -12 -13 14 15 -16 -17 18 19 20 0 
uf20-0693 119 -1 -2 -3 -4 5 -6 7 -8 9 10 11 -12 13 14 15 16 17 -18 19 20 0 
uf20-0694 129 -1 2 3 4 5 6 -7 -8 9 10 11 12 -13 -14 -15 -16 17 18 19 20 0 
uf20-0695 159 1 2 3 -4 5 6 7 8 9 10 -11 -12 13 14 15 16 -17 18 19 20 0 
uf20-0699 72 -1 2 3 4 -5 -6 -7 8 -9 10 11 12 -13 -14 -15 -16 17 -18 -19 -20 0 
uf20-069 99 1 2 3 4 -5 -6 -7 -8 9 -10 11 -12 13 14 -15 -16 17 -18 19 -20 0 
uf20-0703 77 -1 -2 -3 4 5 -6 7 8 9 -10 -11 12 13 14 -15 16 17 -18 -19 -20 0 
uf20-0704 72 -1 -2 -3 4 -5 6 7 -8 -9 10 -11 -12 13 -14 15 16 17 18 -19 -20 0 
uf20-0705 119 -1 2 3 4 5 6 7 8 -9 -10 11 12 -13 -14 -15 16 17 18 -19 -20 0 
uf20-0707 70 -1 -2 3 -4 -5 6 -7 -8 9 -10 11 -12 -13 -14 15 16 -17 -18 19 20 0 
uf20-0709 113 1 -2 3 -4 -5 -6 7 8 9 10 -11 -12 13 14 15 16 17 18 19 20 0 
uf20-0714 104 -1 2 -3 4 5 -6 -7 8 9 10 -11 12 13 14 15 16 17 18 19 20 0 
uf20-0717 119 1 2 3 4 5 -6 7 8 -9 10 -11 12 -13 14 15 -16 -17 18 -19 -20 0 
uf20-0719 77 -1 2 -3 -4 -5 6 7 -8 9 -10 11 12 13 -14 -15 -16 -17 -18 19 20 0 
uf20-0722 105 1 2 -3 4 -5 6 7 8 -9 10 11 12 -13 14 15 16 17 18 19 -20 0 
uf20-0726 56 -1 2 -3 -4 -5 -6 7 8 -9 -10 11 -12 -13 -14 -15 16 17 18 -19 -20 0 
uf20-0727 101 -1 2 -3 -4 5 -6 7 -8 9 10 11 -12 -13 14 15 16 -17 18 19 20 0 
uf20-0736 99 -1 2 -3 4 5 -6 7 -8 9 -10 -11 -12 -13 14 15 -16 17 -18 19 20 0 
uf20-0737 97 1 2 3 -4 -5 -6 7 -8 -9 10 11 12 13 14 15 -16 -17 -18 -19 20 0 
uf20-0738 112 -1 2 3 4 -5 6 7 8 9 10 11 -12 13 -14 -15 16 17 18 19 20 0 
uf20-073 129 1 2 -3 -4 -5 6 7 -8 9 10 -11 12 13 -14 -15 16 17 18 19 20 0 
uf20-0740 99 1 2 3 -4 5 -6 -7 -8 -9 10 11 -12 -13 -14 15 -16 17 18 -19 20 0 
uf20-0745 91 1 -2 -3 4 5 6 7 8 -9 10 -11 12 13 -14 15 16 17 -18 -19 -20 0 
uf20-0750 139 1 2 3 -4 5 6 -7 -8 9 -10 11 -12 13 14 -15 16 17 18 19 20 0 
uf20-0753 78 1 -2 -3 4 5 -6 -7 8 9 -10 -11 12 13 -14 -15 16 -17 18 -19 -20 0 
uf20-0754 84 1 2 3 -4 -5 -6 -7 -8 -9 10 11 -12 -13 -14 -15 16 17 18 19 20 0 
uf20-075 88 1 2 3 -4 5 -6 -7 8 -9 10 11 -12 13 -14 15 16 -17 -18 19 -20 0 
uf20-0765 105 -1 -2 3 -4 5 -6 -7 -8 9 -10 11 -12 13 14 15 16 17 18 -19 20 0 
uf20-0768 66 -1 -2 3 -4 -5 -6 7 -8 -9 -10 11 -12 13 14 -15 16 17 18 19 20 0 
uf20-0771 119 1 2 3 -4 5 6 -7 8 -9 -10 11 -12 13 14 15 -16 17 18 -19 -20 0 
uf20-0772 72 -1 2 -3 -4 5 6 -7 8 -9 10 11 12 13 -14 -15 16 17 18 -19 20 0 
uf20-0772 72 -1 2 -3 -4 5 -6 -7 8 9 10 11 12 13 -14 -15 16 17 18 -19 20 0 
uf20-0772 72 -1 2 -3 -4 5 -6 7 -8 9 10 11 12 13 -14 -15 16 17 18 -19 20 0 
uf20-0773 69 1 -2 3 4 -5 -6 7 8 -9 10 -11 12 -13 14 -15 -16 17 18 19 -20 0 
uf20-0777 109 -1 2 -3 4 5 -6 7 -8 9 -10 11 12 -13 -14 15 16 -17 18 19 -20 0 
uf20-0778 99 1 2 -3 -4 -5 -6 -7 8 9 10 11 -12 -13 14 15 16 -17 18 -19 -20 0 
uf20-0779 88 1 2 -3 4 -5 -6 7 8 9 -10 -11 12 -13 -14 15 -16 17 18 -19 20 0 
uf20-077 74 -1 2 3 4 5 -6 -7 -8 -9 -10 11 12 13 14 -15 -16 17 -18 -19 20 0 
uf20-0781 89 1 -2 -3 4 -5 -6 -7 -8 9 10 -11 -12 -13 -14 15 16 17 18 19 -20 0 
uf20-0783 129 -1 2 -3 4 -5 -6 7 8 9 -10 11 -12 13 14 15 16 17 -18 19 20 0 
uf20-0784 87 -1 -2 -3 4 5 6 7 -8 9 -10 -11 -12 -13 14 15 16 -17 -18 19 20 0 
uf20-0787 52 1 2 -3 -4 -5 -6 7 -8 -9 10 11 -12 13 -14 15 -16 17 18 19 20 0 
uf20-0788 94 1 -2 3 4 -5 -6 7 8 9 10 -11 -12 13 14 15 16 -17 -18 19 -20 0 
uf20-0793 100 -1 2 3 -4 5 -6 -7 8 9 10 11 12 13 -14 15 -16 -17 18 -19 -20 0 
uf20-0794 119 1 -2 3 4 5 -6 -7 8 9 10 11 12 -13 14 -15 16 -17 18 -19 -20 0 
uf20-0795 96 -1 2 3 -4 5 6 7 8 9 10 11 12 -13 -14 15 -16 -17 18 -19 -20 0 
uf20-0798 139 1 2 3 4 5 -6 7 -8 -9 -10 11 -12 13 14 15 16 17 18 -19 20 0 
uf20-0799 104 1 2 3 -4 5 -6 -7 -8 9 -10 -11 -12 13 14 15 16 17 -18 19 -20 0 
uf20-079 69 1 -2 3 4 5 6 -7 -8 -9 10 11 -12 -13 14 15 -16 17 18 -19 -20 0 
uf20-07 78 -1 -2 3 4 -5 -6 7 8 -9 10 -11 12 -13 14 15 -16 17 18 -19 20 0 
uf20-0801 98 -1 -2 3 -4 -5 6 -7 -8 9 10 11 12 13 14 15 -16 17 18 -19 20 0 
uf20-0806 119 -1 -2 -3 4 -5 -6 7 8 9 10 11 12 13 -14 15 -16 17 -18 19 20 0 
uf20-0807 83 -1 -2 -3 4 5 -6 7 8 -9 -10 11 12 -13 14 -15 16 17 -18 19 -20 0 
uf20-0810 73 1 -2 -3 -4 5 6 -7 -8 9 10 11 -12 13 -14 15 16 -17 -18 19 20 0 
uf20-0811 63 -1 -2 -3 -4 5 6 7 8 -9 -10 -11 -12 -13 14 -15 16 -17 18 19 20 0 
uf20-0814 71 1 -2 -3 4 5 6 7 -8 -9 -10 11 -12 13 14 -15 16 -17 -18 19 -20 0 
uf20-0817 71 1 -2 3 -4 -5 6 -7 8 9 10 11 -12 13 14 15 -16 -17 -18 -19 20 0 
uf20-081 99 1 2 -3 4 -5 6 -7 -8 9 10 11 12 13 -14 -15 -16 -17 18 -19 -20 0 
uf20-082 95 1 2 3 4 5 -6 -7 -8 9 10 -11 -12 13 14 -15 16 17 18 -19 20 0 
uf20-0830 89 1 -2 -3 -4 -5 6 -7 -8 9 -10 11 -12 13 14 -15 -16 17 18 19 -20 0 
uf20-0831 125 -1 2 -3 4 -5 6 7 8 9 10 11 12 -13 -14 15 -16 17 18 -19 20 0 
uf20-0833 114 1 2 3 -4 5 6 7 -8 9 -10 -11 -12 -13 14 15 16 -17 18 19 -20 0 
uf20-0834 52 -1 -2 3 -4 -5 -6 7 -8 9 -10 -11 -12 -13 14 -15 16 -17 -18 19 -20 0 
uf20-0836 95 -1 2 -3 -4 5 6 7 -8 9 10 11 -12 13 -14 -15 16 17 -18 -19 20 0 
uf20-0838 48 -1 2 -3 4 -5 6 7 -8 -9 10 -11 -12 -13 -14 -15 -16 17 -18 19 20 0 
uf20-0839 107 -1 2 3 4 -5 -6 7 8 -9 10 11 12 13 -14 -15 16 -17 -18 -19 20 0 
uf20-0846 55 -1 -2 -3 -4 5 6 7 8 9 -10 11 -12 13 14 15 16 -17 -18 19 20 0 
uf20-0848 89 1 2 -3 4 -5 6 -7 8 -9 10 -11 12 -13 -14 15 16 -17 -18 -19 -20 0 
uf20-0852 52 1 2 3 -4 5 -6 7 -8 -9 -10 -11 12 -13 -14 -15 -16 -17 18 19 -20 0 
uf20-0853 129 1 2 3 4 5 6 -7 -8 -9 10 -11 -12 13 14 -15 16 17 18 -19 20 0 
uf20-0854 75 1 -2 -3 -4 -5 6 7 -8 9 -10 -11 12 -13 -14 15 16 17 -18 19 20 0 
uf20-0855 109 -1 -2 3 4 5 6 7 8 -9 10 11 12 -13 14 -15 -16 -17 -18 19 -20 0 
uf20-0857 77 -1 -2 3 4 -5 6 -7 -8 -9 10 11 12 -13 14 15 -16 17 -18 -19 -20 0 
uf20-0859 112 1 -2 -3 -4 5 6 -7 8 9 -10 11 12 -13 14 15 16 -17 18 19 20 0 
uf20-085 139 1 2 -3 4 -5 -6 7 8 9 10 11 12 -13 -14 15 16 17 -18 19 20 0 
uf20-0864 88 1 -2 -3 4 -5 -6 7 -8 -9 10 11 12 -13 -14 15 16 17 -18 -19 20 0 
uf20-0869 77 -1 2 -3 4 -5 -6 -7 8 -9 10 11 -12 -13 14 15 -16 -17 -18 -19 20 0 
uf20-086 61 1 2 -3 4 -5 -6 7 8 -9 -10 -11 -12 -13 14 15 -16 -17 -18 -19 20 0 
uf20-0870 99 1 -2 -3 -4 -5 -6 -7 -8 9 -10 11 12 13 -14 15 16 17 18 19 20 0 
uf20-0872 46 -1 -2 3 -4 -5 -6 -7 8 9 -10 -11 -12 13 14 -15 16 17 -18 -19 -20 0 
uf20-0872 46 1 -2 -3 -4 -5 6 -7 -8 9 -10 -11 -12 13 14 -15 16 17 -18 -19 -20 0 
uf20-0874 99 1 2 3 -4 5 6 7 -8 9 10 11 12 -13 14 15 16 -17 -18 19 20 0 
uf20-0877 109 1 2 -3 -4 5 -6 7 8 -9 10 -11 12 -13 -14 15 16 17 -18 -19 20 0 
uf20-0882 109 -1 -2 3 -4 5 6 -7 8 9 10 11 -12 13 14 15 -16 -17 18 19 -20 0 
uf20-0886 109 1 -2 -3 -4 5 -6 7 -8 -9 10 11 12 -13 14 -15 16 -17 18 19 20 0 
uf20-0888 89 1 -2 -3 -4 -5 6 -7 8 9 10 -11 -12 -13 14 15 -16 17 -18 19 20 0 
uf20-0890 94 1 2 3 -4 -5 -6 -7 -8 -9 -10 11 12 13 -14 15 -16 17 18 19 -20 0 
uf20-0891 98 -1 2 -3 4 5 6 7 8 -9 -10 11 12 13 -14 15 -16 -17 -18 -19 -20 0 
uf20-0898 80 -1 -2 -3 -4 5 -6 -7 -8 9 -10 11 12 13 -14 15 -16 17 18 19 -20 0 
uf20-089 63 1 -2 -3 4 5 -6 7 -8 9 -10 -11 12 -13 -14 -15 -16 -17 -18 19 20 0 
uf20-0900 67 1 -2 3 4 5 -6 -7 -8 9 10 11 12 13 -14 -15 -16 17 18 -19 -20 0 
uf20-0901 139 1 2 3 -4 5 -6 -7 8 9 10 -11 12 13 14 -15 16 17 -18 19 20 0 
uf20-0906 84 -1 -2 3 4 5 -6 7 -8 9 10 -11 -12 13 -14 -15 -16 17 18 19 -20 0 
uf20-0908 59 -1 -2 -3 4 -5 6 -7 -8 9 -10 11 -12 -13 -14 15 -16 -17 18 -19 -20 0 
uf20-0913 84 1 -2 3 4 -5 6 7 8 -9 -10 -11 -12 -13 14 15 16 -17 18 -19 -20 0 
uf20-0914 119 1 -2 3 4 5 6 -7 -8 9 -10 11 12 13 -14 15 -16 17 -18 -19 20 0 
uf20-0918 89 1 2 -3 -4 -5 6 -7 8 -9 10 11 -12 -13 -14 -15 16 -17 18 -19 20 0 
uf20-0919 100 -1 2 -3 4 5 6 7 -8 9 10 11 12 -13 -14 -15 -16 17 18 19 -20 0 
uf20-0920 89 1 2 3 4 -5 6 7 8 -9 -10 11 -12 13 14 -15 16 17 -18 19 20 0 
uf20-0921 111 1 -2 3 -4 5 -6 7 -8 9 10 -11 12 13 14 15 -16 -17 18 19 20 0 
uf20-0923 78 1 -2 3 -4 5 -6 -7 8 -9 10 -11 12 13 -14 15 16 17 -18 -19 20 0 
uf20-0925 68 -1 2 3 4 5 6 7 -8 9 -10 11 -12 -13 14 15 -16 -17 -18 19 -20 0 
uf20-0926 107 -1 2 3 4 -5 -6 7 -8 9 -10 -11 12 13 14 15 -16 -17 -18 19 20 0 
uf20-0928 89 -1 2 -3 4 -5 -6 -7 8 9 -10 11 12 -13 -14 -15 -16 17 18 -19 20 0 
uf20-0930 89 -1 2 3 -4 -5 -6 7 -8 9 -10 11 -12 -13 14 -15 -16 -17 18 19 20 0 
uf20-0931 137 -1 2 3 4 -5 6 7 8 9 10 11 12 13 -14 -15 16 -17 -18 19 20 0 
uf20-0933 88 -1 -2 -3 4 5 6 -7 -8 -9 -10 -11 -12 13 14 15 -16 17 -18 19 20 0 
uf20-093 90 -1 2 3 4 -5 -6 -7 -8 -9 -10 -11 12 13 14 15 -16 -17 18 19 20 0 
uf20-0941 67 -1 2 3 -4 -5 -6 -7 8 -9 10 -11 -12 13 14 15 16 -17 -18 -19 20 0 
uf20-0944 78 -1 2 3 4 5 -6 -7 -8 -9 -10 -11 -12 13 -14 15 16 -17 -18 19 -20 0 
uf20-0945 89 -1 2 -3 4 5 6 -7 -8 9 -10 -11 -12 13 14 -15 -16 17 -18 -19 20 0 
uf20-0946 75 1 -2 -3 -4 -5 6 -7 -8 -9 -10 11 12 13 14 -15 16 17 18 19 20 0 
uf20-0948 129 -1 2 3 -4 -5 -6 7 8 -9 10 11 12 13 14 15 -16 17 18 19 -20 0 
uf20-0949 96 1 2 -3 -4 -5 -6 7 -8 9 -10 11 -12 13 14 -15 -16 17 18 19 -20 0 
uf20-094 109 1 2 3 -4 5 -6 -7 8 -9 10 11 -12 13 -14 -15 16 17 18 -19 -20 0 
uf20-0952 88 1 -2 3 4 5 6 -7 8 9 -10 11 12 13 -14 -15 -16 -17 18 -19 -20 0 
uf20-0955 72 -1 2 3 -4 5 6 7 -8 9 -10 -11 -12 -13 -14 -15 16 17 -18 -19 20 0 
uf20-0956 109 -1 2 -3 4 -5 6 -7 -8 9 -10 11 -12 -13 14 -15 16 17 18 19 20 0 
uf20-0957 94 -1 -2 3 -4 5 -6 7 -8 9 -10 -11 -12 -13 14 15 16 17 18 -19 20 0 
uf20-0961 60 1 -2 -3 4 -5 6 7 8 9 -10 -11 -12 -13 -14 -15 -16 17 18 -19 -20 0 
uf20-0967 129 -1 2 -3 -4 5 6 7 8 -9 -10 11 12 13 -14 15 16 -17 18 19 20 0 
uf20-0968 101 1 2 3 -4 5 -6 -7 -8 9 10 11 -12 -13 14 -15 16 17 18 19 -20 0 
uf20-0973 109 -1 2 -3 4 5 -6 7 -8 9 -10 -11 -12 13 14 15 16 17 -18 -19 20 0 
uf20-0974 80 1 -2 -3 4 5 6 -7 -8 -9 -10 -11 -12 -13 14 15 -16 17 -18 19 20 0 
uf20-0976 79 -1 -2 3 -4 -5 -6 -7 8 9 -10 -11 -12 13 14 -15 16 -17 -18 19 20 0 
uf20-0977 99 1 2 -3 4 5 6 7 -8 -9 -10 -11 -12 13 -14 15 -16 17 -18 -19 20 0 
uf20-0981 101 -1 2 3 -4 5 6 -7 8 -9 10 11 12 -13 -14 15 16 -17 18 -19 -20 0 
uf20-0982 97 1 -2 3 4 5 -6 -7 8 -9 10 11 -12 -13 14 -15 16 -17 18 -19 20 0 
uf20-0985 109 1 -2 3 4 5 -6 -7 -8 9 -10 11 12 -13 14 -15 -16 17 -18 19 20 0 
uf20-0988 103 1 2 3 4 -5 6 7 8 -9 10 11 -12 -13 -14 -15 16 17 18 19 -20 0 
uf20-0989 76 -1 -2 -3 -4 5 6 7 8 -9 10 -11 -12 -13 -14 -15 -16 17 -18 19 20 0 
uf20-098 111 1 2 -3 -4 -5 -6 -7 8 9 10 11 -12 13 14 15 -16 17 -18 19 20 0 
uf20-0993 109 1 2 3 -4 -5 6 7 8 -9 -10 -11 12 -13 -14 -15 -16 17 18 19 20 0 
uf20-0994 55 -1 -2 -3 -4 5 -6 7 -8 -9 10 -11 -12 13 -14 15 16 -17 18 19 -20 0 
uf20-0994 55 -1 -2 -3 -4 5 -6 7 -8 -9 10 -11 -12 13 -14 -15 16 17 18 19 -20 0 
uf20-0998 105 -1 2 -3 4 -5 6 7 8 9 10 11 12 -13 -14 -15 16 17 -18 19 -20 0 
uf20-099 44 1 -2 3 4 -5 -6 7 -8 -9 -10 -11 -12 -13 -14 -15 -16 17 -18 -19 20 0 
