1 20 3120 429 255 84 38 208 129 380 229 73 32 218 117 227 142 196 114 229 147 150 81 156 100 33 11 436 264 165 102 227 126 86 45 130 95 236 132 163 90 74 67
2 20 2326 70 59 25 21 176 114 150 73 20 18 129 90 125 67 129 61 111 84 140 77 343 211 215 135 92 36 26 6 10 24 391 237 305 193 249 163 37 19 165 117
3 20 3167 397 239 100 74 135 96 259 163 114 87 181 111 295 180 57 50 198 105 263 169 116 49 368 223 274 173 163 114 178 123 339 207 172 97 11 15 74 35 265 157
4 20 2329 34 48 148 90 63 34 269 160 29 33 297 189 42 7 146 78 88 60 324 185 97 61 234 139 185 104 236 157 106 46 108 65 90 53 78 72 145 101 193 107
5 20 3045 318 189 166 92 414 246 309 177 66 40 100 71 6 8 199 110 61 60 190 114 353 221 331 190 416 247 75 34 92 34 13 2 201 113 1 18 311 180 185 129
6 20 2268 171 96 10 31 232 126 81 41 200 130 222 138 53 30 308 193 118 57 277 177 264 172 117 55 22 15 20 8 204 112 286 179 40 32 53 14 52 50 106 60
7 20 2321 139 68 102 73 102 79 35 44 342 209 31 38 203 111 67 59 352 217 107 50 172 115 38 17 352 217 23 18 11 22 430 258 66 61 244 154 17 17 69 60
8 20 2492 65 37 54 17 275 169 240 137 38 2 117 49 139 84 217 147 217 144 23 21 35 26 413 251 323 188 238 128 66 58 91 66 154 82 272 164 44 12 95 44
9 20 3148 283 174 313 188 286 179 250 135 61 14 377 231 14 4 67 63 195 103 269 163 258 142 164 85 3 24 201 126 43 47 315 199 203 107 157 102 322 199 154 101
10 20 2074 17 19 16 16 5 8 5 29 177 87 243 158 463 279 66 39 119 67 140 75 55 13 236 148 11 23 189 119 35 35 238 143 13 7 203 108 127 90 235 155
11 20 3103 124 77 352 220 302 174 2 22 276 165 220 148 357 206 105 86 15 29 180 92 91 75 87 67 275 162 120 70 306 191 392 241 272 165 123 69 271 160 9 3
12 20 2620 5 2 84 68 164 95 354 213 106 55 182 125 281 158 25 39 259 168 174 121 53 50 168 87 212 118 133 96 234 154 149 83 260 144 227 137 199 112 6 30
13 20 2662 73 56 257 155 179 117 99 63 209 121 407 247 193 134 73 24 124 53 204 125 328 199 117 65 37 27 111 46 300 184 41 40 232 131 208 108 123 54 13 9
14 20 2277 11 27 136 95 126 62 17 39 2 24 205 114 407 246 53 8 48 31 158 104 76 44 243 137 122 94 136 62 288 167 6 17 269 170 146 75 163 85 235 145
15 20 2308 89 57 179 111 348 214 144 79 12 32 43 18 267 152 14 1 166 118 312 186 29 2 149 74 316 181 132 84 174 104 254 160 35 25 198 112 3 30 22 40
16 20 2739 315 199 126 64 290 183 20 39 140 74 25 10 111 62 350 206 67 16 254 143 61 47 317 200 42 27 81 33 170 102 132 66 295 187 327 205 42 28 259 142
17 20 2513 138 85 96 53 224 125 58 16 182 109 145 93 10 24 140 74 176 96 293 178 302 170 94 63 158 79 393 233 38 11 287 184 113 62 68 18 89 47 138 82
18 20 2842 44 25 47 53 115 48 52 45 170 90 301 189 296 177 12 23 425 257 232 153 31 36 373 231 63 20 317 180 69 38 119 88 288 170 336 192 174 98 89 61
19 20 2143 243 139 93 53 102 49 314 183 52 5 181 108 48 22 144 99 88 45 332 191 15 28 169 84 49 43 88 41 68 19 19 15 49 30 130 58 283 173 212 112
20 20 3589 222 145 168 87 314 199 409 242 79 61 66 61 202 110 459 275 411 247 43 15 236 132 269 163 284 175 226 137 473 283 61 13 101 80 232 154 164 79 68 30
21 20 2152 5 12 207 134 95 38 197 131 147 94 219 143 96 45 180 92 98 46 36 5 181 111 134 74 361 216 167 97 208 116 10 26 93 69 70 23 125 58 61 60
22 20 3332 81 24 400 241 208 119 288 181 216 137 62 25 129 86 268 161 307 190 103 38 72 44 123 94 261 147 141 78 437 264 297 184 237 132 222 137 25 36 289 177
23 20 3005 156 75 103 45 142 78 59 60 192 101 353 212 8 34 336 204 413 247 62 38 166 100 250 150 321 190 334 211 254 165 95 74 119 66 146 91 144 74 104 66
24 20 2996 312 197 319 192 14 17 251 139 286 162 3 15 166 115 53 10 49 57 5 5 322 190 262 169 72 29 285 180 398 239 19 25 266 153 182 115 299 185 182 102
25 20 1968 9 8 362 211 10 23 13 19 116 80 262 167 72 38 133 87 314 190 71 35 28 2 438 262 97 56 2 4 138 89 168 83 22 15 75 70 11 28 120 61
26 20 3932 289 167 319 189 221 125 177 92 220 147 363 224 185 122 154 109 176 108 133 64 50 40 202 123 111 65 391 234 212 122 440 262 205 109 345 207 283 161 439 263
27 20 1815 170 93 50 22 136 96 29 26 59 29 205 129 100 83 42 7 103 60 44 40 115 49 2 17 163 85 122 94 6 4 325 202 193 115 4 26 261 152 140 93
28 20 3208 28 36 109 53 15 5 203 135 370 230 259 149 263 169 259 159 93 62 64 35 368 223 2 28 468 279 459 278 444 267 93 45 55 42 325 193 34 5 100 72
29 20 2720 16 29 149 91 343 197 361 213 130 99 24 10 351 215 84 70 166 85 356 214 48 36 274 172 29 26 73 41 203 105 13 36 30 28 304 189 20 6 426 252
30 20 2435 396 238 145 91 18 19 250 135 124 91 106 50 33 45 299 186 107 47 89 59 101 63 257 141 304 172 49 9 152 96 357 222 3 9 97 62 121 91 36 39
31 20 2998 292 178 277 168 59 50 218 115 248 155 24 11 55 13 133 92 16 13 239 137 419 256 169 86 153 103 388 228 309 184 138 78 221 127 60 15 219 136 111 65
32 20 2582 174 94 151 74 21 34 270 170 300 172 25 24 68 52 339 197 136 75 256 158 127 69 309 196 22 11 181 105 100 72 154 72 248 153 137 76 196 135 14 28
33 20 2604 153 104 45 8 183 96 103 73 105 87 369 219 364 221 166 118 112 67 8 3 317 185 326 188 109 86 212 145 68 45 258 158 19 29 152 99 90 37 96 49
34 20 2194 226 126 249 154 156 96 366 212 215 118 112 79 3 30 154 110 118 66 72 28 24 4 82 24 118 52 121 78 333 206 50 56 122 71 100 46 81 40 41 32
35 20 2126 161 95 97 81 102 71 64 55 17 37 183 109 163 112 54 11 10 32 202 127 232 127 141 101 285 173 68 60 29 6 92 40 119 75 423 257 99 60 117 79
36 20 2918 373 219 132 94 51 15 290 175 316 194 75 33 294 173 125 68 400 238 98 42 283 170 44 6 86 52 21 22 395 239 77 40 48 53 199 107 71 59 270 173
37 20 1808 170 115 88 73 145 68 32 12 101 75 53 34 80 51 126 72 296 169 134 79 16 6 288 175 30 21 37 33 14 30 36 46 301 184 78 54 190 120 46 16
38 20 2613 169 84 216 144 11 20 126 90 78 33 24 17 51 37 99 78 51 47 409 242 197 119 156 75 369 218 44 17 127 96 245 151 388 235 257 157 168 112 82 36
39 20 1692 166 92 2 18 115 81 2 18 34 13 415 249 60 35 41 40 103 51 115 59 56 45 352 208 78 66 63 36 92 64 14 7 24 33 53 41 135 78 195 100
40 20 3503 26 37 355 221 75 51 311 184 191 114 27 3 154 113 273 176 410 246 328 203 277 170 118 93 161 110 384 226 314 186 258 156 236 154 121 88 18 15 342 214
41 20 2333 59 48 21 13 353 218 173 99 53 15 94 36 221 147 223 138 107 73 79 45 453 271 66 37 330 197 115 52 49 6 73 47 248 153 42 34 101 54 57 60
42 20 2836 392 239 27 5 31 5 90 34 124 77 144 88 18 3 183 112 118 88 332 192 181 110 456 273 124 83 326 196 72 61 76 47 372 218 94 41 288 163 98 54
43 20 2692 308 188 41 14 108 67 13 27 193 111 3 5 50 36 115 50 417 253 199 134 396 237 28 1 328 204 329 194 50 49 384 235 22 28 82 26 264 161 35 19
44 20 2857 456 275 19 27 290 182 306 183 179 102 91 64 163 106 228 132 149 79 9 3 262 154 160 92 211 114 17 18 362 212 75 33 356 221 127 96 7 14 105 86
45 20 3401 308 185 298 184 445 266 224 128 116 69 22 24 57 50 110 81 136 72 316 191 62 39 78 65 195 115 329 192 321 197 297 178 281 160 54 32 224 150 379 231
46 20 2796 16 27 64 64 273 161 6 26 93 53 12 35 58 37 116 61 266 169 476 286 305 182 209 140 156 99 488 293 117 88 98 81 185 123 176 106 301 188 80 63
47 20 2305 341 202 110 47 35 25 22 26 120 93 254 157 185 115 101 72 28 3 256 140 82 27 301 176 243 152 102 43 240 135 8 10 26 26 375 227 41 8 12 14
48 20 3056 68 17 240 132 13 19 74 29 318 196 414 246 205 125 191 117 168 94 312 179 39 36 177 95 256 160 72 60 147 85 237 143 388 239 291 185 172 122 39 42
49 20 2070 22 37 22 25 85 33 4 30 66 26 121 84 265 147 213 124 71 52 50 35 44 23 155 100 25 36 24 43 404 239 170 102 299 177 3 12 428 253 117 92
50 20 2632 178 94 261 150 69 22 129 60 207 110 185 103 2 8 55 29 55 31 19 30 229 152 41 51 246 158 55 20 297 179 365 221 122 90 256 161 262 156 257 140
