1 20 3248 429 255 84 38 393 237 380 229 73 32 218 117 227 142 196 114 229 147 150 81 156 100 33 11 436 264 165 102 227 126 181 96 32 38 86 45 130 95 236 132
2 20 3074 330 205 23 19 70 59 401 246 287 161 328 192 176 114 150 73 20 18 129 90 125 67 147 69 425 255 154 91 67 42 335 203 343 211 215 135 92 36 26 6
3 20 3448 391 237 305 193 249 163 37 19 165 117 18 15 100 74 135 96 259 163 114 87 181 111 409 244 367 226 105 68 468 281 184 109 65 53 116 49 368 223 274 173
4 20 3210 178 123 339 207 172 97 11 15 74 35 152 90 313 185 34 48 148 90 302 193 11 36 63 34 408 242 351 206 297 189 42 7 452 273 245 157 324 185 97 61
5 20 3386 320 186 277 157 353 207 10 3 106 46 108 65 100 40 261 166 90 53 78 72 145 101 193 107 382 227 298 189 166 92 414 246 309 177 66 40 100 71 457 272
6 20 3220 6 8 446 268 300 189 190 114 379 225 46 14 4 29 217 124 34 1 42 1 454 270 344 208 1 18 311 180 185 129 343 215 73 29 37 22 465 279 148 103
7 20 2588 327 206 200 130 222 138 53 30 308 193 265 151 136 66 14 31 277 177 264 172 203 121 172 110 117 55 22 15 20 8 204 112 286 179 40 32 53 14 52 50
8 20 2422 293 166 139 68 133 81 62 62 102 73 102 79 35 44 342 209 31 38 203 111 67 59 384 228 107 50 172 115 38 17 383 224 295 166 106 60 23 18 11 22
9 20 3464 66 61 244 154 322 203 69 60 213 115 65 37 54 17 237 142 163 82 191 112 236 150 380 232 217 147 217 144 23 21 318 201 342 207 413 251 323 188 238 128
10 20 3098 91 66 84 33 109 66 370 219 272 164 59 11 319 182 122 94 95 44 370 216 168 117 313 188 268 159 250 135 61 14 377 231 14 4 67 63 195 103 269 163
11 20 2771 335 205 346 204 157 80 64 64 201 126 236 131 287 178 43 47 315 199 203 107 157 102 285 159 122 52 113 83 154 101 16 16 5 8 5 29 177 87 243 158
12 20 2660 133 99 463 279 66 39 119 67 140 75 297 188 117 72 11 23 189 119 35 35 63 39 13 7 203 108 127 90 382 230 87 61 225 149 352 220 302 174 2 22
13 20 3232 336 203 231 132 431 259 67 27 5 25 15 29 180 92 91 75 87 67 275 162 120 70 306 191 392 241 118 55 373 230 272 165 251 158 271 160 9 3 211 115
14 20 2916 84 68 164 95 354 213 106 55 182 125 330 197 286 177 75 54 25 39 259 168 174 121 53 50 309 193 76 43 18 3 212 118 133 96 234 154 149 83 422 253
15 20 3496 463 278 227 137 199 112 231 133 148 108 6 30 365 219 260 152 107 87 179 117 99 63 209 121 266 159 17 6 202 110 193 134 430 261 388 228 139 97 243 154
16 20 3061 485 291 204 125 106 71 153 85 211 144 117 65 37 27 111 46 300 184 41 40 232 131 208 108 178 95 45 10 123 54 349 219 166 100 302 172 82 63 377 222
17 20 3037 136 95 126 62 411 246 2 24 205 114 446 266 53 8 48 31 158 104 76 44 243 137 122 94 136 62 343 198 246 156 316 187 167 114 288 167 6 17 269 170
18 20 3363 459 274 12 9 319 181 227 135 179 111 348 214 144 79 162 117 16 34 43 18 267 152 14 1 166 118 312 186 461 277 89 64 351 211 187 121 316 181 132 84
19 20 2929 378 223 64 49 254 160 35 25 198 112 3 30 22 40 149 103 315 199 126 64 290 183 20 39 140 74 287 184 318 181 239 137 355 206 148 83 67 16 254 143
20 20 3659 76 65 61 47 317 200 305 193 245 147 106 42 302 187 458 275 327 205 42 28 259 142 181 91 224 125 435 257 371 225 242 158 10 14 157 107 311 190 145 93
21 20 3048 134 68 142 106 140 74 176 96 293 178 302 170 94 63 158 79 313 190 159 83 228 135 113 62 68 18 311 194 138 82 485 291 251 163 129 75 130 71 47 53
22 20 3302 80 58 115 48 52 45 256 159 435 261 296 177 12 23 425 257 232 153 31 36 373 231 148 105 87 46 401 245 335 203 197 131 201 104 59 19 76 41 317 185
23 20 3569 174 98 89 61 343 203 356 216 93 53 303 189 231 142 199 112 371 221 52 5 248 153 284 181 423 251 106 53 112 46 338 205 332 191 15 28 169 84 224 141
24 20 3059 49 43 88 41 68 19 19 15 49 30 130 58 283 173 212 112 193 119 222 145 168 87 175 100 409 242 79 61 329 188 202 110 459 275 411 247 43 15 236 132
25 20 3299 144 96 269 163 284 175 234 142 473 283 61 13 101 80 232 154 177 113 401 245 96 44 5 12 207 134 95 38 372 227 33 46 441 265 147 94 328 201 24 13
26 20 2606 96 45 380 228 75 34 102 82 401 237 181 111 134 74 361 216 170 115 79 45 167 97 208 116 10 26 93 69 70 23 322 191 218 134 64 42 34 39 93 42
27 20 3403 228 146 208 119 288 181 163 83 62 25 129 86 268 161 307 190 103 38 72 44 123 94 261 147 141 78 437 264 297 184 237 132 222 137 305 194 332 198 71 53
28 20 5129 438 265 345 211 408 249 454 273 428 255 8 34 454 270 343 209 336 204 413 247 62 38 358 206 167 100 248 163 426 256 363 216 253 142 320 200 334 211 254 165
29 20 3552 119 66 146 91 144 74 352 202 319 199 312 197 319 192 14 17 33 20 432 257 273 159 440 263 3 15 291 170 187 112 57 48 419 251 254 142 5 5 322 190
30 20 2951 270 163 114 59 173 99 49 35 104 42 90 74 398 239 19 25 151 89 266 151 57 40 182 115 299 185 182 102 288 174 179 99 10 23 473 286 123 86 262 167
31 20 3656 370 226 179 103 71 35 28 2 486 291 97 56 2 4 138 89 492 296 446 271 419 252 207 137 11 28 120 61 92 39 390 231 313 187 221 125 291 178 198 121
32 20 3494 33 42 185 122 305 188 171 109 310 179 192 104 163 115 50 40 323 191 23 12 202 123 111 65 205 106 227 125 263 160 332 195 440 262 205 109 345 207 283 161
33 20 2834 77 64 439 263 284 178 170 93 289 162 163 115 50 22 136 96 29 26 427 260 453 273 100 83 42 7 103 60 44 40 115 49 2 17 163 85 451 272 6 4
34 20 3532 193 115 4 26 261 152 140 93 121 86 250 138 100 43 15 5 203 135 370 230 259 149 263 169 259 159 418 247 97 41 191 126 434 264 368 223 2 28 468 279
35 20 3236 63 56 459 278 444 267 93 45 55 42 240 129 142 85 325 193 34 5 327 195 11 21 20 24 296 171 245 136 384 234 24 10 351 215 84 70 423 255 26 20
36 20 3695 356 214 48 36 464 278 29 26 73 41 258 158 318 192 30 28 304 189 20 6 426 252 359 209 227 125 69 42 380 227 258 169 124 91 384 234 96 43 396 242
37 20 3331 231 132 33 45 412 246 107 47 89 59 101 63 257 141 304 172 326 204 191 122 357 222 177 125 164 111 198 128 154 111 217 142 292 178 277 168 59 50 218 118
38 20 3444 228 129 241 143 24 11 55 13 133 92 16 13 239 137 419 256 169 86 153 103 388 228 309 184 138 78 221 127 60 15 371 224 262 165 307 180 272 168 301 185
39 20 4584 443 267 289 168 271 172 21 34 270 170 359 214 453 275 489 294 68 52 339 197 136 75 256 158 385 234 158 101 160 106 415 248 173 103 309 196 378 234 358 212
40 20 2990 181 105 100 72 154 72 201 107 108 56 193 133 137 76 196 135 14 28 5 20 103 82 345 207 169 111 183 96 103 73 444 269 460 275 364 221 166 118 112 67
41 20 3434 106 51 271 152 382 222 438 265 482 290 212 145 68 45 258 158 19 29 152 99 90 37 96 49 392 236 226 126 249 154 156 96 366 212 215 118 112 79 3 30
42 20 2728 118 66 71 61 136 62 362 223 402 245 329 192 218 142 277 161 244 154 121 78 333 206 50 56 122 71 100 46 81 40 41 32 45 8 161 95 97 81 102 71
43 20 3186 17 37 183 109 163 112 463 280 338 213 41 49 202 127 182 111 248 150 70 42 64 18 29 6 312 195 233 148 223 141 99 71 423 257 99 60 117 79 477 287
44 20 3450 25 34 291 181 51 15 362 216 316 194 75 33 294 173 229 146 189 102 418 254 192 113 44 6 86 52 474 286 381 224 167 118 395 239 77 40 48 53 199 107
45 20 2639 270 173 201 107 94 67 50 21 471 283 32 12 101 75 53 34 80 51 126 72 296 169 101 59 77 51 265 166 16 6 288 175 431 263 297 176 14 30 36 46
46 20 2435 26 35 190 120 115 80 14 3 46 16 468 282 12 31 11 20 126 90 78 33 24 17 51 37 242 138 315 188 99 78 51 47 420 249 477 287 34 11 245 141
47 20 2948 369 218 44 17 207 133 245 151 388 235 148 88 265 164 82 36 290 166 18 7 2 18 115 81 272 177 349 215 34 13 254 146 54 53 98 54 36 35 415 249
48 20 2593 49 39 60 35 41 40 151 72 410 249 370 222 127 95 56 45 352 208 159 77 373 230 104 61 278 156 183 115 14 7 173 98 146 84 8 8 53 41 135 78
49 20 3260 95 64 195 100 134 72 75 51 311 184 191 114 284 167 126 86 27 3 154 113 314 188 410 246 328 203 110 49 71 25 179 112 11 20 363 221 384 226 314 186
50 20 3327 461 275 54 50 236 154 121 88 18 15 342 214 32 41 182 100 424 254 353 218 429 255 76 33 173 99 53 15 351 205 77 54 94 36 417 249 45 20 221 147
