1 20 7132 144 1 172 226 808 19 595 417 109 130 216 148 586 60 602 121 61 284 856 229 269 451 951 309 977 283 29 45 28 388 547 257 660 235 731 100 486 305 89 201
2 20 6564 89 400 702 253 297 345 32 329 936 260 334 65 30 426 671 85 572 274 350 95 602 489 640 395 166 469 59 417 829 35 354 147 654 371 162 439 530 118 197 338
3 20 8624 298 427 549 472 629 477 956 107 588 431 535 417 199 108 951 214 592 34 345 36 270 325 634 354 701 124 86 481 477 304 743 227 782 376 691 154 708 407 46 224
4 20 7223 152 69 543 347 780 233 867 361 539 166 198 310 350 453 316 88 768 54 330 69 471 286 305 341 818 370 102 475 666 24 322 491 379 398 219 50 643 196 261 467
5 20 7516 313 464 927 258 437 336 638 472 966 104 202 288 801 385 774 366 68 420 228 309 484 51 776 387 138 443 773 453 96 433 639 205 553 92 260 206 161 314 162 377
6 20 7569 382 444 791 398 605 33 99 238 188 452 558 392 634 346 475 436 399 385 132 367 770 293 63 192 948 133 125 319 454 132 796 142 435 338 44 445 645 264 919 116
7 20 8570 646 439 324 28 660 86 575 289 809 329 242 172 114 300 502 432 980 376 642 427 586 155 698 413 471 188 430 171 281 425 167 290 933 97 990 353 265 259 398 252
8 20 8542 980 229 992 93 911 438 553 212 185 116 226 150 463 112 434 472 218 389 408 123 943 38 909 160 663 459 859 83 80 151 387 351 97 92 710 256 281 413 379 316
9 20 7435 841 230 925 177 10 34 807 52 559 166 361 267 223 224 631 79 295 265 203 491 288 225 789 42 124 393 167 245 801 412 71 240 52 405 822 201 468 227 857 423
10 20 7932 990 356 403 407 615 222 256 119 366 149 406 122 927 445 947 335 498 156 173 31 225 192 150 60 509 403 870 163 498 212 789 220 701 401 385 360 88 137 119 222
11 20 7684 300 287 110 132 604 201 234 440 378 470 386 481 622 231 500 21 659 4 928 122 269 165 348 339 910 148 258 497 340 159 98 2 945 284 642 160 933 85 142 142
12 20 8707 918 426 54 145 817 47 58 17 253 488 313 196 599 8 276 96 746 401 895 500 324 3 788 215 898 190 260 105 632 49 963 178 660 4 332 215 774 158 324 491
13 20 8785 1 104 928 269 489 36 150 267 706 391 839 279 348 34 963 301 120 387 557 76 632 448 875 236 386 139 836 236 501 111 321 383 730 97 141 323 867 487 592 441
14 20 8876 591 224 151 442 653 452 473 151 955 188 999 298 635 241 658 42 673 384 590 82 957 94 228 125 524 86 494 481 473 77 420 83 440 60 505 297 291 105 385 456
15 20 8817 421 384 120 408 362 390 921 349 633 448 799 85 898 26 851 395 415 204 100 188 695 220 898 362 393 75 736 413 536 439 163 480 116 452 798 2 751 399 416 433
16 20 7191 75 458 318 119 711 28 413 470 935 420 595 20 200 167 820 158 688 434 11 430 4 188 233 149 297 81 779 100 903 394 168 99 657 225 782 463 165 197 235 206
17 20 8125 412 149 59 395 409 208 955 96 564 8 798 490 280 377 141 68 430 137 626 435 794 455 514 233 751 150 738 179 543 484 349 307 33 230 863 158 861 288 37 67
18 20 8490 933 201 857 436 688 231 894 309 202 91 452 10 716 264 630 247 675 226 91 310 522 206 273 463 530 59 768 121 33 362 105 263 187 390 568 22 977 284 512 454
19 20 7618 141 311 144 253 365 256 931 159 75 297 176 65 749 178 284 108 526 67 39 435 470 425 661 463 820 229 737 417 913 71 783 347 506 131 230 160 458 154 515 442
20 20 6040 36 264 913 182 230 33 757 285 946 406 720 118 262 218 130 333 371 453 228 279 57 191 4 236 43 438 376 182 506 233 606 215 185 386 502 134 19 80 659 440
21 20 7784 67 124 117 419 973 131 419 434 816 474 572 449 612 61 123 232 246 270 485 166 57 337 309 83 280 285 996 344 237 79 873 372 990 328 950 300 78 326 530 347
22 20 9176 428 247 734 36 846 130 715 458 812 441 372 147 967 115 965 265 899 298 462 41 344 326 687 40 676 28 637 2 323 216 551 12 256 260 757 179 20 388 19 410
23 20 7427 568 354 640 484 7 327 970 125 118 134 607 47 754 496 82 184 573 496 375 470 648 248 9 258 100 450 288 368 457 463 75 16 620 242 944 141 735 435 714 245
24 20 8076 24 205 722 294 300 204 577 446 768 67 530 158 713 490 131 388 112 315 623 193 632 466 676 371 134 235 875 454 525 61 495 163 771 65 815 488 537 247 135 203
25 20 8329 37 50 747 156 793 60 858 119 391 266 320 462 828 377 682 276 426 467 297 84 966 199 369 101 997 7 381 420 450 165 480 281 542 485 540 276 288 70 20 270
26 20 7537 792 121 992 67 304 224 866 486 115 419 81 233 642 168 84 410 512 455 389 467 155 500 828 392 789 442 978 226 364 185 89 432 762 62 447 195 15 399 218 19
27 20 7215 766 436 165 128 158 466 457 12 535 250 673 378 18 197 289 318 387 360 459 174 398 107 857 7 766 492 411 229 900 496 580 237 179 392 716 462 141 455 164 329
28 20 7041 63 424 338 445 674 109 420 147 156 248 197 252 790 360 325 150 658 319 90 450 84 175 341 203 439 215 81 353 851 65 678 476 56 27 914 234 738 100 909 242
29 20 8681 946 265 871 39 928 327 301 458 895 56 840 192 402 420 850 333 454 70 507 418 920 483 125 178 174 260 7 337 578 51 222 368 302 432 84 479 533 69 913 352
30 20 8026 345 79 222 241 425 38 149 214 453 461 128 252 334 386 548 179 522 302 574 149 539 348 316 353 625 474 989 195 931 54 856 229 728 136 502 244 482 254 365 394
31 20 8315 976 59 677 322 181 368 803 250 556 292 381 180 469 320 476 484 300 211 597 376 188 11 700 167 946 308 114 496 389 420 142 137 856 113 113 58 724 55 806 323
32 20 7528 371 497 439 338 516 281 754 303 31 1 157 297 36 278 790 413 658 348 346 161 580 299 1000 384 5 191 927 376 583 390 224 26 401 6 636 78 705 460 252 392
33 20 6997 895 269 217 122 633 460 586 245 25 323 648 94 912 62 180 378 432 23 303 274 976 335 96 257 100 490 397 84 90 419 272 392 248 132 199 380 730 353 808 375
34 20 7076 181 90 254 186 483 484 392 497 998 233 315 440 591 279 221 55 153 94 38 341 895 258 51 176 727 453 346 272 686 236 720 425 480 237 515 41 196 379 604 475
35 20 5743 315 27 772 440 315 198 80 255 538 397 8 230 369 299 366 334 346 417 426 63 257 495 567 362 463 90 796 355 84 105 246 489 675 27 187 266 244 319 125 197
36 20 8767 824 182 574 20 547 2 448 322 260 293 306 124 800 33 756 357 555 163 677 396 978 485 164 459 916 73 360 234 209 104 278 369 974 11 376 335 579 474 378 185
37 20 6663 187 224 79 99 461 318 943 412 219 352 299 67 526 314 645 371 369 120 107 128 548 369 16 302 654 28 490 123 384 115 874 329 703 247 170 375 187 453 468 473
38 20 10177 842 284 532 440 606 9 303 85 901 498 799 82 416 52 9 178 973 88 976 479 614 78 964 352 490 406 372 35 938 8 630 375 549 116 540 407 422 27 846 321
39 20 6692 411 401 326 313 961 175 41 74 276 480 721 316 269 322 913 214 545 476 366 19 59 206 780 262 400 151 292 128 118 353 180 184 868 17 41 247 205 79 594 425
40 20 7884 872 440 465 346 367 114 940 196 419 459 511 271 500 395 840 19 183 331 397 244 737 43 197 206 337 442 348 138 933 459 1 277 484 164 51 320 726 11 548 405
41 20 8112 407 277 453 107 132 97 50 130 323 338 180 285 518 308 916 491 886 187 152 316 688 109 801 218 983 70 800 190 434 319 138 249 711 167 624 316 733 70 211 359
42 20 8701 982 229 806 29 804 361 662 128 650 115 251 208 9 279 398 155 15 133 618 440 951 407 201 318 685 152 101 443 979 188 386 280 683 108 201 115 569 303 926 273
43 20 9172 427 77 941 373 998 232 961 388 20 185 865 204 50 246 753 190 584 412 11 191 726 23 473 16 116 202 500 291 914 372 478 225 742 106 350 255 935 171 621 90
44 20 10510 372 407 907 282 941 157 841 109 699 386 703 16 898 197 760 308 854 42 537 245 596 331 131 101 400 90 840 205 385 235 978 31 765 76 69 359 538 127 924 226
45 20 7640 332 461 939 107 24 400 256 71 998 353 769 438 828 80 367 100 44 432 162 215 331 233 601 304 5 426 803 464 600 324 49 25 427 442 763 95 849 213 403 184
46 20 7182 272 4 653 23 341 35 586 412 605 326 315 258 340 145 321 317 816 5 447 198 475 399 540 123 589 302 374 141 259 140 398 449 124 11 377 396 506 305 640 217
47 20 9545 906 78 370 49 789 357 262 389 825 20 326 222 619 169 325 50 971 210 824 332 370 33 554 308 701 363 904 61 747 413 387 134 865 231 62 482 845 3 280 282
48 20 6924 501 256 100 464 741 160 45 47 991 218 209 319 113 448 577 135 51 308 160 289 697 486 194 420 558 108 843 96 728 5 345 333 628 80 150 495 652 380 373 65
49 20 6702 294 351 184 54 216 422 662 383 95 479 343 271 11 237 869 254 894 299 522 93 365 390 84 41 456 161 625 70 449 90 7 258 174 358 915 316 302 279 911 265
50 20 6248 182 237 713 36 717 232 218 267 433 26 685 224 801 267 651 275 10 272 162 253 407 332 407 356 55 6 146 143 863 215 746 440 248 30 125 425 75 174 167 349
