1 20 5348 108 1 129 226 606 19 446 417 82 130 162 148 439 60 451 121 46 284 642 229 202 451 713 309 733 283 22 45 21 388 410 257 495 235 548 100 364 305 67 201
2 20 4925 67 400 527 253 223 345 24 329 702 260 250 65 23 426 503 85 429 274 263 95 451 489 480 395 125 469 44 417 622 35 265 147 491 371 122 439 398 118 148 338
3 20 6472 224 427 412 472 472 477 717 107 441 431 402 417 149 108 713 214 444 34 259 36 203 325 476 354 526 124 65 481 358 304 557 227 587 376 519 154 531 407 35 224
4 20 5420 114 69 407 347 585 233 651 361 404 166 149 310 263 453 237 88 576 54 247 69 354 286 229 341 614 370 76 475 500 24 242 491 285 398 165 50 482 196 196 467
5 20 5639 235 464 695 258 328 336 479 472 725 104 151 288 601 385 581 366 51 420 171 309 363 51 582 387 103 443 580 453 72 433 479 205 415 92 195 206 121 314 122 377
6 20 5679 286 444 593 398 454 33 75 238 141 452 418 392 476 346 357 436 300 385 99 367 578 293 47 192 711 133 94 319 341 132 597 142 326 338 33 445 484 264 689 116
7 20 6432 485 439 243 28 495 86 432 289 607 329 182 172 86 300 376 432 735 376 481 427 440 155 524 413 354 188 323 171 211 425 126 290 700 97 743 353 199 259 298 252
8 20 6410 735 229 744 93 684 438 415 212 139 116 170 150 348 112 326 472 164 389 306 123 707 38 682 160 498 459 644 83 60 151 290 351 73 92 533 256 211 413 284 316
9 20 5576 631 230 694 177 8 34 605 52 420 166 271 267 167 224 473 79 221 265 152 491 216 225 592 42 93 393 125 245 601 412 53 240 39 405 616 201 351 227 643 423
10 20 5951 743 356 302 407 461 222 192 119 274 149 305 122 696 445 710 335 374 156 130 31 169 192 113 60 382 403 652 163 373 212 592 220 526 401 289 360 66 137 90 222
11 20 5766 225 287 82 132 453 201 176 440 283 470 290 481 467 231 375 21 494 4 696 122 202 165 261 339 683 148 194 497 255 159 74 2 709 284 482 160 700 85 107 142
12 20 6533 689 426 41 145 613 47 44 17 190 488 235 196 449 8 207 96 560 401 672 500 243 3 591 215 673 190 195 105 474 49 723 178 495 4 249 215 581 158 243 491
13 20 6590 1 104 696 269 367 36 112 267 530 391 629 279 261 34 723 301 90 387 418 76 474 448 656 236 289 139 627 236 376 111 241 383 548 97 106 323 650 487 444 441
14 20 6660 444 224 113 442 490 452 355 151 717 188 750 298 476 241 494 42 505 384 443 82 718 94 171 125 393 86 371 481 355 77 315 83 330 60 379 297 218 105 289 456
15 20 6613 316 384 90 408 271 390 691 349 475 448 600 85 674 26 638 395 311 204 75 188 521 220 674 362 295 75 552 413 402 439 122 480 87 452 598 2 563 399 312 433
16 20 5395 57 458 239 119 533 28 310 470 701 420 446 20 150 167 615 158 516 434 8 430 3 188 175 149 223 81 584 100 677 394 126 99 493 225 587 463 124 197 177 206
17 20 6097 309 149 44 395 307 208 717 96 423 8 599 490 210 377 106 68 323 137 470 435 595 455 385 233 563 150 554 179 408 484 262 307 25 230 648 158 646 288 28 67
18 20 6370 700 201 643 436 516 231 670 309 152 91 339 10 537 264 472 247 506 226 69 310 392 206 205 463 398 59 576 121 25 362 79 263 141 390 426 22 733 284 384 454
19 20 5716 106 311 108 253 274 256 699 159 56 297 132 65 562 178 213 108 394 67 29 435 353 425 496 463 615 229 553 417 685 71 588 347 379 131 173 160 344 154 387 442
20 20 4533 27 264 685 182 173 33 568 285 710 406 540 118 197 218 98 333 278 453 171 279 43 191 3 236 32 438 282 182 380 233 455 215 139 386 377 134 15 80 494 440
21 20 5838 50 124 88 419 730 131 315 434 612 474 429 449 459 61 92 232 184 270 364 166 43 337 232 83 210 285 747 344 178 79 655 372 742 328 713 300 58 326 397 347
22 20 6884 321 247 551 36 635 130 536 458 609 441 279 147 726 115 724 265 675 298 346 41 258 326 516 40 507 28 478 2 242 216 413 12 192 260 568 179 15 388 14 410
23 20 5572 426 354 480 484 5 327 727 125 89 134 456 47 565 496 62 184 430 496 281 470 486 248 7 258 75 450 216 368 343 463 56 16 465 242 708 141 552 435 536 245
24 20 6060 18 205 541 294 225 204 433 446 576 67 398 158 535 490 99 388 84 315 468 193 474 466 507 371 101 235 656 454 394 61 372 163 579 65 611 488 403 247 101 203
25 20 6248 28 50 561 156 595 60 644 119 293 266 240 462 621 377 512 276 319 467 223 84 724 199 277 101 748 7 286 420 337 165 360 281 407 485 405 276 216 70 15 270
26 20 5655 594 121 744 67 228 224 650 486 86 419 61 233 481 168 63 410 384 455 292 467 116 500 621 392 592 442 734 226 273 185 67 432 572 62 335 195 12 399 164 19
27 20 5412 575 436 124 128 119 466 343 12 401 250 505 378 13 197 217 318 290 360 345 174 299 107 643 7 574 492 308 229 675 496 435 237 134 392 537 462 106 455 123 329
28 20 5284 47 424 253 445 506 109 315 147 117 248 148 252 593 360 244 150 494 319 68 450 63 175 256 203 330 215 61 353 639 65 509 476 42 27 686 234 553 100 682 242
29 20 6512 710 265 653 39 696 327 226 458 671 56 630 192 302 420 638 333 341 70 381 418 690 483 94 178 130 260 5 337 433 51 166 368 227 432 63 479 400 69 685 352
30 20 6024 259 79 167 241 319 38 112 214 340 461 96 252 251 386 411 179 392 302 431 149 405 348 237 353 469 474 742 195 698 54 642 229 546 136 377 244 362 254 274 394
31 20 6238 732 59 508 322 136 368 602 250 417 292 286 180 352 320 357 484 225 211 448 376 141 11 525 167 710 308 86 496 292 420 107 137 642 113 85 58 543 55 604 323
32 20 5647 279 497 329 338 387 281 566 303 23 1 118 297 27 278 592 413 494 348 259 161 435 299 750 384 4 191 695 376 437 390 168 26 301 6 477 78 529 460 189 392
33 20 5249 672 269 163 122 475 460 440 245 19 323 486 94 684 62 135 378 324 23 227 274 732 335 72 257 75 490 298 84 68 419 204 392 186 132 149 380 547 353 606 375
34 20 5307 136 90 191 186 363 484 294 497 749 233 236 440 443 279 166 55 115 94 28 341 671 258 38 176 545 453 259 272 514 236 540 425 360 237 386 41 147 379 453 475
35 20 4308 237 27 579 440 236 198 60 255 404 397 6 230 277 299 275 334 259 417 320 63 193 495 425 362 347 90 597 355 63 105 184 489 507 27 140 266 183 319 94 197
36 20 6576 618 182 430 20 410 2 336 322 195 293 229 124 600 33 567 357 416 163 508 396 734 485 123 459 687 73 270 234 157 104 209 369 731 11 282 335 434 474 284 185
37 20 4998 140 224 59 99 346 318 707 412 164 352 225 67 395 314 484 371 277 120 80 128 411 369 12 302 491 28 368 123 288 115 656 329 527 247 127 375 140 453 351 473
38 20 7635 632 284 399 440 455 9 228 85 676 498 600 82 312 52 7 178 730 88 732 479 461 78 723 352 367 406 279 35 704 8 472 375 412 116 405 407 316 27 634 321
39 20 5020 308 401 245 313 721 175 31 74 207 480 541 316 202 322 685 214 409 476 274 19 44 206 585 262 300 151 219 128 88 353 135 184 651 17 31 247 154 79 446 425
40 20 5915 654 440 349 346 275 114 705 196 315 459 383 271 375 395 630 19 137 331 298 244 553 43 148 206 253 442 261 138 700 459 1 277 363 164 38 320 545 11 411 405
41 20 6084 305 277 340 107 99 97 37 130 242 338 135 285 389 308 687 491 665 187 114 316 516 109 601 218 738 70 600 190 326 319 103 249 533 167 468 316 550 70 158 359
42 20 6528 737 229 605 29 603 361 496 128 488 115 188 208 7 279 299 155 11 133 464 440 713 407 151 318 514 152 76 443 734 188 289 280 512 108 151 115 427 303 695 273
43 20 6879 321 77 706 373 749 232 721 388 15 185 649 204 37 246 565 190 438 412 8 191 545 23 355 16 87 202 375 291 685 372 358 225 556 106 262 255 701 171 466 90
44 20 7885 279 407 680 282 706 157 631 109 525 386 527 16 674 197 570 308 641 42 403 245 447 331 98 101 300 90 630 205 289 235 734 31 574 76 52 359 404 127 693 226
45 20 5731 249 461 704 107 18 400 192 71 748 353 577 438 621 80 275 100 33 432 122 215 249 233 451 304 4 426 602 464 450 324 37 25 320 442 572 95 637 213 303 184
46 20 5388 204 4 490 23 256 35 440 412 454 326 236 258 255 145 241 317 612 5 336 198 356 399 405 123 442 302 280 141 194 140 298 449 93 11 283 396 380 305 480 217
47 20 7160 680 78 277 49 592 357 197 389 619 20 244 222 464 169 244 50 729 210 618 332 277 33 415 308 526 363 678 61 560 413 290 134 649 231 47 482 634 3 210 282
48 20 5194 376 256 75 464 556 160 34 47 743 218 157 319 85 448 433 135 38 308 120 289 523 486 146 420 418 108 632 96 546 5 259 333 471 80 112 495 489 380 280 65
49 20 5030 220 351 138 54 162 422 496 383 72 479 258 271 8 237 652 254 671 299 392 93 274 390 63 41 342 161 469 70 337 90 5 258 131 358 687 316 227 279 684 265
50 20 4689 137 237 535 36 538 232 163 267 325 26 514 224 601 267 489 275 7 272 122 253 306 332 305 356 41 6 110 143 648 215 560 440 186 30 94 425 56 174 125 349
