1 20 7132 144 1 172 362 808 30 595 667 109 207 216 236 586 96 602 194 61 455 856 366 269 721 951 493 977 453 29 71 28 621 547 411 660 376 731 160 486 488 89 321
2 20 6564 89 640 702 405 297 552 32 525 936 416 334 104 30 682 671 136 572 439 350 151 602 782 640 632 166 749 59 666 829 56 354 235 654 593 162 702 530 188 197 540
3 20 8624 298 684 549 755 629 763 956 171 588 690 535 666 199 173 951 342 592 54 345 57 270 520 634 567 701 199 86 770 477 486 743 364 782 601 691 246 708 650 46 358
4 20 7223 152 111 543 554 780 373 867 578 539 266 198 496 350 724 316 140 768 86 330 110 471 457 305 546 818 592 102 760 666 38 322 785 379 636 219 80 643 314 261 746
5 20 7516 313 742 927 413 437 538 638 755 966 166 202 460 801 616 774 585 68 672 228 494 484 82 776 618 138 709 773 725 96 693 639 327 553 148 260 330 161 503 162 604
6 20 7569 382 710 791 637 605 52 99 381 188 724 558 627 634 554 475 697 399 615 132 587 770 469 63 307 948 213 125 510 454 211 796 227 435 541 44 712 645 423 919 186
7 20 8570 646 702 324 45 660 137 575 461 809 526 242 275 114 479 502 691 980 601 642 683 586 247 698 661 471 300 430 273 281 680 167 463 933 156 990 564 265 414 398 403
8 20 8542 980 366 992 148 911 700 553 338 185 186 226 240 463 178 434 755 218 622 408 196 943 60 909 255 663 734 859 133 80 241 387 561 97 147 710 409 281 660 379 505
9 20 7435 841 368 925 283 10 54 807 83 559 266 361 427 223 359 631 126 295 423 203 785 288 360 789 67 124 628 167 392 801 658 71 384 52 648 822 322 468 363 857 676
10 20 7932 990 569 403 651 615 356 256 190 366 238 406 195 927 712 947 536 498 250 173 50 225 307 150 95 509 645 870 261 498 338 789 352 701 641 385 575 88 219 119 355
11 20 7684 300 458 110 211 604 321 234 703 378 752 386 769 622 369 500 34 659 6 928 194 269 264 348 542 910 237 258 795 340 254 98 3 945 454 642 256 933 136 142 227
12 20 8707 918 681 54 231 817 74 58 27 253 781 313 314 599 12 276 153 746 641 895 800 324 5 788 344 898 303 260 168 632 79 963 285 660 6 332 343 774 253 324 785
13 20 8785 1 166 928 429 489 57 150 426 706 625 839 446 348 54 963 482 120 619 557 121 632 717 875 378 386 222 836 378 501 177 321 612 730 155 141 517 867 778 592 706
14 20 8876 591 358 151 707 653 723 473 242 955 301 999 476 635 385 658 66 673 613 590 132 957 150 228 199 524 138 494 769 473 122 420 132 440 96 505 476 291 168 385 730
15 20 8817 421 614 120 652 362 624 921 558 633 717 799 135 898 41 851 631 415 326 100 301 695 351 898 579 393 120 736 661 536 702 163 767 116 723 798 2 751 638 416 692
16 20 7191 75 732 318 190 711 44 413 752 935 672 595 31 200 267 820 253 688 694 11 688 4 301 233 238 297 129 779 160 903 630 168 158 657 360 782 741 165 316 235 329
17 20 8125 412 238 59 632 409 332 955 154 564 13 798 783 280 603 141 108 430 219 626 695 794 728 514 372 751 239 738 286 543 774 349 491 33 368 863 253 861 461 37 107
18 20 8490 933 321 857 697 688 370 894 493 202 146 452 16 716 421 630 395 675 361 91 496 522 329 273 740 530 95 768 193 33 579 105 420 187 623 568 34 977 454 512 727
19 20 7618 141 497 144 404 365 410 931 254 75 474 176 103 749 285 284 173 526 108 39 695 470 679 661 740 820 366 737 667 913 114 783 556 506 209 230 256 458 246 515 707
20 20 6040 36 422 913 291 230 52 757 456 946 650 720 189 262 349 130 532 371 725 228 446 57 305 4 377 43 701 376 291 506 372 606 343 185 617 502 214 19 128 659 703
21 20 7784 67 198 117 670 973 209 419 695 816 758 572 719 612 98 123 371 246 432 485 265 57 539 309 133 280 456 996 550 237 126 873 594 990 524 950 480 78 522 530 555
22 20 9176 428 395 734 58 846 207 715 733 812 706 372 235 967 183 965 424 899 476 462 65 344 522 687 64 676 45 637 3 323 345 551 19 256 415 757 286 20 620 19 655
23 20 7427 568 567 640 774 7 522 970 199 118 215 607 75 754 793 82 294 573 793 375 751 648 397 9 413 100 719 288 588 457 740 75 26 620 388 944 225 735 696 714 391
24 20 8076 24 327 722 470 300 326 577 714 768 107 530 252 713 783 131 621 112 504 623 309 632 745 676 593 134 375 875 726 525 98 495 261 771 104 815 781 537 395 135 325
25 20 8329 37 80 747 249 793 95 858 190 391 425 320 739 828 603 682 441 426 746 297 134 966 318 369 161 997 11 381 671 450 263 480 449 542 775 540 441 288 112 20 432
26 20 7537 792 193 992 107 304 358 866 778 115 669 81 372 642 269 84 656 512 727 389 747 155 799 828 627 789 707 978 361 364 296 89 692 762 99 447 312 15 639 218 30
27 20 7215 766 697 165 205 158 746 457 19 535 400 673 605 18 315 289 508 387 576 459 278 398 171 857 11 766 787 411 365 900 793 580 379 179 627 716 740 141 728 164 526
28 20 7041 63 679 338 711 674 174 420 234 156 397 197 403 790 576 325 239 658 510 90 720 84 280 341 325 439 344 81 564 851 104 678 761 56 42 914 373 738 159 909 387
29 20 8681 946 424 871 63 928 523 301 733 895 89 840 307 402 671 850 532 454 112 507 669 920 772 125 284 174 416 7 538 578 81 222 589 302 691 84 765 533 111 913 563
30 20 8026 345 126 222 385 425 60 149 343 453 737 128 402 334 617 548 286 522 483 574 239 539 556 316 565 625 759 989 312 931 86 856 367 728 217 502 389 482 407 365 630
31 20 8315 976 94 677 514 181 589 803 400 556 467 381 288 469 511 476 775 300 338 597 601 188 17 700 267 946 492 114 794 389 672 142 219 856 181 113 93 724 88 806 517
32 20 7528 371 795 439 541 516 449 754 485 31 1 157 474 36 444 790 661 658 556 346 258 580 477 1000 613 5 306 927 601 583 624 224 42 401 9 636 124 705 736 252 627
33 20 6997 895 431 217 195 633 736 586 392 25 516 648 150 912 99 180 604 432 37 303 439 976 536 96 410 100 783 397 135 90 671 272 627 248 210 199 608 730 564 808 599
34 20 7076 181 143 254 297 483 774 392 795 998 372 315 703 591 446 221 88 153 151 38 545 895 413 51 282 727 725 346 434 686 378 720 680 480 379 515 66 196 606 604 759
35 20 5743 315 43 772 704 315 316 80 408 538 635 8 368 369 479 366 533 346 667 426 100 257 791 567 580 463 144 796 568 84 167 246 782 675 43 187 426 244 510 125 315
36 20 8767 824 291 574 32 547 3 448 515 260 468 306 197 800 52 756 571 555 261 677 633 978 775 164 735 916 117 360 374 209 166 278 589 974 17 376 536 579 758 378 295
37 20 6663 187 358 79 158 461 509 943 658 219 563 299 106 526 503 645 593 369 192 107 205 548 590 16 483 654 44 490 196 384 184 874 527 703 395 170 599 187 725 468 756
38 20 10177 842 454 532 704 606 15 303 136 901 797 799 131 416 82 9 284 973 140 976 767 614 124 964 562 490 650 372 56 938 13 630 599 549 186 540 650 422 43 846 514
39 20 6692 411 641 326 500 961 280 41 118 276 768 721 505 269 514 913 341 545 762 366 30 59 329 780 419 400 241 292 205 118 565 180 294 868 27 41 394 205 126 594 679
40 20 7884 872 704 465 553 367 182 940 314 419 735 511 433 500 632 840 31 183 529 397 390 737 68 197 330 337 707 348 220 933 734 1 442 484 263 51 511 726 18 548 647
41 20 8112 407 442 453 171 132 154 50 208 323 540 180 456 518 492 916 786 886 299 152 505 688 174 801 348 983 112 800 303 434 511 138 398 711 267 624 505 733 112 211 575
42 20 8701 982 366 806 46 804 577 662 204 650 184 251 332 9 446 398 248 15 213 618 704 951 651 201 509 685 243 101 709 979 300 386 448 683 172 201 184 569 484 926 436
43 20 9172 427 123 941 596 998 370 961 620 20 295 865 325 50 393 753 303 584 660 11 306 726 36 473 26 116 323 500 465 914 595 478 359 742 169 350 407 935 274 621 143
44 20 10510 372 651 907 450 941 251 841 174 699 617 703 26 898 316 760 493 854 66 537 392 596 530 131 161 400 144 840 328 385 376 978 50 765 121 69 574 538 202 924 361
45 20 7640 332 737 939 171 24 640 256 113 998 564 769 700 828 127 367 159 44 690 162 344 331 372 601 486 5 681 803 742 600 518 49 40 427 707 763 152 849 341 403 294
46 20 7182 272 6 653 36 341 56 586 659 605 521 315 413 340 232 321 506 816 8 447 317 475 638 540 196 589 483 374 225 259 224 398 719 124 18 377 633 506 488 640 347
47 20 9545 906 124 370 78 789 570 262 623 825 32 326 355 619 270 325 80 971 336 824 530 370 52 554 492 701 581 904 97 747 661 387 215 865 369 62 771 845 5 280 451
48 20 6924 501 409 100 742 741 256 45 75 991 349 209 510 113 716 577 216 51 492 160 463 697 778 194 672 558 173 843 153 728 8 345 533 628 128 150 791 652 608 373 103
49 20 6702 294 561 184 86 216 675 662 613 95 767 343 433 11 379 869 405 894 478 522 149 365 624 84 65 456 258 625 111 449 143 7 413 174 572 915 506 302 446 911 423
50 20 6248 182 380 713 58 717 371 218 427 433 41 685 358 801 428 651 440 10 436 162 404 407 531 407 569 55 10 146 228 863 343 746 704 248 47 125 680 75 278 167 558
