1 20 7132 144 1 172 91 808 8 595 167 109 52 216 59 586 24 602 49 61 114 856 92 269 181 951 124 977 114 29 18 28 156 547 103 660 94 731 40 486 122 89 81
2 20 6564 89 160 702 102 297 138 32 132 936 104 334 26 30 171 671 34 572 110 350 38 602 196 640 158 166 188 59 167 829 14 354 59 654 149 162 176 530 47 197 135
3 20 8624 298 171 549 189 629 191 956 43 588 173 535 167 199 44 951 86 592 14 345 15 270 130 634 142 701 50 86 193 477 122 743 91 782 151 691 62 708 163 46 90
4 20 7223 152 28 543 139 780 94 867 145 539 67 198 124 350 181 316 35 768 22 330 28 471 115 305 137 818 148 102 190 666 10 322 197 379 159 219 20 643 79 261 187
5 20 7516 313 186 927 104 437 135 638 189 966 42 202 115 801 154 774 147 68 168 228 124 484 21 776 155 138 178 773 182 96 174 639 82 553 37 260 83 161 126 162 151
6 20 7569 382 178 791 160 605 13 99 96 188 181 558 157 634 139 475 175 399 154 132 147 770 118 63 77 948 54 125 128 454 53 796 57 435 136 44 178 645 106 919 47
7 20 8570 646 176 324 12 660 35 575 116 809 132 242 69 114 120 502 173 980 151 642 171 586 62 698 166 471 75 430 69 281 170 167 116 933 39 990 141 265 104 398 101
8 20 8542 980 92 992 37 911 175 553 85 185 47 226 60 463 45 434 189 218 156 408 49 943 15 909 64 663 184 859 34 80 61 387 141 97 37 710 103 281 165 379 127
9 20 7435 841 92 925 71 10 14 807 21 559 67 361 107 223 90 631 32 295 106 203 197 288 90 789 17 124 157 167 98 801 165 71 96 52 162 822 81 468 91 857 169
10 20 7932 990 143 403 163 615 89 256 48 366 60 406 49 927 178 947 134 498 63 173 13 225 77 150 24 509 162 870 66 498 85 789 88 701 161 385 144 88 55 119 89
11 20 7684 300 115 110 53 604 81 234 176 378 188 386 193 622 93 500 9 659 2 928 49 269 66 348 136 910 60 258 199 340 64 98 1 945 114 642 64 933 34 142 57
12 20 8707 918 171 54 58 817 19 58 7 253 196 313 79 599 3 276 39 746 161 895 200 324 2 788 86 898 76 260 42 632 20 963 72 660 2 332 86 774 64 324 197
13 20 8785 1 42 928 108 489 15 150 107 706 157 839 112 348 14 963 121 120 155 557 31 632 180 875 95 386 56 836 95 501 45 321 153 730 39 141 130 867 195 592 177
14 20 8876 591 90 151 177 653 181 473 61 955 76 999 119 635 97 658 17 673 154 590 33 957 38 228 50 524 35 494 193 473 31 420 33 440 24 505 119 291 42 385 183
15 20 8817 421 154 120 163 362 156 921 140 633 180 799 34 898 11 851 158 415 82 100 76 695 88 898 145 393 30 736 166 536 176 163 192 116 181 798 1 751 160 416 173
16 20 7191 75 183 318 48 711 11 413 188 935 168 595 8 200 67 820 64 688 174 11 172 4 76 233 60 297 33 779 40 903 158 168 40 657 90 782 186 165 79 235 83
17 20 8125 412 60 59 158 409 83 955 39 564 4 798 196 280 151 141 27 430 55 626 174 794 182 514 93 751 60 738 72 543 194 349 123 33 92 863 64 861 116 37 27
18 20 8490 933 81 857 175 688 93 894 124 202 37 452 4 716 106 630 99 675 91 91 124 522 83 273 185 530 24 768 49 33 145 105 105 187 156 568 9 977 114 512 182
19 20 7618 141 125 144 101 365 103 931 64 75 119 176 26 749 72 284 44 526 27 39 174 470 170 661 185 820 92 737 167 913 29 783 139 506 53 230 64 458 62 515 177
20 20 6040 36 106 913 73 230 13 757 114 946 163 720 48 262 88 130 133 371 182 228 112 57 77 4 95 43 176 376 73 506 93 606 86 185 155 502 54 19 32 659 176
21 20 7784 67 50 117 168 973 53 419 174 816 190 572 180 612 25 123 93 246 108 485 67 57 135 309 34 280 114 996 138 237 32 873 149 990 131 950 120 78 131 530 139
22 20 9176 428 99 734 15 846 52 715 184 812 177 372 59 967 46 965 106 899 119 462 17 344 131 687 16 676 12 637 1 323 87 551 5 256 104 757 72 20 155 19 164
23 20 7427 568 142 640 194 7 131 970 50 118 54 607 19 754 199 82 74 573 199 375 188 648 100 9 104 100 180 288 147 457 185 75 7 620 97 944 57 735 174 714 98
24 20 8076 24 82 722 118 300 82 577 179 768 27 530 63 713 196 131 156 112 126 623 78 632 187 676 149 134 94 875 182 525 25 495 66 771 26 815 196 537 99 135 82
25 20 8329 37 20 747 63 793 24 858 48 391 107 320 185 828 151 682 111 426 187 297 34 966 80 369 41 997 3 381 168 450 66 480 113 542 194 540 111 288 28 20 108
26 20 7537 792 49 992 27 304 90 866 195 115 168 81 93 642 68 84 164 512 182 389 187 155 200 828 157 789 177 978 91 364 74 89 173 762 25 447 78 15 160 218 8
27 20 7215 766 175 165 52 158 187 457 5 535 100 673 152 18 79 289 127 387 144 459 70 398 43 857 3 766 197 411 92 900 199 580 95 179 157 716 185 141 182 164 132
28 20 7041 63 170 338 178 674 44 420 59 156 100 197 101 790 144 325 60 658 128 90 180 84 70 341 82 439 86 81 141 851 26 678 191 56 11 914 94 738 40 909 97
29 20 8681 946 106 871 16 928 131 301 184 895 23 840 77 402 168 850 133 454 28 507 168 920 193 125 71 174 104 7 135 578 21 222 148 302 173 84 192 533 28 913 141
30 20 8026 345 32 222 97 425 15 149 86 453 185 128 101 334 155 548 72 522 121 574 60 539 139 316 142 625 190 989 78 931 22 856 92 728 55 502 98 482 102 365 158
31 20 8315 976 24 677 129 181 148 803 100 556 117 381 72 469 128 476 194 300 85 597 151 188 5 700 67 946 123 114 199 389 168 142 55 856 46 113 24 724 22 806 130
32 20 7528 371 199 439 136 516 113 754 122 31 1 157 119 36 111 790 166 658 139 346 65 580 120 1000 154 5 77 927 151 583 156 224 11 401 3 636 31 705 184 252 157
33 20 6997 895 108 217 49 633 184 586 98 25 129 648 38 912 25 180 151 432 10 303 110 976 134 96 103 100 196 397 34 90 168 272 157 248 53 199 152 730 141 808 150
34 20 7076 181 36 254 75 483 194 392 199 998 93 315 176 591 112 221 22 153 38 38 137 895 104 51 71 727 182 346 109 686 95 720 170 480 95 515 17 196 152 604 190
35 20 5743 315 11 772 176 315 79 80 102 538 159 8 92 369 120 366 134 346 167 426 25 257 198 567 145 463 36 796 142 84 42 246 196 675 11 187 107 244 128 125 79
36 20 8767 824 73 574 8 547 1 448 129 260 117 306 50 800 13 756 143 555 66 677 159 978 194 164 184 916 30 360 94 209 42 278 148 974 5 376 134 579 190 378 74
37 20 6663 187 90 79 40 461 128 943 165 219 141 299 27 526 126 645 149 369 48 107 52 548 148 16 121 654 11 490 49 384 46 874 132 703 99 170 150 187 182 468 189
38 20 10177 842 114 532 176 606 4 303 34 901 200 799 33 416 21 9 71 973 35 976 192 614 31 964 141 490 163 372 14 938 4 630 150 549 47 540 163 422 11 846 129
39 20 6692 411 161 326 125 961 70 41 30 276 192 721 127 269 129 913 86 545 191 366 8 59 83 780 105 400 61 292 52 118 142 180 74 868 7 41 99 205 32 594 170
40 20 7884 872 176 465 139 367 46 940 79 419 184 511 109 500 158 840 8 183 133 397 98 737 17 197 83 337 177 348 55 933 184 1 111 484 66 51 128 726 5 548 162
41 20 8112 407 111 453 43 132 39 50 52 323 135 180 114 518 123 916 197 886 75 152 127 688 44 801 87 983 28 800 76 434 128 138 100 711 67 624 127 733 28 211 144
42 20 8701 982 92 806 12 804 145 662 51 650 46 251 83 9 112 398 62 15 54 618 176 951 163 201 128 685 61 101 178 979 75 386 112 683 43 201 46 569 121 926 109
43 20 9172 427 31 941 149 998 93 961 155 20 74 865 82 50 99 753 76 584 165 11 77 726 9 473 7 116 81 500 117 914 149 478 90 742 43 350 102 935 69 621 36
44 20 10510 372 163 907 113 941 63 841 44 699 155 703 7 898 79 760 124 854 17 537 98 596 133 131 41 400 36 840 82 385 94 978 13 765 31 69 144 538 51 924 91
45 20 7640 332 185 939 43 24 160 256 29 998 141 769 175 828 32 367 40 44 173 162 86 331 93 601 122 5 171 803 186 600 130 49 10 427 177 763 38 849 86 403 74
46 20 7182 272 2 653 9 341 14 586 165 605 131 315 104 340 58 321 127 816 2 447 80 475 160 540 49 589 121 374 57 259 56 398 180 124 5 377 159 506 122 640 87
47 20 9545 906 31 370 20 789 143 262 156 825 8 326 89 619 68 325 20 971 84 824 133 370 13 554 123 701 146 904 25 747 166 387 54 865 93 62 193 845 2 280 113
48 20 6924 501 103 100 186 741 64 45 19 991 88 209 128 113 179 577 54 51 123 160 116 697 195 194 168 558 44 843 39 728 2 345 134 628 32 150 198 652 152 373 26
49 20 6702 294 141 184 22 216 169 662 154 95 192 343 109 11 95 869 102 894 120 522 38 365 156 84 17 456 65 625 28 449 36 7 104 174 143 915 127 302 112 911 106
50 20 6248 182 95 713 15 717 93 218 107 433 11 685 90 801 107 651 110 10 109 162 101 407 133 407 143 55 3 146 57 863 86 746 176 248 12 125 170 75 70 167 140
