1 20 3075 429 255 84 38 208 129 380 229 73 32 218 117 171 112 196 114 229 147 150 81 156 100 33 11 436 264 165 102 227 126 86 45 130 95 236 132 163 90 74 67
2 20 2536 70 59 25 21 377 233 129 90 94 54 129 61 111 84 140 77 343 211 215 135 92 36 26 6 10 24 391 237 34 10 135 96 259 163 114 87 181 111 295 180
3 20 2465 124 69 57 50 198 105 263 169 116 49 368 223 274 173 163 114 41 32 339 207 172 97 11 15 74 35 34 48 148 90 63 34 269 160 29 33 297 189 42 7
4 20 2592 150 77 146 78 88 60 324 185 97 61 234 139 185 104 236 157 106 46 108 65 90 53 78 72 145 101 193 107 166 92 414 246 309 177 66 40 100 71 6 8
5 20 1839 300 189 190 114 4 29 42 1 13 2 201 113 1 18 10 31 222 119 19 27 222 138 14 31 277 177 264 172 117 55 22 15 20 8 204 112 117 85 40 32
6 20 2023 101 80 106 60 153 109 139 68 102 73 102 79 35 44 145 84 81 25 91 64 67 59 352 217 107 50 172 115 38 17 352 217 23 18 11 22 286 175 66 61
7 20 2532 17 17 69 60 213 115 65 37 54 17 275 169 236 150 380 232 217 147 35 26 126 66 434 263 91 66 154 82 272 164 44 12 95 44 198 107 115 59 76 33
8 20 2092 27 39 195 103 269 163 258 142 164 85 3 24 201 126 43 47 17 37 322 199 154 101 16 16 5 8 5 29 177 87 243 158 191 131 66 39 119 67 140 75
9 20 1872 117 72 11 23 189 119 35 35 238 143 13 7 203 108 127 90 235 155 160 93 34 2 18 3 81 40 357 206 105 86 15 29 180 92 91 75 12 29 120 70
10 20 2759 392 241 272 165 123 69 302 190 9 3 84 68 164 95 354 213 75 54 25 39 259 168 174 121 53 50 168 87 212 118 133 96 234 154 149 83 40 25 227 137
11 20 2455 214 130 153 101 6 30 107 87 179 117 99 63 209 121 407 247 193 134 73 24 124 53 204 125 1 26 125 88 389 232 41 40 232 131 177 122 123 54 13 9
12 20 2089 11 27 189 102 2 24 53 8 48 31 158 104 76 44 243 137 122 94 136 62 288 167 6 17 269 170 146 75 163 85 235 145 179 111 101 73 144 79 43 18
13 20 2104 14 1 27 9 273 163 29 2 149 74 174 104 254 160 35 25 198 112 3 30 22 40 149 103 315 199 126 64 290 183 20 39 44 29 25 10 111 62 373 227
14 20 2240 254 143 61 47 31 14 42 27 81 33 170 102 132 66 59 24 259 142 96 53 404 240 58 16 182 109 145 93 10 24 293 178 25 23 158 79 228 135 113 62
15 20 2597 297 178 124 79 89 47 138 82 129 75 130 71 47 53 170 90 301 189 142 75 39 39 31 36 2 17 401 245 119 88 365 221 89 61 93 53 102 49 439 263
16 20 2102 181 108 48 22 144 99 88 45 169 84 49 43 88 41 68 19 19 15 49 30 130 58 283 173 212 112 193 119 222 145 6 19 314 199 66 61 111 47 188 111
17 20 2733 43 15 144 96 269 163 284 175 226 137 473 283 61 13 101 80 232 154 164 79 5 12 207 134 95 38 197 131 188 119 256 149 79 43 180 92 134 74 79 45
18 20 2179 167 104 212 110 56 52 93 69 70 23 125 58 61 60 93 42 208 119 94 81 216 137 62 25 160 82 94 42 128 86 103 38 72 44 123 94 261 147 326 204
19 20 2553 297 184 237 132 191 117 25 36 156 75 103 45 142 78 59 60 192 101 77 31 190 123 166 100 250 150 321 190 3 21 42 22 95 74 119 66 215 122 312 179
20 20 2488 74 63 312 197 144 93 251 139 166 115 53 10 3 3 270 163 199 129 104 42 90 74 257 153 19 25 57 40 182 115 142 103 182 102 233 134 362 211 10 23
21 20 1933 286 163 13 19 116 80 174 96 28 2 27 44 97 56 2 4 180 92 168 83 22 15 75 70 11 28 120 61 92 39 198 121 363 224 115 58 154 109 176 108
22 20 2372 50 40 202 123 111 65 228 127 356 207 332 197 122 88 250 145 283 161 192 122 50 22 136 96 29 26 59 29 205 129 100 83 42 7 103 60 44 40 72 24
23 20 1657 6 4 325 202 193 115 4 26 109 53 15 5 203 135 21 11 259 159 93 62 64 35 63 56 51 45 23 1 55 42 91 64 34 5 100 72 20 24 343 197
24 20 1778 130 99 24 10 48 36 274 172 29 26 73 41 203 105 13 36 30 28 304 189 20 6 18 19 250 135 72 30 106 50 33 45 299 186 107 47 89 59 101 63
25 20 2200 437 260 48 40 304 172 49 9 152 96 27 28 3 9 97 62 121 91 36 39 82 29 186 107 24 11 55 13 133 92 16 13 239 137 419 256 169 86 153 103
26 20 2228 108 43 138 78 300 174 111 65 307 180 174 94 151 74 21 34 270 170 300 172 25 24 68 52 45 25 136 75 179 99 127 69 23 1 22 11 181 105 100 72
27 20 2690 377 228 121 86 248 153 137 76 196 135 14 28 5 20 45 8 183 96 136 67 105 87 369 219 364 221 23 13 8 3 317 185 326 188 109 86 212 145 68 45
28 20 1964 168 98 204 132 19 29 127 90 111 54 226 126 249 154 156 96 112 79 3 30 154 110 118 66 72 28 24 4 82 24 118 52 121 78 333 206 50 56 9 31
29 20 1940 202 133 164 116 110 86 161 95 97 81 102 71 64 55 17 37 183 109 163 112 54 11 10 32 202 127 70 42 64 18 29 6 92 40 119 75 423 257 99 60
30 20 2099 25 34 132 94 51 15 290 175 316 194 75 33 313 188 125 68 192 113 44 6 86 52 21 22 48 53 199 107 71 59 270 173 88 73 145 68 32 12 101 75
31 20 1467 63 16 59 60 296 169 134 79 16 6 288 175 30 21 37 33 14 30 36 46 20 20 190 120 46 16 216 144 11 20 126 90 78 33 24 17 51 37 99 78
32 20 1988 30 22 101 66 409 242 197 119 156 75 127 96 183 98 83 48 82 36 2 18 115 81 2 18 34 13 238 156 60 35 41 40 103 51 115 59 56 45 352 208
33 20 2192 131 87 78 66 63 36 92 64 14 7 24 33 53 41 135 78 26 37 355 221 75 51 311 184 191 114 27 3 154 113 273 176 254 139 89 71 277 170 118 93
34 20 2038 138 82 83 72 258 156 236 154 121 88 18 15 342 214 32 41 21 13 85 44 173 99 53 15 94 36 221 147 223 138 107 73 79 45 117 89 66 37 81 48
35 20 1972 154 86 115 52 49 6 73 47 248 153 42 34 101 54 57 60 25 29 27 5 31 5 90 34 124 77 144 88 18 3 183 112 118 88 332 192 181 110 353 207
36 20 1998 83 75 124 83 76 47 288 163 98 54 41 14 211 138 193 111 3 5 50 36 115 50 100 58 57 54 396 237 28 1 87 31 92 60 50 49 384 235 22 28
37 20 2740 391 234 35 19 1 21 73 47 196 122 290 182 306 183 179 102 91 64 163 106 228 132 149 79 9 3 262 154 160 92 362 212 41 23 356 221 127 96 7 14
38 20 2553 322 190 105 86 38 22 137 64 335 195 224 128 116 69 22 24 57 50 110 81 136 72 316 191 62 39 78 65 144 106 297 178 10 6 224 150 379 231 80 49
39 20 2320 246 157 64 64 273 161 62 44 93 53 12 35 58 37 116 61 91 32 159 100 305 182 209 140 156 99 344 212 61 51 26 6 46 4 102 63 176 106 301 188
40 20 2126 211 119 55 22 22 26 120 93 254 157 28 3 256 140 243 152 102 43 240 135 8 10 26 26 375 227 41 8 12 14 284 180 68 17 73 38 166 112 74 29
41 20 2220 100 48 135 62 191 117 168 94 312 179 39 36 177 95 256 160 72 60 147 85 237 143 388 239 291 185 17 30 45 33 22 37 22 25 85 33 4 30 68 58
42 20 2308 159 98 121 84 265 147 213 124 71 52 50 35 44 23 155 100 404 239 170 102 299 177 3 12 24 42 261 150 69 22 129 60 207 110 185 103 2 8 55 29
43 20 2229 163 117 33 35 41 51 78 61 55 20 248 135 174 100 122 90 256 161 262 156 257 140 170 122 242 142 30 24 102 52 256 149 37 32 149 81 86 51 26 39
44 20 1988 118 68 90 79 153 72 306 180 115 75 46 9 17 3 53 34 48 8 213 140 147 107 230 125 226 128 28 28 50 54 16 17 83 74 91 31 337 206 119 66
45 20 2070 139 101 33 20 212 142 171 105 54 34 156 113 53 39 119 67 142 97 114 58 179 119 18 13 316 198 159 82 28 35 5 11 145 70 295 180 59 41 191 109
46 20 2347 16 12 26 9 136 66 148 107 257 150 160 116 238 156 219 143 234 129 72 48 187 95 266 149 1 30 126 77 67 22 321 186 307 181 36 45 16 28 101 43
47 20 2420 46 46 100 60 135 94 466 278 123 68 239 158 21 8 60 34 158 93 55 47 113 65 17 33 83 54 286 184 97 46 306 181 242 131 183 120 219 129 77 33
48 20 1959 10 4 132 85 66 50 22 30 165 95 230 146 21 40 30 26 109 88 215 134 41 28 157 80 408 247 87 66 79 48 116 75 30 36 258 164 37 50 236 149
49 20 2165 87 29 212 117 330 202 57 41 37 4 191 119 28 44 83 48 144 88 28 6 215 123 151 77 201 132 34 26 172 123 264 165 11 21 53 25 231 149 178 118
50 20 2052 26 8 158 81 38 6 37 29 124 60 35 9 159 77 208 128 119 54 10 12 252 159 29 38 108 63 105 46 159 76 306 187 243 151 30 25 113 56 307 178
