1 20 7132 144 2 172 587 808 49 595 1084 109 336 216 383 586 156 602 315 61 739 856 594 269 1172 951 801 977 735 29 115 28 1009 547 668 660 611 731 260 486 793 89 522
2 20 6564 89 1040 702 658 297 897 32 854 936 676 334 169 30 1108 671 221 572 712 350 246 602 1271 640 1027 166 1217 59 1082 829 91 354 381 654 963 162 1140 530 305 197 877
3 20 8624 298 1111 549 1226 629 1240 956 277 588 1121 535 1082 199 280 951 555 592 87 345 93 270 844 634 921 701 323 86 1251 477 789 743 590 782 976 691 399 708 1056 46 582
4 20 7223 152 180 543 900 780 606 867 939 539 432 198 806 350 1176 316 227 768 140 330 178 471 743 305 887 818 962 102 1234 666 62 322 1276 379 1034 219 130 643 509 261 1212
5 20 7516 313 1206 927 671 437 874 638 1227 966 270 202 748 801 1000 774 950 68 1091 228 803 484 132 776 1004 138 1152 773 1177 96 1126 639 532 553 239 260 536 161 817 162 981
6 20 7569 382 1153 791 1035 605 84 99 619 188 1175 558 1019 634 900 475 1133 399 1000 132 953 770 762 63 498 948 345 125 828 454 343 796 368 435 878 44 1157 645 686 919 302
7 20 8570 646 1140 324 73 660 222 575 749 809 855 242 446 114 778 502 1122 980 976 642 1109 586 401 698 1073 471 488 430 444 281 1104 167 752 933 253 990 916 265 673 398 654
8 20 8542 980 594 992 240 911 1137 553 550 185 302 226 389 463 289 434 1227 218 1010 408 318 943 97 909 414 663 1192 859 216 80 391 387 911 97 238 710 664 281 1073 379 821
9 20 7435 841 597 925 460 10 88 807 135 559 432 361 694 223 583 631 204 295 687 203 1276 288 585 789 109 124 1020 167 637 801 1069 71 624 52 1053 822 522 468 590 857 1098
10 20 7932 990 924 403 1057 615 578 256 308 366 386 406 316 927 1156 947 871 498 406 173 81 225 499 150 155 509 1048 870 423 498 550 789 572 701 1042 385 934 88 356 119 576
11 20 7684 300 744 110 342 604 521 234 1143 378 1222 386 1250 622 600 500 55 659 10 928 315 269 428 348 880 910 384 258 1291 340 412 98 5 945 738 642 416 933 221 142 368
12 20 8707 918 1107 54 375 817 120 58 44 253 1268 313 509 599 20 276 249 746 1041 895 1300 324 7 788 558 898 492 260 272 632 127 963 463 660 9 332 557 774 410 324 1276
13 20 8785 1 269 928 697 489 92 150 693 706 1015 839 724 348 87 963 783 120 1005 557 196 632 1165 875 614 386 361 836 614 501 288 321 994 730 252 141 839 867 1264 592 1146
14 20 8876 591 582 151 1149 653 1175 473 392 955 489 999 773 635 626 658 107 673 997 590 214 957 244 228 323 524 224 494 1249 473 199 420 215 440 155 505 773 291 273 385 1185
15 20 8817 421 998 120 1060 362 1014 921 906 633 1165 799 219 898 66 851 1025 415 529 100 488 695 571 898 941 393 195 736 1074 536 1140 163 1246 116 1175 798 4 751 1037 416 1125
16 20 7191 75 1189 318 309 711 72 413 1221 935 1092 595 51 200 434 820 411 688 1127 11 1118 4 489 233 386 297 209 779 259 903 1023 168 257 657 584 782 1204 165 512 235 535
17 20 8125 412 386 59 1027 409 539 955 250 564 21 798 1272 280 980 141 176 430 355 626 1130 794 1182 514 605 751 388 738 465 543 1257 349 797 33 598 863 410 861 749 37 173
18 20 8490 933 521 857 1132 688 600 894 802 202 237 452 25 716 684 630 642 675 586 91 805 522 534 273 1202 530 153 768 313 33 941 105 682 187 1013 568 55 977 737 512 1180
19 20 7618 141 808 144 656 365 665 931 412 75 770 176 167 749 462 284 281 526 174 39 1129 470 1104 661 1203 820 594 737 1083 913 184 783 902 506 339 230 416 458 399 515 1148
20 20 6040 36 685 913 473 230 84 757 741 946 1056 720 307 262 567 130 864 371 1178 228 725 57 495 4 613 43 1138 376 473 506 604 606 557 185 1002 502 347 19 207 659 1143
21 20 7784 67 322 117 1089 973 339 419 1129 816 1232 572 1167 612 159 123 603 246 702 485 431 57 876 309 215 280 741 996 893 237 204 873 965 990 852 950 779 78 848 530 901
22 20 9176 428 642 734 93 846 337 715 1190 812 1146 372 382 967 297 965 689 899 773 462 105 344 848 687 103 676 73 637 4 323 561 551 31 256 674 757 465 20 1007 19 1065
23 20 7427 568 920 640 1258 7 848 970 323 118 349 607 122 754 1289 82 478 573 1289 375 1221 648 645 9 671 100 1169 288 955 457 1203 75 42 620 630 944 365 735 1130 714 636
24 20 8076 24 531 722 763 300 530 577 1160 768 174 530 409 713 1273 131 1009 112 819 623 502 632 1210 676 963 134 609 875 1179 525 158 495 424 771 169 815 1269 537 641 135 528
25 20 8329 37 129 747 405 793 154 858 308 391 690 320 1201 828 979 682 717 426 1212 297 218 966 517 369 261 997 18 381 1091 450 427 480 729 542 1259 540 717 288 182 20 702
26 20 7537 792 314 992 174 304 582 866 1263 115 1087 81 605 642 437 84 1066 512 1181 389 1213 155 1299 828 1019 789 1148 978 586 364 481 89 1124 762 160 447 507 15 1038 218 48
27 20 7215 766 1132 165 333 158 1212 457 31 535 650 673 983 18 511 289 825 387 936 459 452 398 277 857 17 766 1278 411 594 900 1288 580 616 179 1019 716 1201 141 1182 164 854
28 20 7041 63 1102 338 1155 674 282 420 380 156 644 197 655 790 936 325 389 658 829 90 1169 84 454 341 528 439 559 81 916 851 169 678 1236 56 68 914 607 738 258 909 628
29 20 8681 946 689 871 102 928 850 301 1191 895 144 840 498 402 1090 850 864 454 182 507 1087 920 1255 125 461 174 676 7 875 578 132 222 957 302 1122 84 1243 533 180 913 914
30 20 8026 345 204 222 626 425 98 149 556 453 1197 128 653 334 1003 548 464 522 785 574 388 539 903 316 917 625 1233 989 507 931 140 856 595 728 353 502 632 482 661 365 1023
31 20 8315 976 152 677 835 181 956 803 650 556 759 381 467 469 831 476 1258 300 549 597 976 188 27 700 434 946 799 114 1289 389 1092 142 355 856 293 113 151 724 143 806 840
32 20 7528 371 1292 439 879 516 730 754 788 31 1 157 770 36 721 790 1074 658 903 346 419 580 776 1000 996 5 496 927 977 583 1014 224 68 401 15 636 201 705 1195 252 1018
33 20 6997 895 700 217 317 633 1195 586 637 25 838 648 243 912 160 180 981 432 60 303 712 976 871 96 666 100 1272 397 218 90 1090 272 1019 248 341 199 987 730 916 808 973
34 20 7076 181 233 254 482 483 1258 392 1291 998 604 315 1143 591 725 221 143 153 244 38 885 895 671 51 457 727 1178 346 705 686 614 720 1105 480 616 515 106 196 985 604 1233
35 20 5743 315 69 772 1144 315 513 80 663 538 1032 8 597 369 778 366 867 346 1084 426 163 257 1286 567 942 463 234 796 922 84 271 246 1271 675 70 187 692 244 829 125 511
36 20 8767 824 473 574 52 547 5 448 836 260 760 306 320 800 85 756 927 555 423 677 1029 978 1260 164 1193 916 189 360 607 209 270 278 957 974 28 376 871 579 1231 378 479
37 20 6663 187 581 79 256 461 826 943 1069 219 915 299 172 526 816 645 963 369 312 107 332 548 959 16 785 654 71 490 318 384 299 874 856 703 642 170 973 187 1178 468 1229
38 20 10177 842 737 532 1143 606 24 303 221 901 1295 799 212 416 133 9 462 973 227 976 1246 614 202 964 913 490 1055 372 90 938 21 630 973 549 301 540 1056 422 70 846 834
39 20 6692 411 1041 326 812 961 454 41 192 276 1248 721 821 269 835 913 555 545 1237 366 49 59 534 780 680 400 391 292 333 118 918 180 478 868 43 41 641 205 204 594 1104
40 20 7884 872 1143 465 899 367 295 940 510 419 1194 511 704 500 1026 840 50 183 860 397 633 737 110 197 535 337 1149 348 358 933 1192 1 718 484 427 51 831 726 29 548 1051
41 20 8112 407 719 453 277 132 250 50 338 323 878 180 740 518 800 916 1277 886 486 152 821 688 282 801 566 983 182 800 492 434 830 138 646 711 434 624 820 733 182 211 934
42 20 8701 982 594 806 74 804 937 662 331 650 298 251 539 9 724 398 403 15 346 618 1143 951 1057 201 827 685 395 101 1152 979 487 386 728 683 279 201 298 569 786 926 709
43 20 9172 427 200 941 969 998 602 961 1008 20 479 865 529 50 638 753 492 584 1071 11 496 726 58 473 42 116 525 500 756 914 967 478 583 742 275 350 661 935 445 621 232
44 20 10510 372 1057 907 732 941 408 841 282 699 1002 703 42 898 512 760 801 854 107 537 636 596 860 131 261 400 233 840 533 385 610 978 80 765 196 69 932 538 328 924 587
45 20 7640 332 1198 939 278 24 1040 256 184 998 916 769 1137 828 206 367 258 44 1121 162 559 331 604 601 790 5 1106 803 1206 600 842 49 65 427 1149 763 247 849 553 403 477
46 20 7182 272 9 653 58 341 90 586 1070 605 846 315 670 340 377 321 823 816 12 447 515 475 1036 540 318 589 784 374 365 259 363 398 1167 124 29 377 1028 506 792 640 563
47 20 9545 906 201 370 127 789 926 262 1011 825 52 326 576 619 439 325 129 971 545 824 862 370 85 554 800 701 944 904 158 747 1073 387 348 865 599 62 1253 845 8 280 733
48 20 6924 501 664 100 1205 741 416 45 122 991 567 209 829 113 1163 577 351 51 799 160 751 697 1263 194 1091 558 281 843 249 728 13 345 865 628 207 150 1285 652 988 373 167
49 20 6702 294 911 184 140 216 1097 662 995 95 1246 343 703 11 615 869 658 894 776 522 242 365 1013 84 105 456 418 625 180 449 232 7 671 174 929 915 822 302 725 911 687
50 20 6248 182 617 713 93 717 602 218 694 433 66 685 581 801 695 651 715 10 708 162 656 407 863 407 924 55 15 146 370 863 557 746 1144 248 76 125 1104 75 451 167 906
