1 20 4284 87 1 103 46 485 4 357 84 66 26 130 30 352 12 361 25 37 57 514 46 162 91 571 62 587 57 18 9 17 78 328 52 396 47 439 20 292 61 54 41
2 20 3940 53 80 422 51 178 69 19 66 562 52 200 13 18 86 403 17 343 55 210 19 361 98 384 79 100 94 36 84 498 7 212 30 393 75 98 88 318 24 118 68
3 20 5177 179 86 330 95 377 96 574 22 353 87 321 84 119 22 571 43 355 7 207 8 162 65 381 71 421 25 52 97 287 61 446 46 469 76 415 31 425 82 28 45
4 20 4337 92 14 326 70 468 47 521 73 323 34 119 62 210 91 190 18 461 11 198 14 283 58 183 69 491 74 61 95 400 5 193 99 228 80 132 10 386 40 157 94
5 20 4514 188 93 556 52 263 68 383 95 580 21 121 58 481 77 465 74 41 84 137 62 291 11 466 78 83 89 464 91 58 87 384 41 332 19 156 42 97 63 97 76
6 20 4544 229 89 475 80 363 7 60 48 113 91 335 79 381 70 285 88 240 77 79 74 462 59 38 39 569 27 75 64 273 27 478 29 261 68 26 89 387 53 552 24
7 20 5145 388 88 195 6 396 18 345 58 485 66 146 35 69 60 301 87 588 76 385 86 352 31 419 83 283 38 258 35 169 85 101 58 560 20 594 71 159 52 239 51
8 20 5128 588 46 596 19 547 88 332 43 111 24 136 30 278 23 261 95 131 78 245 25 566 8 545 32 398 92 516 17 48 31 232 71 59 19 426 52 169 83 227 64
9 20 4464 505 46 555 36 6 7 484 11 336 34 217 54 134 45 379 16 177 53 122 99 173 45 474 9 74 79 100 49 481 83 43 48 31 81 493 41 281 46 515 85
10 20 4761 594 72 242 82 369 45 154 24 220 30 244 25 557 89 568 67 299 32 104 7 135 39 90 12 305 81 522 33 299 43 473 44 421 81 231 72 53 28 72 45
11 20 4613 180 58 66 27 363 41 141 88 227 94 232 97 373 47 300 5 396 1 557 25 161 33 209 68 546 30 155 100 204 32 59 1 567 57 385 32 560 17 86 29
12 20 5228 551 86 33 29 490 10 35 4 152 98 188 40 359 2 166 20 448 81 537 100 195 1 473 43 539 38 156 21 380 10 578 36 396 1 200 43 465 32 194 99
13 20 5275 1 21 557 54 294 8 90 54 424 79 504 56 209 7 578 61 72 78 335 16 379 90 525 48 232 28 502 48 301 23 193 77 438 20 85 65 520 98 355 89
14 20 5328 355 45 91 89 392 91 284 31 573 38 600 60 381 49 395 9 404 77 354 17 574 19 137 25 315 18 297 97 284 16 252 17 264 12 303 60 175 21 231 92
15 20 5294 253 77 72 82 217 78 553 70 380 90 480 17 539 6 511 79 249 41 60 38 417 44 539 73 236 15 442 83 322 88 98 96 70 91 479 1 451 80 250 87
16 20 4316 45 92 191 24 427 6 248 94 561 84 357 4 120 34 492 32 413 87 7 86 2 38 140 30 178 17 467 20 542 79 101 20 394 45 470 93 99 40 141 42
17 20 4877 247 30 36 79 246 42 573 20 339 2 479 98 168 76 85 14 258 28 376 87 476 91 308 47 451 30 443 36 326 97 209 62 20 46 518 32 517 58 22 14
18 20 5096 560 41 514 88 413 47 536 62 122 19 271 2 430 53 378 50 405 46 55 62 314 42 164 93 318 12 461 25 20 73 63 53 113 78 341 5 586 57 307 91
19 20 4574 85 63 87 51 219 52 559 32 45 60 106 13 450 36 171 22 316 14 23 87 282 85 397 93 492 46 442 84 548 15 470 70 304 27 138 32 275 31 309 89
20 20 3628 22 53 548 37 138 7 454 57 568 82 432 24 158 44 78 67 223 91 137 56 34 39 3 48 26 88 226 37 304 47 364 43 111 78 302 27 12 16 396 88
21 20 4672 40 25 70 84 584 27 252 87 490 95 343 90 367 13 74 47 148 54 291 34 35 68 186 17 168 57 598 69 142 16 524 75 594 66 570 60 47 66 318 70
22 20 5510 257 50 441 8 508 26 429 92 487 89 223 30 581 23 579 53 540 60 277 9 207 66 413 8 406 6 383 1 194 44 331 3 154 52 454 36 12 78 12 82
23 20 4457 341 71 384 97 4 66 582 25 71 27 365 10 452 100 50 37 344 100 225 94 389 50 5 52 60 90 173 74 274 93 45 4 372 49 566 29 441 87 429 49
24 20 4847 15 41 433 59 180 41 346 90 461 14 318 32 428 98 79 78 67 63 374 39 379 94 406 75 81 47 525 91 315 13 297 33 463 13 489 98 322 50 81 41
25 20 5000 22 10 449 32 476 12 515 24 235 54 192 93 497 76 409 56 256 94 178 17 580 40 222 21 598 2 229 84 270 33 288 57 326 97 324 56 173 14 12 54
26 20 4526 475 25 595 14 183 45 520 98 69 84 49 47 385 34 51 82 308 91 234 94 93 100 497 79 474 89 587 46 219 37 53 87 458 13 268 39 9 80 131 4
27 20 4332 460 88 99 26 95 94 274 3 321 50 404 76 11 40 173 64 232 72 276 35 239 22 514 2 460 99 247 46 540 100 348 48 108 79 430 93 85 91 99 66
28 20 4230 38 85 203 89 405 22 252 30 94 50 119 51 474 72 195 30 395 64 54 90 51 35 205 41 264 43 49 71 511 13 407 96 34 6 549 47 443 20 546 49
29 20 5211 568 53 523 8 557 66 181 92 537 12 504 39 242 84 510 67 273 14 305 84 552 97 75 36 104 52 4 68 347 11 133 74 181 87 50 96 320 14 548 71
30 20 4819 207 16 133 49 255 8 90 43 272 93 77 51 201 78 329 36 313 61 345 30 324 70 190 71 375 95 593 39 559 11 514 46 437 28 302 49 289 51 219 79
31 20 4994 586 12 407 65 109 74 482 50 334 59 229 36 282 64 286 97 180 43 358 76 113 3 420 34 568 62 69 100 234 84 85 28 514 23 68 12 435 11 484 65
32 20 4520 223 100 264 68 310 57 453 61 19 1 94 60 22 56 474 83 395 70 208 33 348 60 600 77 3 39 556 76 350 78 135 6 241 2 382 16 423 92 151 79
33 20 4201 537 54 130 25 380 92 352 49 15 65 389 19 547 13 108 76 260 5 182 55 586 67 58 52 60 98 238 17 54 84 164 79 149 27 120 76 438 71 485 75
34 20 4248 109 18 153 38 290 97 235 100 599 47 189 88 355 56 133 11 92 19 23 69 537 52 31 36 436 91 208 55 412 48 432 85 288 48 309 9 118 76 362 95
35 20 3448 189 6 463 88 189 40 48 51 323 80 5 46 222 60 220 67 208 84 256 13 154 99 340 73 278 18 478 71 51 21 148 98 405 6 112 54 147 64 75 40
36 20 5261 494 37 344 4 328 1 269 65 156 59 184 25 480 7 454 72 333 33 406 80 587 97 99 92 550 15 216 47 125 21 167 74 585 3 226 67 347 95 227 37
37 20 4001 112 45 47 20 277 64 566 83 132 71 180 14 316 63 387 75 222 24 64 26 329 74 10 61 393 6 294 25 231 23 525 66 422 50 102 75 112 91 281 95
38 20 6111 505 57 320 88 364 2 182 17 541 100 480 17 250 11 6 36 584 18 586 96 369 16 578 71 294 82 224 7 563 2 378 75 330 24 324 82 253 6 508 65
39 20 4019 247 81 196 63 577 35 25 15 166 96 433 64 162 65 548 43 327 96 220 4 35 42 468 53 240 31 175 26 71 71 108 37 521 4 25 50 123 16 357 85
40 20 4733 523 88 279 70 220 23 564 40 252 92 307 55 300 79 504 4 110 67 239 49 442 9 118 42 202 89 209 28 560 92 1 56 291 33 31 64 436 3 329 81
41 20 4871 244 56 272 22 80 20 30 26 194 68 108 57 311 62 550 99 532 38 91 64 413 22 481 44 590 14 480 38 261 64 83 50 427 34 375 64 440 14 127 72
42 20 5224 589 46 484 6 482 73 397 26 390 23 151 42 5 56 239 31 9 27 371 88 571 82 121 64 411 31 61 89 588 38 232 56 410 22 121 23 342 61 556 55
43 20 5506 257 16 565 75 599 47 577 78 12 37 519 41 30 50 452 38 351 83 7 39 436 5 284 4 70 41 300 59 548 75 287 45 445 22 210 51 561 35 373 18
44 20 6310 224 82 544 57 565 32 505 22 420 78 422 4 539 40 456 62 513 9 323 49 358 67 79 21 240 18 504 41 231 47 587 7 459 16 42 72 323 26 554 46
45 20 4585 200 93 563 22 14 80 154 15 599 71 461 88 497 16 220 20 26 87 98 43 199 47 361 61 3 86 482 93 360 65 30 5 256 89 458 19 509 43 242 37
46 20 4312 164 1 392 5 205 7 352 83 363 66 189 52 204 29 193 64 490 1 269 40 285 80 324 25 354 61 224 29 156 28 239 90 74 3 226 80 304 61 384 44
47 20 5728 544 16 222 10 473 72 158 78 495 4 196 45 371 34 195 10 583 42 495 67 222 7 332 62 421 73 543 13 448 83 232 27 519 47 37 97 507 1 168 57
48 20 4156 301 52 60 93 445 32 27 10 595 44 125 64 68 90 346 27 31 62 96 58 418 98 117 84 335 22 506 20 437 1 207 67 377 16 90 99 391 76 224 13
49 20 4023 176 71 111 11 130 85 397 77 57 96 206 55 7 48 521 51 537 60 313 19 219 78 51 9 274 33 375 14 269 18 4 52 105 72 549 64 181 56 547 53
50 20 3752 110 48 428 8 430 47 131 54 260 6 411 45 481 54 391 55 6 55 97 51 245 67 244 72 33 2 88 29 518 43 448 88 149 6 75 85 45 35 100 70
51 20 5393 234 89 484 99 323 8 576 65 392 68 120 4 520 81 177 22 596 22 389 59 216 77 487 31 57 26 238 74 562 75 577 74 562 12 155 61 22 84 55 71
52 20 4764 413 71 364 63 43 68 249 81 207 41 420 96 338 48 500 81 294 24 202 85 146 42 289 86 386 30 47 81 479 23 558 20 64 20 384 36 334 74 238 35
53 20 4616 105 47 398 67 495 85 168 45 401 67 258 59 346 26 2 94 589 89 198 85 490 57 461 4 339 87 217 13 330 83 6 46 214 58 230 57 451 59 73 55
54 20 4779 528 56 561 72 504 82 6 21 86 55 191 78 351 41 189 43 232 82 10 100 406 70 85 21 342 17 426 32 463 88 434 28 446 68 409 47 89 51 216 82
55 20 4806 126 75 236 71 477 12 1 86 327 52 454 50 567 48 173 15 79 60 432 70 210 6 534 13 22 68 244 9 438 55 567 53 84 18 335 52 372 40 330 96
56 20 4908 519 25 342 2 219 34 225 43 199 63 515 60 417 69 76 5 477 32 90 72 111 34 531 7 584 26 532 10 95 62 87 11 178 25 308 99 509 39 121 1
57 20 3955 56 12 39 32 107 66 243 86 197 31 373 40 447 18 104 45 526 16 307 29 201 1 400 67 287 51 267 96 90 34 301 28 290 39 297 36 91 37 321 86
58 20 4559 132 100 234 83 317 75 296 36 551 2 268 82 22 85 458 65 226 71 417 59 429 58 131 30 227 1 94 80 219 57 512 71 513 38 109 92 218 28 326 98
59 20 4507 106 65 265 91 561 94 299 14 51 23 274 43 206 13 75 32 598 63 429 42 367 30 377 67 298 89 151 76 348 85 98 33 283 68 538 50 61 13 249 91
60 20 4519 598 100 179 53 14 25 215 24 208 25 277 24 311 78 507 31 393 48 217 91 515 61 129 77 477 44 42 83 185 90 123 16 292 15 262 97 260 22 445 70
61 20 4917 282 47 148 19 186 59 533 8 360 1 261 64 183 65 327 89 242 34 431 25 543 64 142 33 554 99 255 29 321 4 182 65 455 28 1 9 152 83 589 74
62 20 3871 96 43 33 18 585 76 414 77 228 72 287 43 494 86 157 40 441 65 392 38 160 58 515 17 210 95 237 24 50 78 19 94 212 89 18 13 75 13 216 35
63 20 5176 173 99 484 24 267 100 545 24 322 73 425 65 11 8 399 11 25 96 98 19 314 24 528 59 399 86 170 100 588 23 517 77 390 26 491 43 106 23 218 25
64 20 4519 80 45 7 57 335 48 160 42 291 65 364 12 337 52 561 28 17 90 379 58 464 2 161 49 445 40 253 70 198 91 396 78 390 39 331 19 370 74 110 15
65 20 3988 405 51 555 91 187 69 214 47 234 96 75 46 358 20 326 36 527 78 135 48 266 90 321 93 355 70 8 55 132 16 285 58 327 34 110 29 73 8 92 60
66 20 4736 61 36 455 13 499 32 139 51 60 34 261 22 93 31 272 81 509 69 503 23 510 49 495 13 59 41 260 6 470 67 377 28 254 62 21 68 81 92 541 15
67 20 5461 438 9 491 95 475 65 489 93 42 44 88 28 530 3 227 10 74 60 140 68 112 94 482 39 584 92 442 17 222 63 478 64 276 92 377 1 449 78 411 7
68 20 4588 389 77 270 83 405 60 106 27 515 10 83 76 295 95 594 38 86 41 299 36 59 84 369 9 282 100 483 90 288 36 198 40 434 73 93 71 33 95 455 84
69 20 4068 302 24 61 81 45 14 583 44 177 43 357 34 519 27 122 96 290 18 163 48 212 91 290 6 375 41 577 17 189 10 485 82 90 62 63 80 179 80 7 76
70 20 5070 597 7 520 14 177 88 55 45 159 22 382 100 545 95 40 6 62 83 526 9 510 51 571 93 586 9 42 90 191 77 223 75 69 5 397 56 574 82 112 27
71 20 4061 153 90 375 67 118 56 172 54 313 64 3 72 88 49 206 89 36 77 211 33 247 40 492 24 414 14 388 5 233 94 204 11 139 26 417 67 518 34 350 38
72 20 5417 209 58 253 98 481 5 446 51 582 97 499 71 245 54 120 52 190 14 33 28 140 29 445 1 583 61 475 96 461 43 180 28 431 67 512 84 394 89 93 38
73 20 5443 570 67 349 15 174 17 305 91 169 64 45 14 272 4 462 95 524 65 464 97 514 51 271 49 330 60 220 2 322 78 586 11 588 95 356 68 46 66 237 25
74 20 4496 130 82 578 47 112 25 236 4 165 15 42 4 171 21 70 55 427 16 358 97 518 65 302 25 4 41 292 14 586 76 416 86 141 24 472 81 474 21 126 34
75 20 3972 8 54 128 30 272 88 312 94 58 89 221 62 561 42 81 95 424 91 24 60 113 71 377 92 107 39 242 15 465 79 93 14 495 30 370 80 323 54 292 13
76 20 5141 80 57 294 91 197 71 237 19 40 35 339 91 372 13 419 19 370 29 94 95 389 70 598 68 377 81 364 58 456 48 533 10 218 70 434 93 276 81 340 60
77 20 6351 251 8 377 45 216 57 531 64 467 41 471 62 486 57 415 13 544 21 307 82 545 41 478 14 542 55 421 25 312 57 259 2 304 35 431 96 316 3 266 90
78 20 3166 71 74 203 79 582 49 167 55 216 71 315 30 179 17 25 94 229 94 303 81 462 97 2 56 398 17 61 70 89 76 259 79 136 5 88 39 125 45 48 65
79 20 4377 531 73 9 40 241 82 335 55 187 89 242 10 156 47 338 48 369 78 81 46 233 24 186 46 361 66 240 24 420 43 70 20 367 43 335 28 276 56 495 16
80 20 4580 212 96 1 63 576 46 48 9 525 26 351 7 544 41 406 57 481 47 77 79 170 31 241 10 84 96 15 9 389 20 312 70 542 87 461 73 195 32 96 12
81 20 4880 19 46 418 88 438 22 205 49 246 65 139 28 398 69 284 64 409 72 448 18 197 43 394 26 292 39 212 96 147 28 575 29 283 32 473 64 42 40 481 48
82 20 5211 416 25 2 60 456 13 472 51 186 62 139 95 437 54 221 12 401 61 114 98 584 87 25 84 343 91 595 70 171 78 477 80 547 32 87 47 398 13 443 64
83 20 3860 85 80 456 73 68 18 475 9 600 9 68 27 26 31 216 83 164 6 395 67 365 96 466 1 297 18 143 99 474 42 135 46 221 12 143 35 2 13 27 75
84 20 5086 156 4 38 79 363 94 347 29 600 5 239 87 184 58 260 67 291 43 356 24 460 97 426 31 29 13 173 80 483 93 419 61 407 83 449 16 486 78 192 22
85 20 4943 310 55 97 21 302 5 390 69 151 55 162 25 20 58 123 17 467 32 453 40 571 100 263 98 416 9 549 77 195 39 516 92 515 73 116 5 396 96 167 32
86 20 5511 118 1 459 35 48 21 339 73 495 45 340 31 309 36 454 76 115 63 222 62 202 18 468 41 541 91 420 98 173 82 455 73 267 72 591 10 558 24 315 81
87 20 5576 122 84 404 33 551 79 381 92 66 15 408 11 279 81 169 97 479 6 428 88 314 82 351 88 581 70 575 64 62 46 406 22 514 8 95 90 195 9 590 92
88 20 5337 562 44 421 60 50 66 383 65 323 51 66 51 517 72 299 88 259 11 343 87 304 87 566 59 175 38 318 82 321 18 458 56 347 74 483 46 442 16 35 77
89 20 4094 148 51 3 69 460 17 406 5 19 84 546 96 154 5 101 1 497 9 277 42 376 74 95 84 16 75 540 59 120 26 386 28 274 43 46 54 222 11 432 86
90 20 4324 154 42 242 38 122 48 327 65 451 63 213 21 100 32 483 62 83 44 41 49 548 27 68 83 144 51 32 6 576 24 144 16 400 33 569 10 284 19 424 22
91 20 5328 127 14 363 85 178 38 544 83 569 61 176 15 515 16 481 47 179 90 360 67 64 82 496 72 541 72 198 6 138 64 563 70 219 80 93 79 537 88 320 9
92 20 5216 290 79 505 15 340 75 392 44 265 89 123 97 246 19 91 80 522 46 509 74 357 48 404 75 582 8 265 43 115 57 83 23 566 41 327 40 366 93 173 70
93 20 5612 424 98 531 28 523 44 523 93 6 1 563 40 194 62 570 97 508 24 379 63 114 67 463 81 446 98 89 40 226 100 227 72 120 51 546 26 164 39 399 7
94 20 5306 397 98 342 12 549 98 428 3 439 75 112 81 508 24 132 96 479 1 320 90 91 62 163 81 310 70 143 38 269 46 482 66 529 2 565 90 337 80 38 62
95 20 4996 191 19 29 16 522 94 365 33 307 69 182 6 159 14 172 92 52 33 352 60 449 47 565 28 480 52 267 64 135 18 373 71 502 49 283 60 399 5 462 8
96 20 4864 503 60 138 17 402 43 190 16 580 43 260 100 319 42 20 27 140 10 169 79 464 22 454 46 347 100 182 35 469 94 490 37 296 59 163 90 11 88 483 82
97 20 4675 558 61 440 18 51 53 227 91 335 69 529 54 287 92 62 77 420 79 28 60 478 19 164 78 157 28 311 75 151 91 53 61 533 41 427 36 421 8 212 13
98 20 3807 327 99 179 8 206 69 443 6 413 85 36 87 61 62 61 54 153 30 526 80 279 48 389 82 268 67 64 64 47 64 584 23 153 13 47 48 148 91 375 83
99 20 5126 416 36 509 96 278 83 425 81 241 99 32 55 432 88 537 67 396 74 100 43 137 82 301 64 367 55 25 13 569 1 114 14 522 74 482 30 13 92 512 30
100 20 4727 228 16 237 62 8 50 261 61 223 75 262 73 110 63 568 82 160 58 585 70 151 100 224 54 274 5 555 13 302 19 60 50 207 6 484 79 494 12 516 45
101 20 4416 387 77 371 98 240 73 166 48 408 62 501 40 563 24 138 15 225 33 237 49 29 56 324 81 223 76 20 92 48 8 67 90 190 84 317 7 524 10 542 76
102 20 4278 496 69 523 97 199 31 103 57 191 11 557 94 13 5 530 37 439 64 391 27 293 96 93 8 302 30 101 84 86 37 137 85 107 25 394 30 222 90 171 20
103 20 4314 299 19 350 80 508 57 389 82 112 9 101 20 237 92 173 37 336 33 550 12 368 56 53 62 58 50 472 35 412 85 212 45 79 86 57 7 166 71 461 13
104 20 4196 522 26 271 9 311 35 171 43 179 41 193 84 223 50 69 34 396 70 29 36 463 40 78 7 464 90 556 91 84 7 101 62 513 14 335 51 215 63 72 57
105 20 4980 516 65 219 76 480 52 217 89 51 98 571 22 31 75 42 11 57 56 568 12 173 36 244 94 389 26 493 24 45 80 565 76 348 55 428 22 322 56 467 5
106 20 4624 579 63 219 36 378 39 566 64 225 57 108 27 263 48 460 66 532 34 67 14 331 64 455 82 346 94 6 9 384 45 322 9 54 30 57 21 90 44 338 84
107 20 3904 597 76 314 69 107 85 51 21 41 19 209 22 286 86 87 85 96 92 77 16 510 18 315 26 88 12 489 22 107 43 164 9 484 38 245 24 232 26 381 92
108 20 4404 179 79 425 56 586 58 159 84 85 69 70 81 370 9 226 72 470 100 227 46 336 7 254 21 155 22 349 81 519 91 286 61 112 78 187 79 463 65 48 57
109 20 4001 55 44 3 7 48 48 101 13 481 61 268 89 41 87 126 3 256 61 381 17 527 62 457 11 349 52 316 95 414 1 42 21 207 22 497 35 42 36 391 82
110 20 4845 357 58 345 73 563 23 386 20 558 91 319 86 111 53 141 9 489 96 415 75 502 22 22 42 345 48 210 59 80 21 559 38 279 100 158 84 164 99 54 8
111 20 5181 578 86 459 56 365 45 368 43 164 81 234 13 277 67 556 65 232 35 386 90 492 65 414 68 126 70 328 11 203 71 150 27 590 21 277 10 197 48 81 40
112 20 5073 225 59 453 37 471 65 560 31 518 69 220 40 581 98 348 51 78 8 513 97 271 63 69 25 167 1 107 86 508 27 411 92 84 47 174 10 553 75 31 95
113 20 3771 80 10 316 99 391 66 22 18 195 36 50 35 242 92 476 32 587 93 231 2 288 41 212 73 67 9 199 1 103 11 173 56 235 30 99 61 462 67 286 47
114 20 5335 574 30 409 24 207 12 188 29 599 12 353 89 128 79 470 11 499 73 272 27 222 19 343 88 324 54 507 43 508 62 332 45 207 30 141 36 155 72 231 95
115 20 4608 454 41 131 52 396 67 19 92 20 57 561 99 110 50 264 43 106 76 589 90 151 49 332 18 584 5 248 25 40 75 158 33 505 25 313 97 306 33 474 88
116 20 5412 595 52 490 17 592 11 322 21 422 41 438 46 78 41 594 99 527 42 377 82 266 44 91 70 366 95 121 31 567 99 586 52 88 6 10 17 113 98 122 54
117 20 4886 195 54 462 58 188 68 458 47 207 82 30 5 411 48 371 27 329 40 84 47 350 2 549 69 235 65 87 29 15 1 189 4 480 77 414 88 484 77 570 9
118 20 4910 191 58 340 91 379 7 479 8 324 15 587 65 103 51 239 3 476 85 12 81 348 32 168 34 170 49 435 90 469 30 50 94 293 59 575 14 71 15 429 77
119 20 4670 579 44 400 69 524 10 136 50 20 67 61 34 380 56 371 58 373 80 141 74 567 80 155 60 455 49 23 3 502 81 32 31 275 35 211 40 239 31 394 72
120 20 4479 274 52 57 71 478 6 67 58 550 53 36 21 592 53 356 95 226 68 164 79 152 9 393 92 189 20 587 69 371 44 7 88 520 73 24 24 271 53 285 12
121 20 4387 514 69 237 67 58 81 513 6 121 78 481 37 147 74 104 7 142 60 190 55 456 86 371 14 331 74 579 67 67 33 351 65 227 11 96 93 127 73 372 76
122 20 4917 331 25 547 65 160 20 294 5 427 86 282 84 257 90 52 61 87 84 535 98 424 29 245 53 108 52 135 9 577 42 38 89 395 66 581 93 124 84 548 10
123 20 5338 131 42 39 97 575 75 552 29 367 49 359 96 265 71 500 50 81 7 308 29 355 84 595 100 75 33 194 10 575 45 490 87 503 24 289 87 132 85 288 69
124 20 5280 331 76 15 76 283 31 27 22 274 21 289 10 369 58 214 40 516 45 408 51 385 91 300 60 549 47 263 14 334 70 195 66 302 52 571 96 520 96 455 100
125 20 4680 559 97 594 20 38 17 398 6 306 41 18 41 22 93 364 89 597 15 401 21 246 8 92 11 446 15 81 5 26 96 461 5 591 30 388 23 98 48 124 25
126 20 5009 561 87 370 13 446 41 63 8 48 92 591 16 178 59 193 12 45 93 379 6 172 9 138 100 110 61 535 7 252 90 406 47 578 24 485 55 299 94 413 77
127 20 4576 494 29 549 92 28 97 306 50 508 33 469 90 234 27 220 82 85 78 245 36 303 28 11 66 57 39 455 36 516 57 579 49 97 75 287 10 270 49 8 2
128 20 5416 25 99 310 24 239 55 511 95 166 62 479 65 189 27 575 49 71 35 95 89 557 55 409 16 541 55 377 71 51 31 498 68 289 43 587 38 318 27 484 95
129 20 4524 544 11 460 6 259 31 332 3 94 71 462 40 294 83 444 100 65 6 417 6 6 39 51 34 463 62 376 91 415 16 357 84 28 97 14 3 386 53 189 58
130 20 3716 410 24 122 97 87 37 537 76 324 91 167 12 345 30 511 4 193 41 161 17 110 48 222 11 138 87 571 27 204 71 1 94 7 52 167 79 325 13 44 55
131 20 4160 159 95 315 21 418 91 479 94 89 9 415 98 231 85 582 49 378 84 93 98 122 16 175 39 492 42 18 33 67 72 106 28 458 45 235 19 138 100 231 54
132 20 4772 149 91 242 68 562 25 306 58 144 94 29 47 396 5 339 90 13 54 227 41 452 72 387 54 250 82 414 47 575 12 27 15 474 15 272 37 453 90 254 63
133 20 5149 281 60 505 77 159 40 430 16 464 78 302 28 386 17 477 63 307 33 437 85 482 97 398 3 112 8 319 56 354 20 123 37 87 88 410 11 104 95 300 83
134 20 4622 411 13 380 72 103 11 177 91 247 7 372 11 318 75 446 89 236 60 166 18 460 86 461 100 84 78 372 4 202 52 336 53 31 16 582 18 199 24 195 34
135 20 5177 570 12 228 3 50 15 306 39 175 73 90 15 423 46 550 7 295 11 374 49 90 37 355 77 409 11 588 37 396 53 48 93 338 25 494 40 501 54 192 13
136 20 4921 597 66 317 31 226 50 265 86 143 59 305 92 376 21 21 5 461 63 388 9 449 47 1 12 454 83 600 50 596 75 5 54 521 14 87 36 107 18 233 13
137 20 5240 347 83 558 60 552 49 407 25 596 97 342 82 138 58 291 76 94 53 357 73 480 34 83 66 545 44 494 89 571 81 158 50 45 31 120 21 346 84 27 53
138 20 4700 533 38 534 64 527 15 115 74 108 79 38 52 163 85 41 2 34 19 404 76 218 38 233 50 300 62 301 39 315 27 588 30 133 40 578 37 149 83 564 50
139 20 4279 80 47 576 33 249 20 437 89 312 46 214 22 368 72 87 19 200 44 412 16 270 40 172 90 309 77 263 32 139 92 37 2 152 96 465 26 261 97 346 5
140 20 4393 171 17 502 65 353 50 372 56 404 43 151 100 151 78 287 35 485 20 143 24 411 8 84 39 113 37 311 15 15 64 105 78 339 30 251 35 299 49 545 11
141 20 4812 508 24 141 55 136 14 358 56 66 21 201 46 254 67 81 8 590 88 280 37 354 33 422 25 195 74 152 63 210 75 522 21 422 96 479 80 403 17 241 55
142 20 5560 439 8 430 50 213 46 469 5 600 12 265 13 55 64 504 28 323 96 424 98 33 73 565 2 380 79 409 98 343 10 386 92 227 56 110 84 362 78 413 17
143 20 5513 61 36 111 6 421 81 507 60 579 83 184 78 392 87 506 29 300 77 188 61 260 41 565 72 485 3 153 47 383 30 326 32 187 49 134 81 556 85 594 33
144 20 5096 317 5 440 13 392 57 497 56 13 31 133 21 554 7 359 2 20 58 600 32 246 47 495 17 280 93 581 58 230 19 205 7 404 28 270 10 263 89 72 63
145 20 5373 205 2 450 93 185 17 372 27 376 50 551 51 570 28 339 95 329 98 244 83 102 85 83 35 501 23 276 40 272 51 521 72 318 54 568 49 191 30 264 10
146 20 4624 57 21 343 27 196 70 163 17 360 38 486 94 334 1 18 60 24 60 414 99 67 74 394 30 592 57 300 48 94 71 588 33 441 16 168 6 400 58 342 60
147 20 3972 14 14 33 54 538 55 228 38 425 54 52 82 387 18 471 36 570 12 220 9 100 69 46 18 556 72 116 93 99 62 86 22 281 45 188 100 452 54 103 7
148 20 4072 559 82 171 5 49 58 341 24 257 6 194 81 600 27 219 4 73 69 290 4 352 34 350 1 143 77 286 12 589 7 38 27 62 60 126 74 93 87 298 30
149 20 5004 567 78 521 79 242 46 363 49 252 96 476 12 85 69 252 3 344 58 234 7 396 64 416 52 169 65 565 36 372 30 290 78 300 25 58 86 232 5 121 86
150 20 4230 88 62 229 82 26 73 402 16 56 4 474 10 107 26 568 27 287 36 111 95 586 31 106 78 497 27 426 22 57 81 535 84 347 74 55 82 69 23 262 41
151 20 5349 535 95 193 39 535 7 123 76 286 50 85 27 384 23 275 46 200 90 394 4 459 57 254 95 24 66 525 6 321 52 276 24 488 5 463 92 542 21 325 80
152 20 5495 547 52 134 76 50 42 560 70 535 65 249 8 45 76 582 6 508 51 523 47 540 57 329 62 506 51 380 18 210 56 259 58 120 17 3 41 261 66 528 22
153 20 4256 234 49 500 99 116 52 300 81 227 21 270 53 66 50 178 8 418 67 97 27 383 14 542 49 75 58 420 92 212 24 404 27 259 76 344 5 275 19 1 69
154 20 4657 93 21 300 58 62 64 302 73 458 33 497 97 401 19 455 99 76 4 382 94 325 44 103 72 594 25 500 81 60 64 143 24 577 46 154 63 241 67 99 18
155 20 4832 132 4 270 89 437 55 207 28 287 84 13 39 95 33 482 60 168 14 389 12 1 45 462 88 327 28 600 2 333 4 100 29 310 38 526 7 538 58 363 92
156 20 5071 361 37 218 9 37 71 114 45 399 9 521 25 478 50 430 45 567 25 447 52 312 93 5 35 273 69 458 68 19 86 352 56 596 38 206 17 519 4 27 6
157 20 5063 1 90 294 18 385 2 537 22 95 52 301 20 362 22 334 16 263 7 346 24 215 97 580 70 475 35 584 31 417 84 90 2 209 52 217 64 135 17 489 84
158 20 4664 401 5 512 1 19 94 170 18 565 44 295 10 203 12 456 46 328 20 209 5 285 11 162 8 137 98 178 49 81 32 372 98 517 44 346 98 24 74 571 29
159 20 4307 136 3 104 60 161 90 45 78 166 41 118 61 492 28 579 18 249 2 505 56 289 49 367 90 222 89 212 88 287 53 79 7 449 32 398 83 486 53 40 100
160 20 4480 165 100 19 91 369 87 119 26 314 18 519 95 302 65 281 79 276 69 341 87 86 37 184 47 135 98 156 50 3 75 471 36 540 14 457 33 407 25 457 38
161 20 5152 93 85 80 16 317 88 493 64 92 27 539 38 210 97 429 51 287 57 215 49 314 42 434 91 453 4 586 71 183 15 159 12 228 93 425 71 540 54 364 42
162 20 5474 18 41 278 83 475 57 301 31 398 90 507 48 142 56 538 21 244 60 236 97 424 77 524 52 58 85 469 11 152 84 552 69 475 34 454 9 36 47 562 97
163 20 4516 353 78 123 94 140 89 215 73 341 100 227 20 507 20 84 82 413 81 510 14 8 28 279 51 377 89 127 53 345 14 258 27 22 100 296 72 559 94 461 40
164 20 4388 48 10 258 11 137 5 145 70 413 62 170 64 432 12 347 71 343 3 72 31 585 35 505 80 55 47 21 47 449 79 160 36 429 100 481 15 115 21 320 23
165 20 3777 238 82 165 1 46 82 575 64 397 33 550 79 201 1 139 28 184 86 32 38 141 41 477 74 132 58 477 95 91 2 286 35 120 20 36 27 13 66 422 93
166 20 5184 84 24 459 3 579 98 387 14 266 30 271 82 414 6 305 72 490 28 3 42 317 10 511 67 263 76 139 87 230 100 528 47 58 66 553 41 253 93 370 64
167 20 5276 302 23 237 60 398 17 431 45 4 12 278 45 527 72 27 15 259 22 228 57 414 73 62 31 465 94 591 50 592 62 411 31 283 7 539 67 51 62 497 73
168 20 5320 557 27 137 96 376 2 596 45 429 26 67 93 322 73 586 8 498 48 233 71 381 18 506 92 9 87 491 49 306 88 52 39 36 12 429 21 594 96 45 47
169 20 4181 480 68 551 27 43 67 187 17 240 78 377 25 37 78 499 54 97 46 101 3 165 81 376 59 194 27 183 96 120 72 600 82 91 25 164 64 217 10 505 95
170 20 5010 519 69 207 78 94 96 494 60 551 91 206 36 141 67 32 90 582 49 246 62 433 45 184 71 462 14 80 57 36 45 382 63 534 52 479 51 189 56 412 25
171 20 4115 473 32 42 85 523 22 311 78 329 90 110 85 321 24 539 67 327 59 297 85 78 76 97 57 17 46 306 15 105 94 136 52 314 86 194 89 35 40 590 68
172 20 4011 76 11 10 59 16 67 230 89 11 11 580 32 140 19 547 75 169 55 204 35 233 68 148 42 439 82 34 37 483 16 534 26 102 66 486 43 98 10 474 20
173 20 5343 135 28 148 86 561 57 474 80 363 7 155 63 14 23 474 38 131 92 373 12 199 38 544 42 342 17 272 1 510 9 268 77 425 20 361 4 541 71 389 30
174 20 5848 537 89 365 18 587 86 365 56 357 57 383 53 405 7 419 56 211 33 600 3 204 40 332 61 427 92 575 21 510 20 191 25 261 94 503 2 38 41 41 64
175 20 3230 220 21 437 22 337 56 95 19 98 72 173 25 152 18 339 20 86 8 13 93 469 54 73 95 83 89 257 77 113 21 419 62 447 14 65 95 118 12 44 10
176 20 3944 86 84 543 55 198 78 190 79 554 58 385 65 369 85 319 71 369 57 119 31 14 20 110 54 249 92 532 95 260 57 37 16 69 56 195 100 92 33 241 99
177 20 4940 449 16 324 56 497 66 437 28 318 99 393 23 501 66 130 96 12 99 373 13 11 61 539 90 122 2 531 73 205 29 479 66 100 7 111 93 575 68 68 29
178 20 4338 369 25 122 70 232 78 598 94 214 42 223 60 49 52 262 76 521 71 452 75 430 35 211 1 579 2 149 41 248 33 67 77 246 87 132 46 110 9 209 40
179 20 3985 204 28 77 54 266 94 286 98 201 37 477 86 594 5 479 9 350 86 133 1 106 1 175 40 132 38 79 70 347 81 258 83 300 26 89 8 45 85 384 100
180 20 4851 168 48 551 68 292 10 39 3 222 75 289 55 85 94 419 52 81 7 72 25 226 64 532 38 499 9 502 2 107 32 374 9 326 95 182 53 594 79 504 15
181 20 4979 78 21 457 51 355 13 290 9 540 15 120 64 291 63 451 90 275 69 530 35 148 62 123 88 377 61 489 31 13 35 468 58 506 67 111 5 471 48 131 14
182 20 4560 381 1 60 76 78 26 168 90 366 45 599 77 569 42 17 33 419 18 223 39 575 52 306 90 127 61 118 44 424 70 76 92 323 5 440 6 164 78 267 63
183 20 3735 315 78 196 93 179 7 310 82 47 36 46 39 185 47 44 16 248 62 517 56 277 76 227 74 313 98 92 17 284 50 224 18 247 37 262 47 264 19 392 5
184 20 4800 85 15 125 28 404 86 585 58 128 59 227 10 536 65 305 98 78 61 398 5 347 54 357 98 579 75 48 26 395 46 483 25 591 50 57 8 74 7 199 29
185 20 4744 140 45 554 87 226 86 277 7 69 10 149 54 250 42 398 11 414 69 234 31 264 77 469 51 165 90 584 30 447 40 45 42 572 61 38 10 542 5 93 24
186 20 3007 16 33 16 48 20 81 97 53 117 99 27 51 502 95 316 46 465 6 296 91 76 83 220 94 11 89 473 98 163 73 159 92 10 70 152 37 577 99 46 64
187 20 4280 255 91 317 27 84 2 266 77 272 98 492 22 453 21 332 28 329 86 37 28 560 72 498 42 205 78 88 86 421 21 225 32 121 37 217 60 131 77 48 60
188 20 4718 153 51 517 73 540 82 218 46 488 28 316 54 335 81 61 86 41 28 226 45 545 9 428 71 388 50 381 22 247 22 457 92 123 83 112 13 141 67 181 91
189 20 5144 366 2 472 32 427 18 48 17 518 45 480 57 460 27 332 50 201 46 244 92 400 8 524 70 180 85 5 34 404 9 296 26 156 47 9 82 560 13 349 18
190 20 4576 500 60 424 100 94 63 389 12 86 35 155 19 191 78 312 14 43 35 387 15 238 59 335 84 470 15 26 54 264 45 536 93 191 8 394 53 559 44 126 80
191 20 4623 402 100 369 60 333 15 322 84 311 78 581 44 24 62 105 43 326 60 215 22 148 50 359 84 347 19 297 73 50 85 437 27 73 14 396 21 561 10 123 31
192 20 3803 44 67 178 79 20 4 233 32 306 75 105 76 432 59 9 62 40 42 31 94 268 64 457 39 147 44 515 52 447 32 241 23 241 82 322 45 501 82 217 78
193 20 5784 263 22 495 65 426 24 170 49 441 53 159 78 575 39 83 45 288 78 581 21 497 76 499 50 382 50 220 85 523 59 225 92 328 7 357 74 296 57 422 8
194 20 4497 303 84 507 10 517 36 93 65 23 96 297 61 451 12 118 38 16 73 31 13 559 80 377 96 157 28 417 21 539 23 227 59 362 56 278 19 203 15 147 2
195 20 4727 201 21 23 31 552 14 223 61 105 11 589 53 260 99 135 46 239 42 129 83 247 58 48 8 161 42 166 26 355 79 324 7 541 38 545 25 515 26 551 91
196 20 4883 434 88 577 43 43 62 313 59 186 59 533 65 45 47 477 18 255 15 280 62 577 46 77 5 465 17 267 54 509 14 134 1 123 29 224 40 180 72 405 37
197 20 4860 413 12 598 31 137 40 343 37 493 86 135 65 226 17 366 48 282 21 170 97 87 37 592 17 561 89 305 83 282 71 213 75 308 46 489 62 71 26 4 49
198 20 4902 305 62 415 81 485 24 350 69 255 63 71 31 292 84 56 35 468 16 335 94 253 89 481 7 231 57 103 31 492 87 39 77 304 75 490 74 417 32 286 4
199 20 5563 389 8 439 3 588 74 338 93 84 42 424 62 466 71 489 47 20 77 13 43 501 36 372 29 54 46 388 79 593 25 450 38 265 81 308 40 418 57 355 93
200 20 4479 378 7 67 20 408 55 380 28 430 68 69 23 300 43 279 36 185 23 221 22 526 95 556 90 126 50 278 48 99 90 14 74 335 66 130 76 493 45 325 30
201 20 4764 311 31 64 55 565 49 253 34 275 15 201 12 474 6 260 78 64 62 115 41 101 43 483 46 569 80 296 64 429 16 425 92 344 50 206 42 400 6 120 50
202 20 6119 186 51 565 78 592 18 548 36 41 43 122 49 578 80 554 95 374 31 201 89 212 23 288 72 496 46 598 77 561 99 340 86 232 6 572 22 179 54 410 81
203 20 4632 152 64 332 46 89 36 342 71 421 66 168 77 562 70 493 50 354 11 89 43 181 83 9 26 394 22 399 83 540 55 417 56 91 27 263 71 153 68 341 49
204 20 4079 362 56 231 47 73 74 192 73 45 42 560 97 43 62 492 61 203 40 530 57 551 46 151 33 273 86 194 24 134 86 104 84 37 81 194 31 334 35 396 47
205 20 5519 482 96 318 95 15 99 60 1 502 45 29 97 393 52 481 45 240 38 530 80 41 51 303 4 581 36 32 24 459 22 474 54 528 29 543 67 537 82 351 97
206 20 4520 497 60 353 55 146 59 449 8 86 36 157 97 448 19 61 53 211 62 381 49 414 94 334 5 163 89 534 6 416 91 14 12 475 92 339 82 67 18 105 20
207 20 5872 435 68 366 14 597 37 436 90 538 84 354 33 53 75 393 41 500 26 551 8 407 87 78 86 407 56 20 11 491 13 550 73 65 75 480 16 166 94 454 5
208 20 3556 25 69 261 61 298 56 22 65 582 29 264 55 171 45 384 7 16 98 473 22 401 97 15 41 422 19 51 83 302 27 115 62 26 18 136 80 218 45 263 26
209 20 5596 488 12 468 20 420 90 540 46 330 56 50 93 407 4 18 58 549 72 475 14 587 20 420 50 223 13 262 93 585 70 276 62 237 24 258 94 300 11 103 28
210 20 4115 207 35 327 64 352 3 248 2 490 54 1 18 215 81 4 86 253 88 392 25 571 50 418 83 65 68 387 76 156 59 272 12 10 1 167 88 178 1 431 67
211 20 5161 509 96 560 79 13 5 516 69 36 57 140 5 275 2 553 63 565 64 333 25 474 91 503 27 127 72 453 99 261 100 61 69 341 43 538 21 39 1 155 28
212 20 4320 184 60 173 98 208 56 106 85 153 92 58 100 590 67 40 66 533 61 329 20 594 61 439 8 572 20 231 85 503 69 10 25 278 5 251 13 86 1 63 33
213 20 4747 404 87 71 18 152 38 39 89 514 63 199 35 64 44 535 31 415 39 570 49 308 51 385 98 406 31 214 94 209 72 588 7 146 99 59 67 412 93 244 18
214 20 4821 204 93 288 61 342 92 376 34 317 25 540 74 131 91 50 41 357 68 370 28 482 32 201 3 398 29 389 52 140 35 355 40 183 44 164 78 503 25 237 46
215 20 3126 84 97 194 67 214 24 309 16 224 18 19 91 302 22 113 10 18 2 412 82 70 59 242 9 97 96 130 77 127 62 231 48 585 91 233 32 90 78 214 48
216 20 3742 59 63 247 78 374 44 90 88 23 22 227 43 64 37 575 37 446 100 348 19 192 27 44 45 38 11 540 19 504 32 5 85 328 78 348 22 108 75 118 84
217 20 4098 543 42 203 51 451 45 448 69 336 88 343 79 222 32 545 46 123 86 161 26 6 72 11 62 300 89 1 11 69 59 370 1 248 57 161 75 560 92 22 48
218 20 5483 151 29 176 64 2 79 65 47 394 62 313 62 484 77 416 26 487 12 578 18 542 43 231 72 318 49 371 53 380 44 490 12 320 42 334 22 500 60 302 83
219 20 4452 159 75 34 46 296 36 41 44 486 5 404 91 88 28 483 47 307 3 412 52 427 17 355 23 263 33 389 10 122 82 80 53 520 18 310 7 130 73 259 15
220 20 4843 172 82 101 34 245 94 268 54 371 49 475 60 362 96 144 74 434 52 226 73 591 96 218 77 386 31 159 59 310 40 455 44 428 69 2 68 311 7 396 99
221 20 3864 33 14 292 92 213 46 593 26 253 65 78 80 332 33 197 69 96 2 241 100 28 82 347 7 600 25 14 35 139 92 117 78 570 91 191 91 410 52 87 19
222 20 4904 308 73 2 63 451 92 385 33 592 55 424 27 496 91 308 6 404 18 172 20 272 68 381 51 308 22 284 44 19 77 45 62 573 77 224 65 1 40 482 99
223 20 4362 194 78 415 71 177 48 268 92 242 96 82 73 452 82 122 75 289 74 251 58 487 83 69 51 12 76 6 77 597 87 301 32 585 28 151 95 504 68 249 61
224 20 6064 555 89 579 45 428 10 485 24 201 75 521 73 401 84 276 69 498 58 213 21 507 77 525 51 176 16 310 58 454 37 235 58 121 8 328 6 367 99 401 3
225 20 3724 39 69 386 43 340 98 400 80 3 35 97 84 254 42 28 85 448 63 257 62 37 54 86 12 108 13 359 52 371 32 161 86 420 66 123 9 359 81 380 85
226 20 4752 360 91 206 28 510 1 116 36 207 17 179 4 597 72 291 50 50 15 25 80 1 43 345 41 468 5 17 53 396 25 499 22 315 58 590 100 315 22 453 23
227 20 4772 243 63 578 15 314 87 137 14 314 66 371 21 482 59 360 79 483 9 589 69 120 61 131 82 240 65 206 36 301 19 300 38 93 20 362 60 286 57 55 16
228 20 3439 133 50 125 12 47 33 19 89 104 88 517 90 102 54 38 83 473 88 210 39 295 14 5 32 449 55 46 100 504 21 72 23 356 28 255 91 300 26 249 55
229 20 5648 198 26 24 38 122 37 538 98 539 47 526 53 503 8 235 37 278 61 386 17 249 28 575 64 207 57 200 80 592 45 372 49 590 19 95 37 306 79 525 75
230 20 4874 439 32 445 2 497 95 233 37 172 55 62 44 81 50 115 80 274 81 476 54 146 47 574 56 599 14 551 76 334 88 54 32 143 86 294 32 300 70 304 54
231 20 4681 314 63 39 77 27 63 399 3 428 64 394 20 194 47 517 39 104 91 381 40 246 33 175 37 547 63 338 57 518 54 90 65 144 71 164 90 271 52 562 21
232 20 4503 146 26 215 80 159 87 151 56 457 100 229 81 583 87 548 80 546 3 62 2 118 76 417 93 235 71 450 15 27 23 409 1 368 27 206 69 51 100 252 75
233 20 4528 22 53 1 42 66 6 116 26 284 52 260 42 225 11 186 100 491 10 531 10 442 77 139 61 139 4 237 93 573 61 508 20 295 67 450 97 237 79 459 3
234 20 4692 376 37 339 83 448 38 119 82 358 51 76 1 460 86 117 38 135 84 579 82 79 58 299 61 425 55 317 24 404 72 385 42 80 20 371 55 405 42 94 36
235 20 4829 516 21 261 23 337 51 233 52 573 31 293 82 381 5 153 29 434 65 58 89 148 54 230 67 521 71 373 98 423 43 180 44 169 57 17 69 154 24 583 93
236 20 5330 312 63 500 53 53 73 574 60 341 79 51 52 536 80 35 8 42 70 458 3 549 24 504 41 421 6 336 9 4 53 490 28 95 85 564 62 263 26 535 62
237 20 4850 433 2 558 65 463 20 314 12 365 43 533 60 477 64 401 5 46 7 92 34 489 35 192 2 299 62 139 99 275 88 38 98 278 21 165 64 176 91 330 3
238 20 5264 425 79 34 83 402 60 562 71 309 17 473 23 227 21 560 4 440 66 385 45 192 44 135 49 157 81 291 5 333 53 76 3 221 78 463 12 405 100 491 20
239 20 4911 305 60 398 39 477 76 237 31 148 37 500 46 281 59 17 31 11 52 80 57 496 1 489 84 9 94 563 37 295 76 507 40 204 49 566 90 356 7 200 13
240 20 4701 389 51 6 81 232 86 504 30 472 22 175 37 183 51 478 10 359 99 279 43 198 78 7 15 536 22 376 42 176 7 63 65 63 75 378 82 597 99 406 45
241 20 6152 364 17 278 24 345 90 432 22 57 34 117 13 544 100 369 38 443 72 388 23 526 4 349 42 298 33 546 26 340 30 507 22 575 20 408 72 343 18 462 77
242 20 4319 517 5 188 40 103 33 40 25 324 69 10 25 448 30 87 53 563 28 139 19 96 56 313 67 240 68 390 78 402 59 234 48 265 79 448 76 432 7 160 78
243 20 4211 519 2 172 30 572 39 25 8 262 78 344 32 17 50 283 70 179 16 440 29 598 66 227 1 114 87 346 76 366 5 11 22 329 45 1 67 383 62 76 74
244 20 3912 361 92 47 100 193 75 246 54 21 19 106 91 485 38 305 79 46 47 583 34 346 61 3 17 43 70 78 5 170 24 523 35 173 29 317 66 250 54 594 20
245 20 4704 436 34 443 96 78 99 1 48 211 32 530 59 415 24 322 79 408 94 129 42 511 3 339 69 305 52 112 98 8 50 493 28 197 37 476 70 426 49 40 51
246 20 4859 256 79 384 66 302 57 467 81 342 95 153 81 24 31 591 22 284 98 494 8 424 33 138 77 507 8 265 20 2 44 251 30 24 31 490 31 463 96 213 85
247 20 5600 4 40 576 98 378 29 383 1 301 36 527 53 458 61 194 73 529 29 597 50 497 100 28 3 342 56 511 91 119 2 303 39 387 82 335 83 229 56 303 38
248 20 5745 371 45 254 46 459 75 422 65 465 64 560 68 570 11 461 1 252 36 327 28 187 31 239 13 131 59 459 66 424 54 331 98 143 63 445 35 258 95 424 59
249 20 3605 90 95 338 52 82 85 213 74 191 97 33 57 179 51 424 93 167 36 10 44 497 8 480 98 197 34 108 10 168 5 247 34 7 46 226 86 282 87 568 66
250 20 4259 214 19 123 95 125 73 119 46 433 57 356 67 565 66 27 96 97 58 68 54 71 97 525 48 207 48 132 48 241 38 433 88 443 26 495 47 464 2 186 35
251 20 4216 506 90 41 57 185 97 589 34 145 28 350 23 162 81 145 59 587 10 145 87 77 9 286 65 493 71 61 81 130 92 272 44 31 97 443 66 528 29 94 25
252 20 5322 238 87 32 67 428 20 586 27 580 66 447 24 211 45 559 9 184 39 425 98 67 83 418 2 25 33 501 41 120 28 385 84 545 13 226 67 115 82 561 93
253 20 4668 278 86 93 58 130 28 260 73 357 52 244 61 418 43 41 93 462 4 404 68 203 34 544 15 401 66 132 33 348 16 186 51 42 90 306 82 466 47 521 84
254 20 5273 430 3 285 44 422 10 414 53 463 87 58 87 464 68 42 14 533 91 307 56 333 93 119 66 353 40 204 35 388 11 356 85 338 81 492 77 580 7 11 82
255 20 4668 464 48 135 91 195 13 363 15 3 19 495 84 97 78 452 89 45 44 439 35 205 77 579 99 419 55 79 46 435 44 198 31 400 75 521 78 305 79 6 32
256 20 6044 329 90 352 82 585 33 185 63 466 45 488 23 385 39 248 17 304 42 343 52 333 42 540 6 24 71 578 65 505 35 596 31 317 7 202 85 408 43 367 25
257 20 5125 103 77 433 9 590 44 443 88 381 37 556 29 227 30 249 36 275 97 241 11 487 7 341 21 390 28 19 49 593 22 1 61 76 99 205 44 552 25 245 41
258 20 3815 224 34 137 26 520 36 272 80 94 10 76 67 396 45 304 18 52 15 153 75 400 46 288 62 277 59 5 9 392 68 206 55 225 12 23 10 311 47 414 35
259 20 3752 214 49 25 96 108 23 54 96 158 56 538 46 16 19 5 46 497 41 496 14 520 52 155 68 161 36 132 9 23 71 540 75 276 77 432 24 323 44 17 75
260 20 5447 580 47 371 29 91 69 202 23 129 54 121 55 593 92 471 28 403 78 456 53 572 70 445 68 64 40 406 27 470 62 194 60 295 79 78 52 531 43 337 77
261 20 4506 174 63 563 70 294 76 312 17 31 20 353 98 372 33 301 62 501 66 113 53 63 11 444 81 217 40 395 37 388 44 285 89 197 63 146 50 14 13 470 25
262 20 4957 407 5 552 11 21 18 457 85 204 3 76 52 462 91 38 3 113 78 319 20 512 74 335 26 488 65 114 3 174 62 46 30 583 92 580 10 133 87 583 26
263 20 4988 401 92 453 20 442 53 237 40 171 14 360 97 469 25 413 47 55 98 587 26 441 40 92 50 521 35 65 50 397 13 395 29 177 90 418 59 112 97 29 82
264 20 4195 310 48 208 11 393 13 134 78 345 58 187 42 48 25 46 62 423 18 563 52 221 12 499 20 73 38 78 100 190 40 208 50 557 20 157 50 529 6 75 17
265 20 5268 300 70 244 77 545 85 449 21 516 84 137 9 588 66 245 83 52 6 331 56 444 87 469 70 402 92 497 24 347 10 214 87 351 53 131 58 290 67 33 83
266 20 4960 24 67 134 85 160 12 67 72 264 68 329 94 539 78 583 64 272 4 344 8 209 90 471 27 44 24 489 72 356 67 418 82 364 68 91 21 488 94 555 93
267 20 3827 186 21 359 37 458 55 284 99 130 24 324 79 255 88 248 98 31 22 435 35 397 17 175 54 79 87 187 34 533 55 101 18 81 94 248 67 260 57 13 9
268 20 6341 161 22 368 36 300 36 519 100 464 64 338 76 599 65 338 26 377 28 414 80 483 91 384 47 369 33 343 49 29 81 458 37 401 67 568 90 461 82 553 67
269 20 4397 8 17 421 14 30 11 32 59 341 36 500 35 297 55 47 62 271 42 251 78 444 90 406 84 424 9 196 35 378 73 323 3 134 74 346 24 137 40 511 35
270 20 5632 435 36 44 54 176 84 536 64 123 31 521 74 428 71 545 22 213 32 519 77 326 88 240 62 61 19 335 26 484 22 445 32 583 94 198 57 325 4 503 90
271 20 5087 113 69 283 80 414 59 47 69 559 75 490 61 293 66 360 22 32 56 333 63 313 27 577 73 475 67 524 18 192 99 127 58 218 65 219 72 472 98 318 25
272 20 5364 411 36 211 11 43 66 273 25 165 81 207 99 116 89 512 82 401 74 527 78 572 86 357 81 182 40 99 68 497 25 477 1 306 24 245 13 532 84 573 27
273 20 5626 559 47 350 1 115 48 581 95 480 28 323 86 177 6 461 7 58 99 184 78 386 12 260 53 507 88 529 7 368 87 437 23 286 45 488 25 23 73 461 56
274 20 5275 475 27 478 72 309 66 415 59 250 11 304 66 209 55 402 88 387 52 411 83 514 3 15 27 345 37 346 99 380 87 241 69 101 35 494 38 150 39 368 2
275 20 4548 421 54 594 52 93 53 77 60 90 92 294 88 313 51 327 100 35 67 456 55 190 40 567 64 555 22 281 67 264 84 419 50 86 22 198 11 291 100 135 71
276 20 4594 17 98 185 16 45 13 338 76 39 73 420 13 288 27 390 45 120 94 552 40 125 71 61 26 381 55 269 77 154 68 478 64 402 63 459 58 441 58 579 91
277 20 5165 297 7 286 75 291 42 545 93 507 70 425 6 536 84 250 65 577 92 362 14 290 96 63 85 227 67 86 32 254 27 305 26 389 85 482 17 267 77 18 17
278 20 3732 447 23 258 34 60 84 500 34 274 89 90 24 405 47 64 87 423 85 528 13 68 42 30 22 42 42 552 18 388 60 88 54 88 55 97 84 225 71 39 5
279 20 4413 119 45 264 64 196 83 123 33 84 46 278 84 91 76 244 57 531 26 344 38 149 81 61 79 277 27 111 17 597 69 580 80 383 49 539 78 272 96 274 67
280 20 4028 186 46 204 96 457 19 420 10 180 80 119 19 20 13 52 50 297 97 586 10 70 91 176 8 546 85 402 82 80 96 149 46 196 83 560 23 326 82 10 11
281 20 4652 90 20 90 57 390 15 195 22 321 89 443 80 575 45 319 26 530 98 315 25 68 32 239 31 120 83 577 33 100 27 399 92 505 79 208 3 13 13 318 77
282 20 4861 371 76 489 11 142 49 315 45 217 24 233 90 547 53 59 35 377 98 77 69 438 17 497 1 483 18 578 77 308 43 136 16 208 1 255 79 325 37 22 49
283 20 5208 44 36 60 34 477 37 338 58 175 1 143 61 581 59 594 55 558 57 589 77 141 49 556 82 441 91 96 35 128 15 586 38 155 38 437 57 401 13 10 49
284 20 4571 599 39 68 38 336 95 395 52 517 53 8 2 187 10 13 9 453 67 563 83 29 83 456 64 99 47 153 100 323 73 68 18 100 76 187 85 587 11 573 72
285 20 3977 475 61 157 67 456 80 120 15 384 91 247 80 96 1 415 66 316 66 242 91 93 38 358 85 24 72 86 77 353 21 398 93 220 2 379 7 126 90 27 60
286 20 2728 41 9 33 73 311 33 71 33 176 73 16 3 110 31 53 3 18 72 54 91 42 90 411 75 19 93 153 11 255 96 234 51 349 64 559 83 312 82 193 58
287 20 4340 453 93 199 42 574 98 255 50 412 25 282 45 61 100 249 53 6 90 122 88 517 62 582 29 179 60 327 79 227 85 154 37 99 77 23 49 256 70 449 95
288 20 4622 76 18 346 30 142 44 313 4 312 68 406 87 385 37 495 51 483 63 599 95 502 74 56 83 572 49 76 41 80 46 402 6 274 38 156 57 16 16 87 19
289 20 4108 17 73 310 65 349 16 302 31 104 58 360 1 488 71 372 58 110 29 474 23 8 5 163 23 67 100 575 10 253 27 150 93 495 73 174 3 88 67 277 43
290 20 5485 121 65 464 47 48 92 460 60 252 98 174 47 489 83 286 86 195 65 352 87 236 57 513 82 539 12 172 59 520 16 388 10 443 49 207 51 578 32 420 95
291 20 4606 187 12 226 47 381 45 303 76 477 62 162 29 218 89 245 2 36 94 220 3 109 33 131 6 415 29 480 49 56 39 547 87 429 75 302 21 254 8 580 39
292 20 3832 429 22 396 17 119 74 241 55 124 31 94 48 118 69 141 23 504 70 549 84 104 60 468 87 39 45 24 25 327 1 322 21 17 48 247 64 160 23 368 49
293 20 5186 467 36 79 100 410 50 344 94 286 36 50 46 494 89 248 27 267 20 488 17 210 74 579 49 541 56 114 56 364 80 446 66 406 32 242 33 379 50 69 97
294 20 4326 371 15 80 16 76 35 564 9 119 97 165 1 26 81 28 98 187 37 2 14 535 30 430 44 392 55 455 99 276 82 303 83 283 98 493 79 266 43 357 3
295 20 5016 149 58 292 88 246 76 104 18 162 67 507 16 243 78 171 74 528 85 286 51 464 51 591 34 151 26 210 79 405 73 542 55 284 19 268 39 276 14 391 95
296 20 5912 510 85 157 8 440 76 366 10 311 87 532 43 48 73 552 59 561 96 431 24 38 33 63 79 496 26 549 45 506 34 110 79 354 84 459 37 354 44 553 91
297 20 4481 460 39 147 19 281 93 14 11 359 13 119 85 339 41 222 94 578 59 129 45 161 24 580 21 320 54 329 80 481 5 407 96 40 65 200 43 305 82 131 64
298 20 3735 477 28 5 72 154 100 48 69 440 96 102 77 222 57 224 83 474 95 459 97 287 44 96 61 20 99 16 8 403 4 86 2 322 74 221 4 230 38 383 80
299 20 5133 286 76 484 34 409 74 338 18 246 87 253 49 56 18 186 7 219 59 515 10 361 65 522 3 533 88 259 4 232 69 370 10 454 100 432 99 162 93 100 1
300 20 3968 183 79 93 28 229 13 117 12 87 14 145 64 186 40 304 34 211 50 459 91 51 31 507 93 93 77 356 59 44 16 296 89 318 60 487 90 566 71 228 32
301 20 3032 599 12 320 6 132 51 85 73 258 16 372 60 101 96 42 83 596 39 135 46 164 62 97 62 299 72 247 5 41 26 143 78 42 62 92 85 3 21 23 80
302 20 4395 256 71 173 71 100 86 84 60 240 26 208 21 263 5 297 80 240 62 427 88 535 2 333 25 54 62 144 87 419 69 85 36 464 47 584 30 325 56 263 93
303 20 4534 48 42 209 4 53 13 100 49 600 46 88 9 238 95 521 58 476 52 339 73 270 84 321 61 515 11 553 2 250 74 489 70 157 67 280 50 65 36 96 98
304 20 4857 205 93 298 94 75 63 250 69 468 65 259 55 468 45 40 44 70 74 513 15 197 38 335 47 328 55 465 65 324 77 310 48 184 2 496 24 214 95 573 32
305 20 4431 354 61 371 96 83 28 516 69 405 20 168 60 437 32 81 98 300 66 20 61 126 15 178 46 446 15 258 31 17 94 204 71 206 86 593 64 309 21 467 71
306 20 5764 386 93 503 74 136 87 562 52 574 13 566 33 234 14 468 45 379 15 53 33 451 13 600 100 299 30 442 97 191 52 384 61 212 7 235 90 4 46 527 85
307 20 4915 598 6 591 58 51 32 476 21 283 77 317 69 445 73 419 3 57 5 312 96 340 62 64 24 19 34 298 7 512 49 575 84 154 13 267 72 268 64 98 85
308 20 4745 304 26 89 8 64 58 471 55 235 25 73 92 290 28 599 81 548 74 60 23 208 33 203 99 289 5 253 29 222 85 312 40 505 32 550 34 335 12 322 85
309 20 5020 598 59 560 14 489 13 258 20 144 23 556 25 356 80 245 47 169 26 307 36 267 25 253 25 589 53 304 59 122 40 198 10 186 79 134 65 135 95 406 95
310 20 3772 174 2 432 57 318 2 105 57 180 25 181 97 239 97 198 35 171 24 483 51 314 98 27 86 48 24 174 75 289 92 406 16 571 62 330 1 17 74 59 69
311 20 5608 332 49 433 51 278 19 595 96 80 9 591 26 175 29 283 9 180 12 548 69 525 60 178 47 588 62 184 94 309 9 148 47 445 51 440 21 497 33 201 52
312 20 5331 363 31 359 31 432 90 321 6 112 10 26 32 386 86 127 89 70 100 176 100 533 27 317 1 555 61 502 1 430 74 82 8 323 87 561 34 402 69 587 84
313 20 4764 287 66 326 56 89 59 28 29 359 66 577 82 567 62 292 59 24 45 431 36 126 54 19 60 452 45 421 24 101 14 400 71 186 33 590 18 366 23 315 12
314 20 4784 202 28 576 67 414 87 320 9 400 20 420 32 339 48 298 31 136 20 424 71 95 9 399 80 400 37 435 48 118 23 306 52 444 25 239 73 13 71 3 82
315 20 4741 45 7 277 53 197 38 533 26 487 59 299 24 354 76 572 34 537 80 394 84 53 72 204 58 212 72 404 3 128 71 454 74 56 40 68 14 432 88 221 55
316 20 5010 478 93 301 74 491 32 330 99 434 4 145 34 94 52 300 2 490 89 450 91 272 49 46 88 28 55 489 40 101 3 161 15 218 75 572 4 553 1 310 95
317 20 4907 145 47 419 6 97 6 361 32 236 96 345 71 123 61 306 8 595 48 296 1 391 65 336 84 252 65 342 55 574 84 216 37 163 25 243 63 424 74 270 44
318 20 5206 355 41 314 4 508 35 474 47 34 58 24 41 574 43 352 37 532 93 60 78 404 17 335 58 438 82 468 8 259 16 500 80 39 46 420 7 270 90 148 45
319 20 4826 204 14 197 1 267 26 291 70 479 61 349 47 555 66 466 22 49 21 596 28 59 49 357 58 336 97 142 3 491 37 373 20 321 6 134 81 165 71 202 71
320 20 5028 513 80 202 26 170 18 288 32 287 10 124 43 314 54 450 43 428 12 314 32 185 33 383 70 486 26 130 78 121 89 243 33 565 19 60 38 537 63 485 88
321 20 4250 270 27 151 53 150 43 549 82 76 80 475 31 145 13 582 43 204 94 102 62 200 35 259 98 288 99 32 24 25 70 284 5 585 70 503 39 101 28 332 29
322 20 5363 480 57 549 44 369 24 445 6 214 50 327 41 181 28 587 39 218 91 135 64 250 22 199 16 332 40 564 13 396 7 394 48 524 65 28 35 399 84 113 99
323 20 4097 21 78 250 30 351 97 32 59 337 64 552 84 126 63 172 26 83 42 281 96 32 46 255 67 532 59 418 70 425 29 289 94 411 41 370 96 83 21 102 15
324 20 4391 311 28 121 20 55 25 533 98 370 35 510 35 217 54 498 82 197 17 191 24 391 83 152 46 161 95 523 63 233 70 425 4 454 19 38 91 27 69 82 89
325 20 5570 283 36 209 14 290 49 561 78 368 88 501 60 378 74 218 33 552 30 409 7 547 76 335 30 350 20 494 47 219 42 321 19 134 18 285 86 208 5 301 34
326 20 4804 23 80 561 84 246 73 86 46 559 46 144 30 121 53 183 63 525 29 456 28 573 52 487 61 433 100 589 24 84 31 143 82 171 10 32 82 81 15 508 68
327 20 4204 546 19 565 7 33 32 90 57 421 84 462 66 21 80 60 54 122 57 494 83 194 74 299 25 179 61 470 10 167 77 255 51 344 4 50 82 474 80 9 57
328 20 5118 490 13 169 50 514 12 471 83 508 2 432 33 360 100 162 5 598 80 159 26 158 32 294 93 263 13 333 88 131 47 320 51 37 28 262 9 465 65 272 83
329 20 5209 582 29 103 39 521 74 552 6 105 13 514 61 375 62 218 81 157 31 597 22 367 85 359 8 108 41 33 6 101 35 443 41 491 94 394 45 186 9 306 28
330 20 5397 317 23 66 72 567 15 227 35 373 32 591 59 474 70 11 55 535 37 5 57 560 87 463 16 428 29 249 44 336 70 486 18 215 89 426 98 282 32 136 62
331 20 4881 588 12 558 37 596 73 591 11 215 80 395 42 95 40 185 72 571 6 146 4 277 7 32 76 234 83 93 57 262 37 134 90 97 61 381 37 210 42 442 14
332 20 4661 301 99 351 2 490 58 526 72 106 38 90 30 525 99 171 2 92 22 346 12 74 96 437 67 443 29 351 18 305 2 541 63 53 40 267 14 111 49 247 21
333 20 4712 322 26 61 7 330 3 415 9 378 43 117 95 293 88 372 87 187 55 288 3 274 83 248 46 55 94 472 49 341 6 394 22 460 61 293 59 567 22 24 52
334 20 5237 158 98 156 34 592 14 400 44 579 91 491 83 16 55 284 65 522 81 347 98 154 93 198 52 153 12 427 2 134 36 82 43 397 48 591 24 560 59 306 15
335 20 4686 140 92 343 16 63 71 103 56 259 34 80 24 43 49 525 71 511 14 40 55 457 87 430 48 593 66 442 84 507 28 168 9 210 67 281 98 89 6 574 63
336 20 5469 342 8 333 71 73 100 165 22 326 60 191 99 260 73 370 87 558 51 184 92 354 54 464 83 480 47 38 19 128 3 570 31 376 79 546 1 506 22 573 1
337 20 4753 244 5 492 12 427 59 291 33 409 3 288 45 478 36 75 24 14 53 480 78 168 77 343 84 260 68 352 69 331 30 179 86 85 54 475 68 102 69 449 16
338 20 4923 537 41 285 54 458 19 435 62 110 89 331 41 427 37 600 69 344 17 151 42 196 66 116 98 529 37 378 23 260 5 296 63 14 17 218 34 183 9 286 15
339 20 4863 459 14 55 98 485 71 377 38 73 69 231 3 383 88 3 28 306 28 333 35 214 92 191 71 229 72 245 4 453 54 37 63 519 7 523 96 442 48 521 32
340 20 5340 568 44 552 75 496 72 188 96 281 44 508 1 68 70 349 68 374 32 596 5 299 30 212 86 501 100 311 18 27 2 240 1 120 46 419 78 455 98 112 98
341 20 5880 414 12 439 68 492 21 272 93 304 99 172 39 208 96 585 86 508 82 577 36 175 68 391 28 583 34 568 100 39 73 307 95 41 24 461 37 587 31 228 44
342 20 4877 462 90 189 65 341 96 468 87 82 62 450 21 209 25 582 17 25 44 389 70 200 19 582 24 15 24 58 32 581 4 180 64 308 67 154 28 412 54 410 78
343 20 4857 380 63 294 65 320 4 461 61 580 80 127 74 59 67 271 89 299 94 34 86 343 12 326 46 60 67 403 38 381 11 492 88 126 73 547 64 14 21 555 15
344 20 5007 451 96 541 37 131 93 231 58 545 38 88 6 309 31 151 14 30 45 568 15 110 78 293 10 556 15 578 71 187 56 222 20 2 24 456 42 544 36 266 18
345 20 5014 162 12 377 31 93 85 597 45 423 17 77 29 201 42 296 71 428 24 210 45 423 18 560 45 383 48 14 20 457 33 513 51 98 91 472 42 124 11 360 52
346 20 6512 585 48 417 17 585 49 223 50 473 5 351 90 535 83 434 71 490 4 527 88 375 90 577 84 418 44 507 82 535 15 396 71 220 1 45 19 311 61 137 10
347 20 5516 554 55 311 54 459 3 271 10 218 47 320 38 181 63 121 36 425 93 252 17 250 60 119 35 384 19 418 73 586 26 205 2 600 57 596 13 490 8 135 54
348 20 5368 283 45 523 10 419 38 342 21 220 54 336 79 508 100 535 48 99 20 521 81 286 99 6 30 255 68 250 46 442 99 169 12 330 48 486 6 507 76 194 3
349 20 4411 392 50 129 60 145 42 383 13 303 36 198 62 150 83 296 99 80 18 302 73 360 27 115 72 267 73 119 96 581 59 515 42 86 50 233 31 285 23 575 30
350 20 4686 536 61 228 26 129 49 136 87 277 91 416 15 550 83 28 49 104 17 140 50 540 13 56 83 272 40 501 62 24 33 323 76 516 85 141 24 433 37 508 61
351 20 4882 298 32 28 55 71 97 250 59 447 8 135 21 110 80 252 30 573 34 480 3 176 68 192 82 212 68 588 46 554 51 455 24 291 100 213 37 476 65 302 34
352 20 5164 86 13 361 47 158 49 419 91 453 59 82 66 257 57 546 24 275 27 11 57 538 13 475 52 496 72 548 17 445 6 133 49 80 35 459 51 182 41 451 7
353 20 4284 161 8 323 85 261 52 425 50 70 67 119 31 161 27 235 83 181 28 199 95 562 29 589 50 280 65 596 74 17 51 183 30 325 25 349 26 245 1 74 95
354 20 4365 376 68 66 2 587 92 115 74 56 73 523 81 571 79 75 6 116 23 445 92 399 72 36 15 420 70 109 18 266 50 498 29 305 81 17 34 40 51 437 19
355 20 4914 291 87 479 23 198 23 435 5 391 73 273 8 293 70 376 93 293 4 463 38 150 94 259 38 168 86 562 48 211 16 30 79 350 3 357 90 118 96 446 9
356 20 4650 540 47 157 16 579 2 352 52 506 60 249 41 377 45 315 83 73 81 38 79 226 1 322 48 398 100 326 10 102 7 473 68 121 98 68 99 254 14 337 44
357 20 5007 275 40 254 20 410 21 325 95 136 79 595 9 284 3 249 16 78 67 58 38 462 21 184 65 568 33 334 65 295 97 163 89 578 89 177 100 562 27 272 24
358 20 4078 520 95 453 70 430 75 104 82 127 94 89 26 31 79 94 48 94 71 321 37 314 57 477 81 344 37 41 24 311 43 237 20 361 87 50 64 449 56 251 83
359 20 3857 318 86 166 75 251 87 322 1 18 78 264 76 366 49 348 97 86 79 539 14 57 76 370 41 366 80 224 50 31 85 311 94 346 56 154 6 22 12 263 35
360 20 4913 463 40 351 11 365 66 580 42 522 36 352 53 7 8 393 6 76 42 243 62 295 28 156 45 356 55 243 95 471 99 77 69 198 6 589 56 394 32 11 93
361 20 4768 503 15 583 34 377 54 65 37 426 70 469 27 255 8 399 47 115 2 156 24 365 64 211 83 270 60 187 95 408 60 265 11 117 37 198 78 511 5 80 50
362 20 4932 358 98 89 37 199 27 249 35 518 77 206 8 449 58 21 99 145 75 511 37 312 17 3 86 427 67 389 57 164 16 240 67 511 39 388 100 426 23 561 16
363 20 4683 270 37 304 93 519 78 264 56 322 13 367 19 487 100 565 20 337 90 98 3 353 98 48 66 273 97 18 13 278 94 10 50 575 42 158 86 190 56 418 100
364 20 4920 252 34 141 80 435 63 552 81 200 23 495 76 279 86 154 8 136 16 307 5 539 39 263 50 262 25 126 6 272 71 531 33 277 34 249 74 178 7 502 27
365 20 5243 290 17 160 26 371 74 438 34 288 81 512 34 228 46 132 82 378 40 9 79 582 23 468 12 427 49 67 82 480 67 332 59 347 17 517 68 404 90 124 36
366 20 4979 555 88 241 100 524 75 185 29 170 31 405 44 37 64 322 81 131 30 443 70 544 15 206 55 54 79 600 9 364 53 240 63 306 84 398 25 188 60 311 22
367 20 3852 232 28 596 31 316 100 167 31 267 37 271 76 237 65 42 25 260 48 323 20 460 47 256 72 114 84 1 95 274 32 335 30 23 54 67 9 335 55 240 56
368 20 5312 279 9 160 51 218 82 317 73 481 78 580 47 398 46 87 47 377 61 17 61 498 26 530 62 282 45 183 7 341 22 196 85 396 5 291 35 415 12 595 50
369 20 4732 237 20 317 92 598 55 424 38 331 58 138 25 302 12 200 8 226 20 41 81 230 51 517 6 363 81 289 34 414 95 144 2 300 96 288 90 469 86 88 39
370 20 3896 84 26 28 38 137 92 142 30 122 64 135 7 215 5 276 12 272 69 501 94 244 62 202 70 344 28 508 45 109 2 313 65 508 77 242 4 386 15 103 16
371 20 4172 234 92 130 100 297 51 225 46 167 4 466 59 64 69 87 94 242 14 350 65 371 87 113 52 516 44 125 34 82 5 274 8 551 68 215 41 593 48 114 74
372 20 4339 445 57 209 34 287 43 322 37 264 60 15 56 141 39 269 96 335 74 578 72 329 10 415 31 212 72 173 100 290 32 181 95 421 49 149 68 120 32 269 32
373 20 4220 185 54 344 28 386 96 333 63 10 79 325 100 109 20 486 44 180 47 515 27 165 61 407 17 568 39 459 98 219 92 311 28 121 93 58 1 59 65 35 21
374 20 3790 61 17 586 59 120 55 406 58 142 27 41 87 1 59 216 72 299 29 462 82 145 55 235 74 344 97 23 28 375 12 524 49 101 41 134 71 426 81 97 60
375 20 4824 462 87 60 95 454 43 419 84 87 56 587 14 476 67 415 21 32 31 159 4 593 74 511 38 293 57 38 31 121 18 22 18 9 93 295 100 494 79 504 25
376 20 4886 311 41 293 33 430 53 53 47 379 24 39 30 172 85 552 84 328 70 456 90 550 30 467 26 125 52 133 77 83 51 488 86 327 82 596 28 210 65 116 7
377 20 4696 497 54 467 11 363 11 77 90 359 79 125 86 451 38 394 71 79 14 404 70 245 25 355 33 451 63 248 82 106 96 141 91 570 90 7 55 387 96 145 28
378 20 5287 204 45 337 2 464 30 319 41 550 11 543 32 585 91 367 37 305 51 233 30 334 10 198 53 97 96 184 62 305 24 311 61 323 92 463 95 224 87 263 66
379 20 5817 542 96 310 86 588 14 551 100 35 24 324 1 494 28 287 18 369 58 366 29 93 16 165 73 520 58 209 38 232 47 235 64 282 68 571 21 534 42 565 22
380 20 4723 351 74 470 57 108 5 161 53 193 80 153 26 596 46 149 85 431 46 206 9 413 81 372 87 172 15 492 58 350 52 480 12 173 20 187 19 172 57 275 66
381 20 5158 462 38 386 23 177 56 280 21 273 84 105 68 456 43 246 12 238 52 235 93 557 88 271 12 531 37 579 38 428 68 451 19 383 51 28 8 240 83 122 98
382 20 4423 197 80 480 9 43 36 112 8 140 88 316 92 303 32 47 23 220 55 248 94 273 17 430 96 525 58 586 58 272 33 248 72 475 91 467 89 123 73 24 1
383 20 4377 158 49 96 28 246 1 284 53 306 85 211 42 489 82 421 19 202 8 425 53 143 61 62 76 320 11 255 9 119 9 390 54 410 27 506 7 220 11 209 29
384 20 4446 39 62 407 19 338 74 487 3 371 7 23 50 41 28 95 60 455 62 509 62 362 30 17 59 13 27 92 96 279 56 404 42 372 13 580 68 137 55 537 47
385 20 5048 19 87 260 71 483 23 521 43 535 91 255 38 353 11 526 9 243 71 303 10 418 32 138 27 181 71 465 66 35 67 516 98 510 60 154 52 109 5 286 26
386 20 4734 157 33 341 72 364 57 211 93 221 7 62 20 384 57 147 68 155 41 481 26 388 13 553 68 450 36 356 62 367 52 127 47 177 89 313 53 96 46 568 50
387 20 5307 388 44 498 52 426 76 531 43 167 68 244 76 154 41 526 21 563 96 162 22 506 48 458 97 4 35 536 34 343 96 430 68 9 90 62 17 549 34 78 66
388 20 4913 588 45 111 9 243 81 360 73 573 55 99 67 3 51 504 50 259 22 229 72 584 45 218 59 425 56 203 45 340 49 199 83 518 47 432 75 72 97 182 52
389 20 4950 70 58 126 34 306 13 178 38 209 3 402 54 516 52 476 94 154 70 190 87 205 68 355 46 502 26 525 34 565 60 556 32 139 36 275 88 348 59 91 99
390 20 5490 85 39 488 38 277 30 413 73 439 32 56 87 530 29 378 39 201 85 296 85 485 98 4 96 523 16 456 74 441 32 592 59 483 11 263 23 101 99 352 93
391 20 5124 99 69 213 16 278 37 173 87 412 31 439 6 593 34 253 13 14 76 429 24 599 72 75 69 38 34 256 18 578 72 360 26 510 48 234 10 592 15 261 63
392 20 4377 490 98 205 93 508 92 547 67 219 15 207 30 284 72 157 34 189 14 87 91 63 73 28 62 152 80 212 87 341 63 478 58 464 67 180 89 338 81 323 40
393 20 5495 540 50 169 100 193 15 384 31 85 99 555 76 90 91 584 62 467 16 517 42 265 35 137 56 583 79 116 53 477 47 343 28 242 94 268 44 410 86 444 88
394 20 5476 385 53 313 73 456 98 288 14 300 81 510 97 451 28 181 30 378 64 474 43 218 22 536 88 492 97 324 41 362 87 325 40 82 66 328 54 10 16 433 75
395 20 4663 201 100 474 73 131 37 9 69 362 28 7 71 84 70 155 8 116 13 359 96 380 31 550 94 57 20 547 68 347 75 389 86 260 48 499 11 427 52 475 45
396 20 3587 39 100 226 91 29 84 343 22 15 46 210 66 521 28 558 50 47 59 297 26 197 49 246 71 27 95 302 66 492 31 523 80 259 3 26 91 109 33 18 19
397 20 4862 225 46 101 8 245 77 211 7 595 27 406 76 374 83 514 91 177 43 356 94 8 84 42 31 86 50 416 82 200 46 127 27 557 17 389 72 600 72 449 86
398 20 3599 307 33 509 43 597 60 165 26 112 13 86 82 98 26 230 27 538 33 169 78 9 41 110 64 35 94 125 66 92 32 176 80 400 65 222 86 5 13 514 24
399 20 4424 299 41 216 38 45 34 362 13 15 99 223 74 395 36 349 39 83 48 515 81 539 69 408 52 68 16 530 66 584 13 199 12 298 55 113 71 261 24 29 26
400 20 4352 24 60 12 71 309 59 532 97 474 43 336 24 395 74 325 15 207 48 50 11 266 64 398 60 292 47 53 64 143 56 32 28 590 53 342 98 256 27 404 31
401 20 4020 155 86 43 36 393 100 261 71 216 71 452 19 45 17 214 92 510 91 23 71 78 51 83 70 596 34 555 45 229 47 196 50 97 34 498 50 45 45 336 70
402 20 5578 468 8 184 48 576 3 353 49 262 8 39 82 555 21 71 58 533 99 263 24 155 71 259 69 444 15 552 22 309 78 28 81 470 47 425 86 564 71 463 10
403 20 3872 80 99 532 4 84 40 25 87 544 71 364 70 134 91 86 87 196 80 73 54 583 16 344 57 198 86 64 43 475 74 363 7 123 49 422 57 27 16 123 23
404 20 5290 411 8 403 50 270 75 521 83 476 72 123 96 229 15 428 70 359 100 487 96 138 33 277 92 433 53 421 74 67 88 67 93 429 32 502 72 58 98 514 56
405 20 4320 544 29 482 96 468 51 491 86 56 34 57 70 555 73 516 87 34 48 388 3 31 32 325 71 175 60 61 73 179 18 554 35 137 74 109 91 31 84 208 13
406 20 4870 438 7 157 50 453 66 118 20 569 84 48 54 177 27 427 54 155 56 398 39 405 42 419 47 313 88 570 27 118 25 129 98 210 93 91 71 312 40 581 96
407 20 4414 470 33 255 29 582 86 265 20 136 39 348 94 68 92 287 20 81 90 108 66 132 56 385 31 321 45 395 24 254 23 325 5 279 35 416 85 157 6 254 63
408 20 4448 207 39 93 67 86 76 505 49 293 43 309 5 16 51 365 88 333 64 383 76 482 80 279 58 256 47 191 38 396 27 7 32 399 16 425 29 69 1 466 6
409 20 4388 61 79 551 21 22 16 523 17 419 30 34 6 80 9 13 82 433 13 40 70 424 76 412 91 67 91 329 6 211 14 582 46 121 68 60 76 598 59 506 19
410 20 5060 557 46 589 29 291 47 86 79 258 57 579 14 236 97 28 42 1 46 591 76 65 18 431 20 277 28 87 43 497 17 227 73 494 67 189 36 280 66 562 68
411 20 4040 525 46 479 20 98 31 19 4 112 16 396 66 588 28 82 99 297 96 1 47 98 3 418 58 166 7 307 78 254 100 249 28 291 92 170 94 113 84 388 98
412 20 5205 292 59 208 5 228 17 496 86 278 70 504 9 589 11 540 93 294 53 475 68 360 53 127 16 12 62 391 86 147 72 315 83 122 36 261 42 437 2 431 86
413 20 5583 90 65 594 56 220 8 460 52 452 2 400 28 572 46 382 47 24 98 485 10 53 29 333 73 590 96 204 50 339 46 387 24 152 2 500 33 146 8 596 90
414 20 4905 175 76 520 3 140 48 105 87 406 68 440 83 288 39 563 41 131 43 394 62 16 71 44 50 46 62 590 73 97 41 239 45 383 31 469 51 564 80 522 38
415 20 4856 418 49 450 65 501 8 125 32 104 51 577 7 521 34 434 47 363 94 162 58 344 41 405 54 303 71 167 16 44 96 155 70 280 41 58 9 170 72 490 41
416 20 4937 97 49 497 31 380 54 3 35 137 76 546 5 413 29 523 98 459 22 451 31 157 43 271 40 425 34 354 1 208 3 520 63 61 26 162 48 407 86 101 87
417 20 3000 14 40 69 71 142 18 103 86 81 5 41 25 330 26 272 41 379 61 44 77 279 65 350 49 108 25 331 94 81 30 561 43 136 13 210 67 75 54 145 83
418 20 5636 284 37 172 82 79 23 14 39 209 75 374 2 497 43 270 44 328 5 584 7 473 3 454 18 379 21 441 91 349 27 217 22 545 95 511 44 551 74 315 63
419 20 4602 577 72 428 90 342 1 160 94 585 26 3 77 216 16 162 55 286 77 181 57 36 49 547 55 343 34 298 3 362 79 192 17 146 21 435 48 45 93 409 30
420 20 6173 530 59 291 62 411 94 546 34 370 34 308 16 164 59 341 53 539 60 351 54 157 42 111 63 573 19 271 48 473 82 484 84 356 59 319 92 546 37 576 71
421 20 3577 187 57 45 69 207 13 55 42 93 63 4 53 206 84 376 12 274 51 208 33 576 50 525 42 65 28 162 70 154 17 178 58 385 3 371 27 235 1 166 69
422 20 3812 361 3 242 35 146 2 378 46 481 95 294 43 83 24 131 69 279 24 50 69 270 50 114 20 486 93 34 66 32 47 212 56 526 67 81 6 380 83 186 94
423 20 4304 74 40 277 81 387 27 165 24 589 15 14 47 79 76 278 80 165 55 431 63 166 92 139 25 5 31 537 32 297 69 304 22 103 26 594 5 181 22 595 39
424 20 5655 354 80 219 79 346 100 238 88 40 2 104 49 452 34 316 46 231 39 586 78 551 81 125 20 555 67 194 3 590 75 410 18 545 58 476 92 343 25 394 37
425 20 4125 49 6 116 8 286 32 24 76 4 58 579 84 231 51 535 34 179 76 470 24 286 96 28 26 426 21 3 9 81 28 596 6 481 30 150 90 461 13 172 9
426 20 4568 317 27 139 57 104 23 518 62 4 49 488 53 486 14 421 87 324 13 110 43 578 65 286 71 261 38 128 78 305 17 250 80 165 67 99 13 212 34 516 14
427 20 4122 381 76 509 67 318 31 6 81 163 73 329 10 72 58 378 74 497 80 68 95 399 5 355 74 68 25 188 4 53 74 432 31 383 9 383 56 2 69 169 96
428 20 4890 223 63 242 92 417 17 237 71 428 46 145 65 401 21 11 100 420 77 556 80 147 70 217 27 597 6 285 52 458 65 58 49 379 4 92 11 285 53 515 100
429 20 4678 89 21 433 61 456 5 496 44 449 42 483 41 276 23 164 88 176 90 492 39 519 28 186 5 516 92 39 68 2 37 134 63 161 74 336 21 24 61 417 66
430 20 4561 237 5 119 71 425 40 231 69 495 54 13 69 450 12 14 83 271 63 566 48 317 64 32 90 311 72 141 36 160 86 458 11 349 99 592 94 209 17 312 98
431 20 4949 230 66 387 87 392 52 74 7 335 63 472 60 439 92 336 24 313 64 51 57 533 2 470 61 164 2 154 85 9 27 328 73 285 3 537 31 477 65 201 37
432 20 4223 305 32 343 65 66 92 87 46 480 56 16 99 202 66 495 55 28 57 162 62 588 96 127 39 453 36 332 40 95 53 229 88 573 9 286 32 7 21 405 3
433 20 4573 133 34 13 61 134 37 517 65 594 82 326 27 449 75 521 96 327 42 554 61 351 53 156 68 206 85 205 41 536 8 94 54 118 93 95 83 336 86 52 96
434 20 4254 469 52 321 73 6 94 211 18 144 19 160 98 184 36 241 84 535 39 463 41 353 67 318 88 168 98 68 65 129 56 210 14 306 12 414 58 170 81 448 81
435 20 3532 404 35 115 77 109 28 366 66 74 59 110 70 447 46 210 44 58 3 156 50 13 12 71 57 494 43 414 4 589 42 170 78 15 48 375 55 81 5 144 91
436 20 5103 463 25 510 42 347 73 477 18 302 19 561 14 82 3 382 22 103 89 340 77 32 78 458 42 43 86 473 65 72 79 569 98 13 63 529 56 76 9 547 57
437 20 5703 534 67 372 93 358 93 416 23 598 53 368 25 213 5 456 68 215 56 152 29 87 56 383 19 478 97 366 66 389 20 581 71 114 1 247 88 588 39 214 18
438 20 4157 103 81 289 68 442 42 463 93 561 79 151 31 428 51 525 28 288 55 88 53 583 28 377 29 163 63 72 18 49 58 23 72 238 34 175 67 116 74 63 38
439 20 4395 79 36 567 45 112 47 506 53 337 43 58 67 367 94 585 8 378 37 455 10 46 79 250 74 115 15 41 73 431 21 386 27 194 73 93 5 131 60 363 64
440 20 3988 137 29 21 80 38 63 176 69 164 86 179 22 256 65 369 2 280 94 272 21 413 10 578 74 578 26 474 47 212 82 271 98 74 20 1 60 237 35 256 75
441 20 4808 360 77 388 39 577 79 108 38 321 20 232 20 53 27 211 14 569 79 210 27 567 84 489 16 20 66 577 36 27 89 417 48 146 98 28 44 495 58 216 29
442 20 5231 389 51 337 54 195 49 216 64 507 35 380 54 133 2 508 80 230 81 286 17 362 81 440 23 525 18 355 33 233 100 543 97 5 9 397 28 256 38 242 9
443 20 4684 558 95 409 10 412 59 51 76 58 100 45 48 342 51 72 19 239 81 264 18 219 53 255 65 224 38 370 73 342 16 472 84 447 26 506 4 219 47 351 14
444 20 4880 110 1 17 35 253 73 538 34 263 20 65 53 325 44 585 76 536 45 431 45 571 25 2 39 97 80 578 80 19 21 278 53 260 23 226 10 550 38 396 14
445 20 4130 22 76 329 5 134 20 379 18 263 2 323 26 226 70 396 10 110 4 191 1 29 6 262 82 52 85 138 37 221 98 429 55 448 82 290 47 458 87 463 93
446 20 4008 132 65 48 42 192 64 131 43 237 29 468 3 194 94 74 46 297 98 231 89 27 53 197 36 479 4 132 35 117 34 421 20 417 43 457 51 552 65 208 36
447 20 5232 233 3 551 35 109 20 202 99 441 82 212 62 173 17 584 85 587 55 566 95 368 97 386 67 74 90 102 98 424 70 270 86 476 79 394 66 126 18 262 87
448 20 4884 62 60 539 51 243 80 248 39 191 31 40 70 473 88 547 13 283 23 310 27 459 63 301 98 415 45 437 91 262 46 257 10 418 60 149 84 144 81 327 100
449 20 4817 30 28 323 80 63 69 382 34 406 62 415 100 63 63 472 100 245 43 88 28 9 42 459 8 545 38 600 80 153 10 383 65 56 25 517 12 396 52 417 19
450 20 5400 240 20 470 1 458 66 242 17 451 61 176 16 171 97 478 18 495 41 341 42 51 76 504 88 212 32 501 11 533 32 471 95 496 53 87 16 142 70 231 59
451 20 4399 152 20 410 38 454 28 112 94 46 40 32 19 157 43 318 13 408 64 374 92 164 83 447 37 160 17 439 75 198 26 373 82 385 8 482 88 253 13 135 84
452 20 4580 276 85 440 58 45 96 504 8 140 27 369 80 175 92 545 72 70 97 378 12 514 73 355 94 12 75 277 20 245 50 234 43 495 93 373 20 42 75 236 21
453 20 4952 314 78 531 30 272 44 63 86 500 48 563 10 316 79 214 46 467 41 144 69 217 24 487 48 542 56 119 98 93 86 237 15 225 79 571 55 25 79 291 94
454 20 5540 345 75 518 37 289 69 490 97 446 16 558 20 197 91 322 44 150 86 526 39 4 16 402 9 349 81 335 35 515 78 115 3 469 3 359 43 473 43 63 28
455 20 3834 183 83 567 72 99 20 118 81 2 53 590 40 591 4 587 80 34 16 462 64 41 44 261 100 222 8 22 91 170 82 77 71 85 1 202 99 400 63 80 84
456 20 4696 201 28 346 82 548 54 366 88 518 87 486 97 315 6 113 83 55 29 88 36 357 34 521 39 10 13 79 23 78 96 447 90 496 18 392 70 389 63 66 68
457 20 4204 522 80 494 11 179 68 129 89 2 87 345 92 53 78 350 53 535 41 339 55 299 80 225 32 10 46 402 79 8 83 169 57 232 18 88 20 539 34 335 9
458 20 4288 394 44 442 91 163 99 573 89 194 22 227 48 528 54 33 27 88 82 457 60 578 83 29 12 553 42 75 89 280 13 6 52 303 7 1 47 25 58 411 10
459 20 4301 249 13 470 40 78 72 413 32 502 91 138 13 534 37 298 41 76 80 408 53 79 96 24 30 520 94 150 48 43 74 584 47 310 73 33 12 395 2 73 34
460 20 4240 265 90 566 18 460 20 536 20 308 7 162 30 285 12 103 76 193 91 168 35 349 40 447 30 100 39 112 90 229 36 58 10 158 38 230 96 144 40 427 90
461 20 5128 427 6 411 76 448 60 527 7 463 52 417 11 549 7 105 73 351 50 138 82 35 48 91 40 562 58 173 14 271 80 273 8 329 34 251 100 468 90 122 11
462 20 4756 92 83 562 11 236 9 472 52 304 38 321 27 472 28 51 83 280 6 127 66 471 9 512 2 192 94 90 4 395 96 372 56 351 79 236 20 180 68 229 96
463 20 3980 214 80 154 20 458 16 7 27 182 49 210 61 356 97 36 46 578 65 245 88 338 11 270 96 387 45 553 29 114 85 7 64 52 21 135 97 410 96 270 72
464 20 5308 17 49 600 85 321 80 319 76 282 54 56 87 449 65 468 54 334 32 553 59 460 49 275 88 212 68 33 55 392 76 319 91 564 72 425 74 125 16 431 88
465 20 4377 456 37 407 75 289 92 499 62 315 99 315 100 254 5 143 58 19 82 40 16 5 90 188 46 169 39 28 27 228 84 538 40 422 91 252 97 549 14 356 78
466 20 3643 479 82 215 50 16 20 75 67 134 81 32 65 67 54 15 29 421 15 225 89 484 15 491 96 592 7 54 38 5 39 94 72 155 14 71 2 380 3 549 17
467 20 5674 508 72 510 67 282 87 179 20 466 40 569 33 552 66 156 86 95 14 321 91 369 78 142 75 80 14 540 23 148 21 251 96 595 47 345 32 502 100 483 78
468 20 4699 264 38 7 63 176 94 365 20 297 27 466 66 34 36 386 86 369 97 518 18 462 8 77 52 341 2 223 72 177 79 435 40 557 19 367 99 257 68 96 8
469 20 4414 372 54 588 93 399 92 526 69 387 25 103 11 36 42 250 82 559 14 183 61 11 46 341 47 562 13 153 97 471 63 29 91 222 24 100 29 109 46 117 52
470 20 5042 9 38 158 61 530 11 462 37 102 3 564 33 465 85 264 21 64 62 84 48 384 87 588 91 5 27 598 73 292 17 584 98 543 32 125 77 379 97 103 53
471 20 4996 564 81 205 28 552 94 117 29 75 43 568 92 475 48 150 49 99 66 237 59 214 43 248 28 561 28 375 94 146 49 474 48 34 25 414 20 365 94 372 66
472 20 5649 37 82 482 29 248 28 488 1 362 4 545 36 352 78 530 78 377 28 468 75 9 57 102 64 415 14 241 46 175 84 313 61 585 63 574 75 324 5 435 39
473 20 4824 463 42 320 45 421 32 327 57 373 27 575 7 219 93 166 99 319 47 273 66 304 8 491 18 169 36 103 79 379 83 13 68 274 62 371 49 351 4 120 68
474 20 4337 357 43 100 83 280 17 49 39 475 77 327 10 76 29 60 77 326 82 235 16 257 76 430 80 594 74 57 47 338 57 179 69 134 13 216 69 403 4 529 29
475 20 5239 592 34 342 70 487 19 160 84 296 64 450 38 386 30 126 79 390 22 15 99 599 31 551 98 49 84 153 16 133 74 516 24 382 48 279 83 202 96 441 5
476 20 5364 400 24 168 10 382 39 431 91 314 82 170 47 588 23 81 64 530 29 272 55 27 9 542 36 191 34 480 80 188 78 377 92 241 9 264 2 515 61 544 43
477 20 6215 400 75 511 17 448 15 564 53 488 59 442 39 512 14 596 77 7 1 202 11 143 16 261 35 448 81 156 91 566 12 347 77 455 92 247 71 486 57 490 79
478 20 5558 322 86 423 64 589 66 39 85 596 44 388 66 184 85 413 50 97 28 412 84 393 77 554 2 544 1 584 2 47 49 569 26 165 38 155 67 93 72 381 14
479 20 4670 408 17 136 18 219 93 133 75 381 59 294 54 13 14 181 46 375 83 55 1 336 53 304 47 588 44 233 81 183 93 183 78 488 21 461 4 324 62 543 43
480 20 4813 197 91 443 88 330 77 174 12 56 39 197 7 129 54 499 84 227 82 169 99 415 62 208 36 413 48 529 93 198 40 403 97 468 75 376 39 314 97 272 42
481 20 5769 453 26 492 77 109 49 547 74 351 16 500 83 529 29 525 80 286 24 192 47 260 19 417 79 198 16 530 25 582 30 569 51 106 57 217 16 182 70 167 85
482 20 3971 181 17 50 93 158 99 52 70 221 42 350 58 580 66 273 91 114 28 584 35 143 31 77 39 208 48 303 56 341 35 313 44 58 25 384 27 86 31 488 85
483 20 5213 384 3 362 44 329 13 29 69 324 78 2 19 439 74 462 9 563 28 559 86 83 98 277 10 492 86 114 77 525 91 523 73 380 85 351 30 55 67 264 4
484 20 4648 113 90 290 31 364 69 510 28 369 24 99 7 296 41 128 77 47 55 499 99 288 45 154 40 404 20 99 24 560 63 154 24 186 90 590 43 63 95 597 64
485 20 3957 211 26 282 35 33 97 549 55 374 31 192 29 52 24 110 71 249 6 479 94 153 59 439 61 44 92 44 34 31 87 242 93 393 87 388 86 87 87 595 2
486 20 6564 468 59 568 25 550 63 548 15 388 43 479 22 510 43 542 80 385 69 529 66 359 76 356 90 244 15 331 88 414 79 74 9 465 7 10 26 486 60 499 2
487 20 5221 233 16 581 26 434 39 87 72 380 24 511 16 43 64 81 90 540 46 525 54 93 1 364 78 127 18 466 42 220 97 195 59 276 32 476 43 435 46 460 22
488 20 5046 104 23 414 6 402 12 347 97 20 16 460 56 58 25 278 61 252 19 393 60 558 17 571 8 385 9 174 47 478 17 274 91 313 95 172 88 226 36 429 52
489 20 4570 199 57 128 32 381 46 272 14 456 55 95 33 46 85 265 59 193 71 421 83 192 16 392 3 589 80 32 21 536 5 51 92 64 10 526 93 366 16 509 77
490 20 4575 277 58 266 70 305 15 405 59 448 45 16 63 75 93 572 18 469 30 165 12 478 82 524 85 2 75 5 54 275 21 181 15 452 1 550 69 189 42 65 71
491 20 4480 246 71 553 71 58 31 88 76 112 49 280 83 224 20 472 26 174 54 240 7 251 91 572 6 166 22 507 68 422 32 572 90 84 24 4 60 253 16 323 25
492 20 5213 89 17 77 94 146 54 384 17 163 57 483 32 555 6 450 100 221 44 334 14 252 94 515 40 416 76 509 4 547 24 8 85 388 65 91 42 422 70 467 5
493 20 4645 53 68 524 7 415 4 52 97 98 98 53 70 522 9 243 92 205 45 539 73 28 93 566 67 392 23 189 88 56 35 104 42 509 16 530 55 129 58 600 1
494 20 5060 220 37 290 96 230 90 217 94 368 55 246 98 485 82 285 71 369 76 188 61 453 97 413 37 260 77 304 1 72 7 401 43 161 26 350 46 584 70 429 74
495 20 4092 137 29 454 98 410 74 21 59 183 60 431 3 464 9 84 24 409 83 547 43 253 21 55 80 313 27 33 27 345 98 145 1 462 27 147 74 107 51 116 1
496 20 4513 598 27 439 60 162 40 149 26 578 81 77 66 234 82 161 50 458 49 315 29 201 91 258 76 415 96 128 50 23 79 110 19 382 8 229 31 453 45 272 80
497 20 5055 377 7 239 76 348 96 486 74 553 86 535 22 300 1 19 99 417 54 451 91 425 80 144 31 356 2 346 90 457 80 175 38 37 54 241 99 51 40 362 43
498 20 5611 463 56 81 39 294 3 470 43 447 96 577 99 523 65 254 10 258 31 67 56 460 13 434 34 472 63 424 82 360 38 239 19 343 63 353 52 353 19 142 94
499 20 5049 547 49 549 98 440 67 60 80 259 94 316 3 225 74 177 39 176 67 457 21 292 26 270 10 395 37 222 56 334 9 540 25 439 77 75 70 25 95 514 83
500 20 5477 526 72 298 86 85 57 74 97 493 93 597 83 456 55 303 21 300 27 424 47 460 80 420 30 68 47 107 9 469 86 455 74 275 93 402 22 369 47 266 19
