1 20 5348 108 1 129 91 606 8 446 167 82 52 162 59 439 24 451 49 46 114 642 92 202 181 713 124 733 114 22 18 21 156 410 103 495 94 548 40 364 122 67 81
2 20 4925 67 160 527 102 223 138 24 132 702 104 250 26 23 171 503 34 429 110 263 38 451 196 480 158 125 188 44 167 622 14 265 59 491 149 122 176 398 47 148 135
3 20 6472 224 171 412 189 472 191 717 43 441 173 402 167 149 44 713 86 444 14 259 15 203 130 476 142 526 50 65 193 358 122 557 91 587 151 519 62 531 163 35 90
4 20 5420 114 28 407 139 585 94 651 145 404 67 149 124 263 181 237 35 576 22 247 28 354 115 229 137 614 148 76 190 500 10 242 197 285 159 165 20 482 79 196 187
5 20 5639 235 186 695 104 328 135 479 189 725 42 151 115 601 154 581 147 51 168 171 124 363 21 582 155 103 178 580 182 72 174 479 82 415 37 195 83 121 126 122 151
6 20 5679 286 178 593 160 454 13 75 96 141 181 418 157 476 139 357 175 300 154 99 147 578 118 47 77 711 54 94 128 341 53 597 57 326 136 33 178 484 106 689 47
7 20 6432 485 176 243 12 495 35 432 116 607 132 182 69 86 120 376 173 735 151 481 171 440 62 524 166 354 75 323 69 211 170 126 116 700 39 743 141 199 104 298 101
8 20 6410 735 92 744 37 684 175 415 85 139 47 170 60 348 45 326 189 164 156 306 49 707 15 682 64 498 184 644 34 60 61 290 141 73 37 533 103 211 165 284 127
9 20 5576 631 92 694 71 8 14 605 21 420 67 271 107 167 90 473 32 221 106 152 197 216 90 592 17 93 157 125 98 601 165 53 96 39 162 616 81 351 91 643 169
10 20 5951 743 143 302 163 461 89 192 48 274 60 305 49 696 178 710 134 374 63 130 13 169 77 113 24 382 162 652 66 373 85 592 88 526 161 289 144 66 55 90 89
11 20 5766 225 115 82 53 453 81 176 176 283 188 290 193 467 93 375 9 494 2 696 49 202 66 261 136 683 60 194 199 255 64 74 1 709 114 482 64 700 34 107 57
12 20 6533 689 171 41 58 613 19 44 7 190 196 235 79 449 3 207 39 560 161 672 200 243 2 591 86 673 76 195 42 474 20 723 72 495 2 249 86 581 64 243 197
13 20 6590 1 42 696 108 367 15 112 107 530 157 629 112 261 14 723 121 90 155 418 31 474 180 656 95 289 56 627 95 376 45 241 153 548 39 106 130 650 195 444 177
14 20 6660 444 90 113 177 490 181 355 61 717 76 750 119 476 97 494 17 505 154 443 33 718 38 171 50 393 35 371 193 355 31 315 33 330 24 379 119 218 42 289 183
15 20 6613 316 154 90 163 271 156 691 140 475 180 600 34 674 11 638 158 311 82 75 76 521 88 674 145 295 30 552 166 402 176 122 192 87 181 598 1 563 160 312 173
16 20 5395 57 183 239 48 533 11 310 188 701 168 446 8 150 67 615 64 516 174 8 172 3 76 175 60 223 33 584 40 677 158 126 40 493 90 587 186 124 79 177 83
17 20 6097 309 60 44 158 307 83 717 39 423 4 599 196 210 151 106 27 323 55 470 174 595 182 385 93 563 60 554 72 408 194 262 123 25 92 648 64 646 116 28 27
18 20 6370 700 81 643 175 516 93 670 124 152 37 339 4 537 106 472 99 506 91 69 124 392 83 205 185 398 24 576 49 25 145 79 105 141 156 426 9 733 114 384 182
19 20 5716 106 125 108 101 274 103 699 64 56 119 132 26 562 72 213 44 394 27 29 174 353 170 496 185 615 92 553 167 685 29 588 139 379 53 173 64 344 62 387 177
20 20 4533 27 106 685 73 173 13 568 114 710 163 540 48 197 88 98 133 278 182 171 112 43 77 3 95 32 176 282 73 380 93 455 86 139 155 377 54 15 32 494 176
21 20 5838 50 50 88 168 730 53 315 174 612 190 429 180 459 25 92 93 184 108 364 67 43 135 232 34 210 114 747 138 178 32 655 149 742 131 713 120 58 131 397 139
22 20 6884 321 99 551 15 635 52 536 184 609 177 279 59 726 46 724 106 675 119 346 17 258 131 516 16 507 12 478 1 242 87 413 5 192 104 568 72 15 155 14 164
23 20 5572 426 142 480 194 5 131 727 50 89 54 456 19 565 199 62 74 430 199 281 188 486 100 7 104 75 180 216 147 343 185 56 7 465 97 708 57 552 174 536 98
24 20 6060 18 82 541 118 225 82 433 179 576 27 398 63 535 196 99 156 84 126 468 78 474 187 507 149 101 94 656 182 394 25 372 66 579 26 611 196 403 99 101 82
25 20 6248 28 20 561 63 595 24 644 48 293 107 240 185 621 151 512 111 319 187 223 34 724 80 277 41 748 3 286 168 337 66 360 113 407 194 405 111 216 28 15 108
26 20 5655 594 49 744 27 228 90 650 195 86 168 61 93 481 68 63 164 384 182 292 187 116 200 621 157 592 177 734 91 273 74 67 173 572 25 335 78 12 160 164 8
27 20 5412 575 175 124 52 119 187 343 5 401 100 505 152 13 79 217 127 290 144 345 70 299 43 643 3 574 197 308 92 675 199 435 95 134 157 537 185 106 182 123 132
28 20 5284 47 170 253 178 506 44 315 59 117 100 148 101 593 144 244 60 494 128 68 180 63 70 256 82 330 86 61 141 639 26 509 191 42 11 686 94 553 40 682 97
29 20 6512 710 106 653 16 696 131 226 184 671 23 630 77 302 168 638 133 341 28 381 168 690 193 94 71 130 104 5 135 433 21 166 148 227 173 63 192 400 28 685 141
30 20 6024 259 32 167 97 319 15 112 86 340 185 96 101 251 155 411 72 392 121 431 60 405 139 237 142 469 190 742 78 698 22 642 92 546 55 377 98 362 102 274 158
31 20 6238 732 24 508 129 136 148 602 100 417 117 286 72 352 128 357 194 225 85 448 151 141 5 525 67 710 123 86 199 292 168 107 55 642 46 85 24 543 22 604 130
32 20 5647 279 199 329 136 387 113 566 122 23 1 118 119 27 111 592 166 494 139 259 65 435 120 750 154 4 77 695 151 437 156 168 11 301 3 477 31 529 184 189 157
33 20 5249 672 108 163 49 475 184 440 98 19 129 486 38 684 25 135 151 324 10 227 110 732 134 72 103 75 196 298 34 68 168 204 157 186 53 149 152 547 141 606 150
34 20 5307 136 36 191 75 363 194 294 199 749 93 236 176 443 112 166 22 115 38 28 137 671 104 38 71 545 182 259 109 514 95 540 170 360 95 386 17 147 152 453 190
35 20 4308 237 11 579 176 236 79 60 102 404 159 6 92 277 120 275 134 259 167 320 25 193 198 425 145 347 36 597 142 63 42 184 196 507 11 140 107 183 128 94 79
36 20 6576 618 73 430 8 410 1 336 129 195 117 229 50 600 13 567 143 416 66 508 159 734 194 123 184 687 30 270 94 157 42 209 148 731 5 282 134 434 190 284 74
37 20 4998 140 90 59 40 346 128 707 165 164 141 225 27 395 126 484 149 277 48 80 52 411 148 12 121 491 11 368 49 288 46 656 132 527 99 127 150 140 182 351 189
38 20 7635 632 114 399 176 455 4 228 34 676 200 600 33 312 21 7 71 730 35 732 192 461 31 723 141 367 163 279 14 704 4 472 150 412 47 405 163 316 11 634 129
39 20 5020 308 161 245 125 721 70 31 30 207 192 541 127 202 129 685 86 409 191 274 8 44 83 585 105 300 61 219 52 88 142 135 74 651 7 31 99 154 32 446 170
40 20 5915 654 176 349 139 275 46 705 79 315 184 383 109 375 158 630 8 137 133 298 98 553 17 148 83 253 177 261 55 700 184 1 111 363 66 38 128 545 5 411 162
41 20 6084 305 111 340 43 99 39 37 52 242 135 135 114 389 123 687 197 665 75 114 127 516 44 601 87 738 28 600 76 326 128 103 100 533 67 468 127 550 28 158 144
42 20 6528 737 92 605 12 603 145 496 51 488 46 188 83 7 112 299 62 11 54 464 176 713 163 151 128 514 61 76 178 734 75 289 112 512 43 151 46 427 121 695 109
43 20 6879 321 31 706 149 749 93 721 155 15 74 649 82 37 99 565 76 438 165 8 77 545 9 355 7 87 81 375 117 685 149 358 90 556 43 262 102 701 69 466 36
44 20 7885 279 163 680 113 706 63 631 44 525 155 527 7 674 79 570 124 641 17 403 98 447 133 98 41 300 36 630 82 289 94 734 13 574 31 52 144 404 51 693 91
45 20 5731 249 185 704 43 18 160 192 29 748 141 577 175 621 32 275 40 33 173 122 86 249 93 451 122 4 171 602 186 450 130 37 10 320 177 572 38 637 86 303 74
46 20 5388 204 2 490 9 256 14 440 165 454 131 236 104 255 58 241 127 612 2 336 80 356 160 405 49 442 121 280 57 194 56 298 180 93 5 283 159 380 122 480 87
47 20 7160 680 31 277 20 592 143 197 156 619 8 244 89 464 68 244 20 729 84 618 133 277 13 415 123 526 146 678 25 560 166 290 54 649 93 47 193 634 2 210 113
48 20 5194 376 103 75 186 556 64 34 19 743 88 157 128 85 179 433 54 38 123 120 116 523 195 146 168 418 44 632 39 546 2 259 134 471 32 112 198 489 152 280 26
49 20 5030 220 141 138 22 162 169 496 154 72 192 258 109 8 95 652 102 671 120 392 38 274 156 63 17 342 65 469 28 337 36 5 104 131 143 687 127 227 112 684 106
50 20 4689 137 95 535 15 538 93 163 107 325 11 514 90 601 107 489 110 7 109 122 101 306 133 305 143 41 3 110 57 648 86 560 176 186 12 94 170 56 70 125 140
