1 20 5348 108 2 129 587 606 49 446 1084 82 336 162 383 439 156 451 315 46 739 642 594 202 1172 713 801 733 735 22 115 21 1009 410 668 495 611 548 260 364 793 67 522
2 20 4925 67 1040 527 658 223 897 24 854 702 676 250 169 23 1108 503 221 429 712 263 246 451 1271 480 1027 125 1217 44 1082 622 91 265 381 491 963 122 1140 398 305 148 877
3 20 6472 224 1111 412 1226 472 1240 717 277 441 1121 402 1082 149 280 713 555 444 87 259 93 203 844 476 921 526 323 65 1251 358 789 557 590 587 976 519 399 531 1056 35 582
4 20 5420 114 180 407 900 585 606 651 939 404 432 149 806 263 1176 237 227 576 140 247 178 354 743 229 887 614 962 76 1234 500 62 242 1276 285 1034 165 130 482 509 196 1212
5 20 5639 235 1206 695 671 328 874 479 1227 725 270 151 748 601 1000 581 950 51 1091 171 803 363 132 582 1004 103 1152 580 1177 72 1126 479 532 415 239 195 536 121 817 122 981
6 20 5679 286 1153 593 1035 454 84 75 619 141 1175 418 1019 476 900 357 1133 300 1000 99 953 578 762 47 498 711 345 94 828 341 343 597 368 326 878 33 1157 484 686 689 302
7 20 6432 485 1140 243 73 495 222 432 749 607 855 182 446 86 778 376 1122 735 976 481 1109 440 401 524 1073 354 488 323 444 211 1104 126 752 700 253 743 916 199 673 298 654
8 20 6410 735 594 744 240 684 1137 415 550 139 302 170 389 348 289 326 1227 164 1010 306 318 707 97 682 414 498 1192 644 216 60 391 290 911 73 238 533 664 211 1073 284 821
9 20 5576 631 597 694 460 8 88 605 135 420 432 271 694 167 583 473 204 221 687 152 1276 216 585 592 109 93 1020 125 637 601 1069 53 624 39 1053 616 522 351 590 643 1098
10 20 5951 743 924 302 1057 461 578 192 308 274 386 305 316 696 1156 710 871 374 406 130 81 169 499 113 155 382 1048 652 423 373 550 592 572 526 1042 289 934 66 356 90 576
11 20 5766 225 744 82 342 453 521 176 1143 283 1222 290 1250 467 600 375 55 494 10 696 315 202 428 261 880 683 384 194 1291 255 412 74 5 709 738 482 416 700 221 107 368
12 20 6533 689 1107 41 375 613 120 44 44 190 1268 235 509 449 20 207 249 560 1041 672 1300 243 7 591 558 673 492 195 272 474 127 723 463 495 9 249 557 581 410 243 1276
13 20 6590 1 269 696 697 367 92 112 693 530 1015 629 724 261 87 723 783 90 1005 418 196 474 1165 656 614 289 361 627 614 376 288 241 994 548 252 106 839 650 1264 444 1146
14 20 6660 444 582 113 1149 490 1175 355 392 717 489 750 773 476 626 494 107 505 997 443 214 718 244 171 323 393 224 371 1249 355 199 315 215 330 155 379 773 218 273 289 1185
15 20 6613 316 998 90 1060 271 1014 691 906 475 1165 600 219 674 66 638 1025 311 529 75 488 521 571 674 941 295 195 552 1074 402 1140 122 1246 87 1175 598 4 563 1037 312 1125
16 20 5395 57 1189 239 309 533 72 310 1221 701 1092 446 51 150 434 615 411 516 1127 8 1118 3 489 175 386 223 209 584 259 677 1023 126 257 493 584 587 1204 124 512 177 535
17 20 6097 309 386 44 1027 307 539 717 250 423 21 599 1272 210 980 106 176 323 355 470 1130 595 1182 385 605 563 388 554 465 408 1257 262 797 25 598 648 410 646 749 28 173
18 20 6370 700 521 643 1132 516 600 670 802 152 237 339 25 537 684 472 642 506 586 69 805 392 534 205 1202 398 153 576 313 25 941 79 682 141 1013 426 55 733 737 384 1180
19 20 5716 106 808 108 656 274 665 699 412 56 770 132 167 562 462 213 281 394 174 29 1129 353 1104 496 1203 615 594 553 1083 685 184 588 902 379 339 173 416 344 399 387 1148
20 20 4533 27 685 685 473 173 84 568 741 710 1056 540 307 197 567 98 864 278 1178 171 725 43 495 3 613 32 1138 282 473 380 604 455 557 139 1002 377 347 15 207 494 1143
21 20 5838 50 322 88 1089 730 339 315 1129 612 1232 429 1167 459 159 92 603 184 702 364 431 43 876 232 215 210 741 747 893 178 204 655 965 742 852 713 779 58 848 397 901
22 20 6884 321 642 551 93 635 337 536 1190 609 1146 279 382 726 297 724 689 675 773 346 105 258 848 516 103 507 73 478 4 242 561 413 31 192 674 568 465 15 1007 14 1065
23 20 5572 426 920 480 1258 5 848 727 323 89 349 456 122 565 1289 62 478 430 1289 281 1221 486 645 7 671 75 1169 216 955 343 1203 56 42 465 630 708 365 552 1130 536 636
24 20 6060 18 531 541 763 225 530 433 1160 576 174 398 409 535 1273 99 1009 84 819 468 502 474 1210 507 963 101 609 656 1179 394 158 372 424 579 169 611 1269 403 641 101 528
25 20 6248 28 129 561 405 595 154 644 308 293 690 240 1201 621 979 512 717 319 1212 223 218 724 517 277 261 748 18 286 1091 337 427 360 729 407 1259 405 717 216 182 15 702
26 20 5655 594 314 744 174 228 582 650 1263 86 1087 61 605 481 437 63 1066 384 1181 292 1213 116 1299 621 1019 592 1148 734 586 273 481 67 1124 572 160 335 507 12 1038 164 48
27 20 5412 575 1132 124 333 119 1212 343 31 401 650 505 983 13 511 217 825 290 936 345 452 299 277 643 17 574 1278 308 594 675 1288 435 616 134 1019 537 1201 106 1182 123 854
28 20 5284 47 1102 253 1155 506 282 315 380 117 644 148 655 593 936 244 389 494 829 68 1169 63 454 256 528 330 559 61 916 639 169 509 1236 42 68 686 607 553 258 682 628
29 20 6512 710 689 653 102 696 850 226 1191 671 144 630 498 302 1090 638 864 341 182 381 1087 690 1255 94 461 130 676 5 875 433 132 166 957 227 1122 63 1243 400 180 685 914
30 20 6024 259 204 167 626 319 98 112 556 340 1197 96 653 251 1003 411 464 392 785 431 388 405 903 237 917 469 1233 742 507 698 140 642 595 546 353 377 632 362 661 274 1023
31 20 6238 732 152 508 835 136 956 602 650 417 759 286 467 352 831 357 1258 225 549 448 976 141 27 525 434 710 799 86 1289 292 1092 107 355 642 293 85 151 543 143 604 840
32 20 5647 279 1292 329 879 387 730 566 788 23 1 118 770 27 721 592 1074 494 903 259 419 435 776 750 996 4 496 695 977 437 1014 168 68 301 15 477 201 529 1195 189 1018
33 20 5249 672 700 163 317 475 1195 440 637 19 838 486 243 684 160 135 981 324 60 227 712 732 871 72 666 75 1272 298 218 68 1090 204 1019 186 341 149 987 547 916 606 973
34 20 5307 136 233 191 482 363 1258 294 1291 749 604 236 1143 443 725 166 143 115 244 28 885 671 671 38 457 545 1178 259 705 514 614 540 1105 360 616 386 106 147 985 453 1233
35 20 4308 237 69 579 1144 236 513 60 663 404 1032 6 597 277 778 275 867 259 1084 320 163 193 1286 425 942 347 234 597 922 63 271 184 1271 507 70 140 692 183 829 94 511
36 20 6576 618 473 430 52 410 5 336 836 195 760 229 320 600 85 567 927 416 423 508 1029 734 1260 123 1193 687 189 270 607 157 270 209 957 731 28 282 871 434 1231 284 479
37 20 4998 140 581 59 256 346 826 707 1069 164 915 225 172 395 816 484 963 277 312 80 332 411 959 12 785 491 71 368 318 288 299 656 856 527 642 127 973 140 1178 351 1229
38 20 7635 632 737 399 1143 455 24 228 221 676 1295 600 212 312 133 7 462 730 227 732 1246 461 202 723 913 367 1055 279 90 704 21 472 973 412 301 405 1056 316 70 634 834
39 20 5020 308 1041 245 812 721 454 31 192 207 1248 541 821 202 835 685 555 409 1237 274 49 44 534 585 680 300 391 219 333 88 918 135 478 651 43 31 641 154 204 446 1104
40 20 5915 654 1143 349 899 275 295 705 510 315 1194 383 704 375 1026 630 50 137 860 298 633 553 110 148 535 253 1149 261 358 700 1192 1 718 363 427 38 831 545 29 411 1051
41 20 6084 305 719 340 277 99 250 37 338 242 878 135 740 389 800 687 1277 665 486 114 821 516 282 601 566 738 182 600 492 326 830 103 646 533 434 468 820 550 182 158 934
42 20 6528 737 594 605 74 603 937 496 331 488 298 188 539 7 724 299 403 11 346 464 1143 713 1057 151 827 514 395 76 1152 734 487 289 728 512 279 151 298 427 786 695 709
43 20 6879 321 200 706 969 749 602 721 1008 15 479 649 529 37 638 565 492 438 1071 8 496 545 58 355 42 87 525 375 756 685 967 358 583 556 275 262 661 701 445 466 232
44 20 7885 279 1057 680 732 706 408 631 282 525 1002 527 42 674 512 570 801 641 107 403 636 447 860 98 261 300 233 630 533 289 610 734 80 574 196 52 932 404 328 693 587
45 20 5731 249 1198 704 278 18 1040 192 184 748 916 577 1137 621 206 275 258 33 1121 122 559 249 604 451 790 4 1106 602 1206 450 842 37 65 320 1149 572 247 637 553 303 477
46 20 5388 204 9 490 58 256 90 440 1070 454 846 236 670 255 377 241 823 612 12 336 515 356 1036 405 318 442 784 280 365 194 363 298 1167 93 29 283 1028 380 792 480 563
47 20 7160 680 201 277 127 592 926 197 1011 619 52 244 576 464 439 244 129 729 545 618 862 277 85 415 800 526 944 678 158 560 1073 290 348 649 599 47 1253 634 8 210 733
48 20 5194 376 664 75 1205 556 416 34 122 743 567 157 829 85 1163 433 351 38 799 120 751 523 1263 146 1091 418 281 632 249 546 13 259 865 471 207 112 1285 489 988 280 167
49 20 5030 220 911 138 140 162 1097 496 995 72 1246 258 703 8 615 652 658 671 776 392 242 274 1013 63 105 342 418 469 180 337 232 5 671 131 929 687 822 227 725 684 687
50 20 4689 137 617 535 93 538 602 163 694 325 66 514 581 601 695 489 715 7 708 122 656 306 863 305 924 41 15 110 370 648 557 560 1144 186 76 94 1104 56 451 125 906
