1 20 5348 108 1 129 362 606 30 446 667 82 207 162 236 439 96 451 194 46 455 642 366 202 721 713 493 733 453 22 71 21 621 410 411 495 376 548 160 364 488 67 321
2 20 4925 67 640 527 405 223 552 24 525 702 416 250 104 23 682 503 136 429 439 263 151 451 782 480 632 125 749 44 666 622 56 265 235 491 593 122 702 398 188 148 540
3 20 6472 224 684 412 755 472 763 717 171 441 690 402 666 149 173 713 342 444 54 259 57 203 520 476 567 526 199 65 770 358 486 557 364 587 601 519 246 531 650 35 358
4 20 5420 114 111 407 554 585 373 651 578 404 266 149 496 263 724 237 140 576 86 247 110 354 457 229 546 614 592 76 760 500 38 242 785 285 636 165 80 482 314 196 746
5 20 5639 235 742 695 413 328 538 479 755 725 166 151 460 601 616 581 585 51 672 171 494 363 82 582 618 103 709 580 725 72 693 479 327 415 148 195 330 121 503 122 604
6 20 5679 286 710 593 637 454 52 75 381 141 724 418 627 476 554 357 697 300 615 99 587 578 469 47 307 711 213 94 510 341 211 597 227 326 541 33 712 484 423 689 186
7 20 6432 485 702 243 45 495 137 432 461 607 526 182 275 86 479 376 691 735 601 481 683 440 247 524 661 354 300 323 273 211 680 126 463 700 156 743 564 199 414 298 403
8 20 6410 735 366 744 148 684 700 415 338 139 186 170 240 348 178 326 755 164 622 306 196 707 60 682 255 498 734 644 133 60 241 290 561 73 147 533 409 211 660 284 505
9 20 5576 631 368 694 283 8 54 605 83 420 266 271 427 167 359 473 126 221 423 152 785 216 360 592 67 93 628 125 392 601 658 53 384 39 648 616 322 351 363 643 676
10 20 5951 743 569 302 651 461 356 192 190 274 238 305 195 696 712 710 536 374 250 130 50 169 307 113 95 382 645 652 261 373 338 592 352 526 641 289 575 66 219 90 355
11 20 5766 225 458 82 211 453 321 176 703 283 752 290 769 467 369 375 34 494 6 696 194 202 264 261 542 683 237 194 795 255 254 74 3 709 454 482 256 700 136 107 227
12 20 6533 689 681 41 231 613 74 44 27 190 781 235 314 449 12 207 153 560 641 672 800 243 5 591 344 673 303 195 168 474 79 723 285 495 6 249 343 581 253 243 785
13 20 6590 1 166 696 429 367 57 112 426 530 625 629 446 261 54 723 482 90 619 418 121 474 717 656 378 289 222 627 378 376 177 241 612 548 155 106 517 650 778 444 706
14 20 6660 444 358 113 707 490 723 355 242 717 301 750 476 476 385 494 66 505 613 443 132 718 150 171 199 393 138 371 769 355 122 315 132 330 96 379 476 218 168 289 730
15 20 6613 316 614 90 652 271 624 691 558 475 717 600 135 674 41 638 631 311 326 75 301 521 351 674 579 295 120 552 661 402 702 122 767 87 723 598 2 563 638 312 692
16 20 5395 57 732 239 190 533 44 310 752 701 672 446 31 150 267 615 253 516 694 8 688 3 301 175 238 223 129 584 160 677 630 126 158 493 360 587 741 124 316 177 329
17 20 6097 309 238 44 632 307 332 717 154 423 13 599 783 210 603 106 108 323 219 470 695 595 728 385 372 563 239 554 286 408 774 262 491 25 368 648 253 646 461 28 107
18 20 6370 700 321 643 697 516 370 670 493 152 146 339 16 537 421 472 395 506 361 69 496 392 329 205 740 398 95 576 193 25 579 79 420 141 623 426 34 733 454 384 727
19 20 5716 106 497 108 404 274 410 699 254 56 474 132 103 562 285 213 173 394 108 29 695 353 679 496 740 615 366 553 667 685 114 588 556 379 209 173 256 344 246 387 707
20 20 4533 27 422 685 291 173 52 568 456 710 650 540 189 197 349 98 532 278 725 171 446 43 305 3 377 32 701 282 291 380 372 455 343 139 617 377 214 15 128 494 703
21 20 5838 50 198 88 670 730 209 315 695 612 758 429 719 459 98 92 371 184 432 364 265 43 539 232 133 210 456 747 550 178 126 655 594 742 524 713 480 58 522 397 555
22 20 6884 321 395 551 58 635 207 536 733 609 706 279 235 726 183 724 424 675 476 346 65 258 522 516 64 507 45 478 3 242 345 413 19 192 415 568 286 15 620 14 655
23 20 5572 426 567 480 774 5 522 727 199 89 215 456 75 565 793 62 294 430 793 281 751 486 397 7 413 75 719 216 588 343 740 56 26 465 388 708 225 552 696 536 391
24 20 6060 18 327 541 470 225 326 433 714 576 107 398 252 535 783 99 621 84 504 468 309 474 745 507 593 101 375 656 726 394 98 372 261 579 104 611 781 403 395 101 325
25 20 6248 28 80 561 249 595 95 644 190 293 425 240 739 621 603 512 441 319 746 223 134 724 318 277 161 748 11 286 671 337 263 360 449 407 775 405 441 216 112 15 432
26 20 5655 594 193 744 107 228 358 650 778 86 669 61 372 481 269 63 656 384 727 292 747 116 799 621 627 592 707 734 361 273 296 67 692 572 99 335 312 12 639 164 30
27 20 5412 575 697 124 205 119 746 343 19 401 400 505 605 13 315 217 508 290 576 345 278 299 171 643 11 574 787 308 365 675 793 435 379 134 627 537 740 106 728 123 526
28 20 5284 47 679 253 711 506 174 315 234 117 397 148 403 593 576 244 239 494 510 68 720 63 280 256 325 330 344 61 564 639 104 509 761 42 42 686 373 553 159 682 387
29 20 6512 710 424 653 63 696 523 226 733 671 89 630 307 302 671 638 532 341 112 381 669 690 772 94 284 130 416 5 538 433 81 166 589 227 691 63 765 400 111 685 563
30 20 6024 259 126 167 385 319 60 112 343 340 737 96 402 251 617 411 286 392 483 431 239 405 556 237 565 469 759 742 312 698 86 642 367 546 217 377 389 362 407 274 630
31 20 6238 732 94 508 514 136 589 602 400 417 467 286 288 352 511 357 775 225 338 448 601 141 17 525 267 710 492 86 794 292 672 107 219 642 181 85 93 543 88 604 517
32 20 5647 279 795 329 541 387 449 566 485 23 1 118 474 27 444 592 661 494 556 259 258 435 477 750 613 4 306 695 601 437 624 168 42 301 9 477 124 529 736 189 627
33 20 5249 672 431 163 195 475 736 440 392 19 516 486 150 684 99 135 604 324 37 227 439 732 536 72 410 75 783 298 135 68 671 204 627 186 210 149 608 547 564 606 599
34 20 5307 136 143 191 297 363 774 294 795 749 372 236 703 443 446 166 88 115 151 28 545 671 413 38 282 545 725 259 434 514 378 540 680 360 379 386 66 147 606 453 759
35 20 4308 237 43 579 704 236 316 60 408 404 635 6 368 277 479 275 533 259 667 320 100 193 791 425 580 347 144 597 568 63 167 184 782 507 43 140 426 183 510 94 315
36 20 6576 618 291 430 32 410 3 336 515 195 468 229 197 600 52 567 571 416 261 508 633 734 775 123 735 687 117 270 374 157 166 209 589 731 17 282 536 434 758 284 295
37 20 4998 140 358 59 158 346 509 707 658 164 563 225 106 395 503 484 593 277 192 80 205 411 590 12 483 491 44 368 196 288 184 656 527 527 395 127 599 140 725 351 756
38 20 7635 632 454 399 704 455 15 228 136 676 797 600 131 312 82 7 284 730 140 732 767 461 124 723 562 367 650 279 56 704 13 472 599 412 186 405 650 316 43 634 514
39 20 5020 308 641 245 500 721 280 31 118 207 768 541 505 202 514 685 341 409 762 274 30 44 329 585 419 300 241 219 205 88 565 135 294 651 27 31 394 154 126 446 679
40 20 5915 654 704 349 553 275 182 705 314 315 735 383 433 375 632 630 31 137 529 298 390 553 68 148 330 253 707 261 220 700 734 1 442 363 263 38 511 545 18 411 647
41 20 6084 305 442 340 171 99 154 37 208 242 540 135 456 389 492 687 786 665 299 114 505 516 174 601 348 738 112 600 303 326 511 103 398 533 267 468 505 550 112 158 575
42 20 6528 737 366 605 46 603 577 496 204 488 184 188 332 7 446 299 248 11 213 464 704 713 651 151 509 514 243 76 709 734 300 289 448 512 172 151 184 427 484 695 436
43 20 6879 321 123 706 596 749 370 721 620 15 295 649 325 37 393 565 303 438 660 8 306 545 36 355 26 87 323 375 465 685 595 358 359 556 169 262 407 701 274 466 143
44 20 7885 279 651 680 450 706 251 631 174 525 617 527 26 674 316 570 493 641 66 403 392 447 530 98 161 300 144 630 328 289 376 734 50 574 121 52 574 404 202 693 361
45 20 5731 249 737 704 171 18 640 192 113 748 564 577 700 621 127 275 159 33 690 122 344 249 372 451 486 4 681 602 742 450 518 37 40 320 707 572 152 637 341 303 294
46 20 5388 204 6 490 36 256 56 440 659 454 521 236 413 255 232 241 506 612 8 336 317 356 638 405 196 442 483 280 225 194 224 298 719 93 18 283 633 380 488 480 347
47 20 7160 680 124 277 78 592 570 197 623 619 32 244 355 464 270 244 80 729 336 618 530 277 52 415 492 526 581 678 97 560 661 290 215 649 369 47 771 634 5 210 451
48 20 5194 376 409 75 742 556 256 34 75 743 349 157 510 85 716 433 216 38 492 120 463 523 778 146 672 418 173 632 153 546 8 259 533 471 128 112 791 489 608 280 103
49 20 5030 220 561 138 86 162 675 496 613 72 767 258 433 8 379 652 405 671 478 392 149 274 624 63 65 342 258 469 111 337 143 5 413 131 572 687 506 227 446 684 423
50 20 4689 137 380 535 58 538 371 163 427 325 41 514 358 601 428 489 440 7 436 122 404 306 531 305 569 41 10 110 228 648 343 560 704 186 47 94 680 56 278 125 558
