1 20 3765 429 255 275 153 203 108 371 220 208 129 380 229 73 32 50 36 12 24 227 142 266 151 258 143 300 170 101 61 352 203 172 104 334 191 75 28 215 124 406 249
2 20 3356 106 84 471 284 466 279 174 91 62 23 402 240 352 212 29 43 23 19 70 59 401 246 287 161 328 192 176 114 150 73 20 18 129 90 125 67 147 69 277 157
3 20 4784 229 147 268 167 231 129 191 130 343 211 447 266 265 154 160 106 450 271 477 288 311 180 451 270 370 222 344 215 243 151 182 127 397 239 100 74 135 96 387 232
4 20 3940 113 51 58 56 453 273 296 170 371 217 187 122 367 226 105 68 468 281 407 245 109 75 263 155 116 81 116 49 309 180 438 263 369 218 283 158 56 35 41 32
5 20 3262 62 14 171 106 212 133 380 222 201 134 11 15 74 35 152 90 313 185 360 211 211 116 6 5 302 193 11 36 408 249 224 124 385 228 269 160 29 33 297 189
6 20 3193 46 37 42 7 461 276 150 77 146 78 88 60 231 138 38 40 449 268 320 186 277 157 353 207 10 3 106 46 108 65 100 40 261 166 90 53 274 174 442 267
7 20 3898 94 54 373 222 352 207 37 47 166 92 414 246 309 177 246 159 338 201 106 74 100 71 457 272 279 162 214 121 199 110 61 60 308 188 270 149 171 120 379 225
8 20 3842 162 89 372 221 342 196 28 25 341 198 430 259 42 1 356 207 472 282 13 2 201 113 405 247 53 23 498 299 52 18 396 233 19 21 497 299 114 60 10 31
9 20 3652 256 144 234 150 81 41 467 281 441 265 425 259 63 32 362 217 250 145 118 57 430 262 14 31 413 248 425 257 49 19 23 43 203 121 172 110 117 55 22 15
10 20 3146 254 152 424 252 281 169 204 112 308 183 290 165 93 70 40 32 53 14 52 50 106 60 451 272 281 175 304 188 88 71 419 248 49 3 125 72 68 19 43 12
11 20 3801 473 285 33 26 481 289 91 64 67 59 499 299 352 205 111 86 107 50 172 115 38 17 383 224 295 166 106 60 23 18 493 296 361 211 433 258 188 124 46 26
12 20 4050 351 208 229 133 194 115 69 60 213 115 218 127 72 53 270 165 400 239 491 295 186 118 275 169 240 137 38 2 117 49 139 84 407 245 479 288 245 161 430 255
13 20 4000 318 201 342 207 413 251 323 188 238 128 66 58 170 115 272 173 44 42 154 82 386 231 347 216 49 31 44 12 468 282 28 29 383 229 436 261 48 32 472 282
14 20 4088 479 287 319 191 198 107 115 59 491 295 61 14 377 231 14 4 67 63 215 133 440 264 378 227 335 205 346 204 216 136 382 235 129 85 26 24 236 131 287 178
15 20 4058 78 58 43 47 315 199 386 232 51 29 460 277 157 102 473 282 339 205 489 293 122 52 113 83 154 101 181 90 174 95 442 266 454 275 460 276 5 29 177 87
16 20 3961 451 269 133 99 463 279 259 149 133 89 256 140 296 180 351 212 55 13 236 148 11 23 445 268 308 195 163 83 266 172 238 143 338 196 93 58 254 150 203 108
17 20 3219 345 200 72 37 235 155 87 61 225 149 352 220 302 174 2 22 276 165 220 148 231 132 431 259 67 27 5 25 15 29 460 277 333 206 245 144 34 48 87 67
18 20 3789 12 29 120 70 306 191 392 241 118 55 373 230 272 165 251 158 492 295 183 118 271 160 394 230 118 67 272 177 211 115 109 85 430 256 172 86 77 66 164 95
19 20 4850 423 251 249 156 338 206 182 125 459 275 298 177 460 278 436 265 473 285 267 152 46 7 28 38 462 278 350 218 445 267 300 188 168 87 247 161 18 3 414 243
20 20 4039 212 118 133 96 459 276 432 261 275 156 390 233 463 278 274 155 249 158 227 137 199 112 231 133 148 108 6 30 447 268 137 82 257 155 318 182 13 18 179 117
21 20 3989 251 153 310 186 181 127 351 212 125 54 151 109 193 134 306 176 364 214 444 268 446 268 88 78 281 169 220 136 485 291 204 125 106 71 153 85 211 144 117 65
22 20 4156 125 88 389 232 495 297 148 79 109 84 232 131 184 114 256 158 177 122 439 266 285 166 227 142 453 270 11 27 365 215 369 226 136 95 126 62 411 246 259 152
23 20 4587 2 24 205 114 446 266 482 290 243 141 137 76 229 137 141 84 264 147 403 243 26 5 474 286 343 198 246 156 497 298 202 127 328 195 438 267 217 129 411 249
24 20 3956 396 244 163 85 235 145 438 263 89 57 481 287 277 160 208 116 101 73 144 79 162 117 16 34 43 18 267 152 362 225 490 294 211 123 316 183 277 158 270 175
25 20 4040 391 232 434 262 178 102 381 225 227 120 199 103 256 150 386 234 149 76 126 94 267 172 80 50 61 11 349 217 3 30 413 253 194 133 149 103 315 199 493 296
26 20 4544 385 235 290 183 180 105 100 66 20 39 140 74 179 105 228 133 482 289 111 62 350 206 442 263 317 180 480 288 422 257 379 233 268 157 387 231 291 175 230 148
27 20 4761 482 289 302 187 458 275 332 197 363 225 500 300 337 205 138 85 96 53 224 125 435 257 371 225 411 247 193 134 58 16 185 100 100 84 431 258 284 161 252 146
28 20 3771 185 98 395 241 10 24 472 284 170 108 386 231 496 298 346 203 192 132 94 63 158 79 58 28 308 189 393 233 216 144 228 135 424 257 2 29 113 62 68 18
29 20 3013 124 79 89 47 138 82 485 291 251 163 129 75 130 71 246 143 190 113 315 198 219 126 80 58 115 48 52 45 193 100 232 143 170 90 301 189 296 177 12 23
30 20 4324 466 280 374 224 115 89 31 36 373 231 148 105 87 46 401 245 420 250 268 164 498 299 37 30 476 286 59 19 76 41 317 185 497 298 330 200 89 61 343 203
31 20 5059 340 210 496 298 263 159 378 229 314 183 361 223 439 263 105 69 181 108 48 22 452 273 370 227 481 289 191 109 451 270 89 47 468 281 150 107 440 267 307 193
32 20 4829 470 283 498 299 49 30 451 272 341 197 5 12 444 267 366 222 421 255 15 29 222 145 405 238 328 200 421 257 175 100 436 260 150 74 393 238 118 92 329 188
33 20 4724 66 61 202 110 318 182 460 275 188 111 411 247 414 253 185 113 45 23 410 248 465 279 392 234 475 285 100 68 226 137 420 251 169 110 473 283 358 214 128 65
34 20 4443 438 260 327 201 101 80 98 61 464 279 174 93 485 292 354 221 392 237 321 200 350 206 302 192 129 88 32 6 197 131 455 271 157 99 188 119 293 172 297 190
35 20 3643 264 167 256 149 79 43 260 160 354 218 102 82 401 237 181 111 134 74 361 216 170 115 79 45 167 97 208 116 499 300 56 52 93 69 484 291 320 194 86 49
36 20 4189 211 129 125 58 230 151 221 140 81 24 400 241 341 207 300 178 308 174 1 12 430 259 420 251 115 80 364 221 160 82 249 159 307 190 304 190 442 268 228 146
37 20 4680 29 5 426 256 141 78 472 282 482 289 457 274 28 20 243 143 226 141 69 45 491 295 314 185 189 117 154 77 476 286 426 253 332 191 14 31 454 273 428 255
38 20 3692 244 157 307 173 8 14 298 175 348 207 129 63 280 159 245 142 500 300 262 156 24 6 250 150 307 181 425 256 72 29 3 21 236 142 321 183 277 154 79 55
39 20 3884 146 91 144 74 352 202 423 253 216 137 73 28 41 13 229 145 413 247 48 53 251 139 390 233 329 190 342 208 143 91 355 216 252 144 125 91 419 251 164 98
40 20 3957 440 267 54 59 352 203 376 222 328 196 382 233 79 55 262 169 72 29 119 68 466 279 54 14 257 153 19 25 151 89 266 151 346 215 464 277 284 165 176 121
41 20 4195 333 195 48 15 340 214 288 174 481 289 122 51 456 276 10 23 421 248 411 250 156 89 145 84 89 42 303 185 174 96 215 118 326 193 385 235 485 291 56 14
42 20 4020 440 263 27 44 97 56 2 4 138 89 492 296 446 271 419 252 385 232 168 92 4 24 120 61 92 39 390 231 313 187 495 298 263 156 259 159 443 266 33 42
43 20 3922 211 110 367 224 305 188 336 205 114 63 225 139 133 64 278 167 39 13 160 94 306 175 272 155 229 150 111 65 279 168 37 33 495 297 422 254 228 127 356 207
44 20 4059 205 109 321 184 85 38 250 145 283 161 348 215 77 64 388 233 89 33 296 167 109 72 363 220 484 290 43 6 321 184 92 70 180 125 466 278 362 210 312 179
45 20 2667 384 226 34 14 14 23 419 253 103 60 44 40 115 49 2 17 276 171 204 114 72 24 122 94 6 4 325 202 193 115 4 26 261 152 305 188 423 250 28 36
46 20 3426 250 138 100 43 15 5 203 135 370 230 259 149 263 169 259 159 296 170 343 212 93 62 449 268 102 74 223 120 68 30 64 35 368 223 2 28 468 279 88 33
47 20 3490 246 160 12 31 341 203 127 56 170 120 93 45 488 294 188 102 222 135 240 129 142 85 329 189 119 64 295 185 382 224 178 102 34 5 375 228 69 46 313 185
48 20 3990 290 182 476 286 16 29 149 91 401 239 433 258 384 234 497 298 105 76 289 168 141 100 84 70 423 255 26 20 428 254 247 142 182 96 274 172 29 26 114 85
49 20 3532 275 167 203 105 233 155 449 272 205 108 172 93 119 86 20 6 485 291 466 279 396 238 145 91 18 19 250 135 298 170 12 19 72 30 108 78 396 236 94 59
50 20 3671 353 219 241 132 56 40 33 45 148 69 203 129 187 100 310 178 113 52 434 259 193 117 232 128 481 289 256 149 147 75 467 281 49 9 152 96 357 222 177 125
