1 20 2146 44 1 52 91 243 8 179 167 33 52 65 59 176 24 181 49 19 114 257 92 81 181 286 124 294 114 9 18 9 156 164 103 198 94 220 40 146 122 27 81
2 20 1972 27 160 211 102 89 138 10 132 281 104 100 26 9 171 202 34 172 110 105 38 181 196 192 158 50 188 18 167 249 14 106 59 197 149 49 176 159 47 59 135
3 20 2594 90 171 165 189 189 191 287 43 177 173 161 167 60 44 286 86 178 14 104 15 81 130 191 142 211 50 26 193 144 122 223 91 235 151 208 62 213 163 14 90
4 20 2172 46 28 163 139 234 94 261 145 162 67 60 124 105 181 95 35 231 22 99 28 142 115 92 137 246 148 31 190 200 10 97 197 114 159 66 20 193 79 79 187
5 20 2261 94 186 278 104 132 135 192 189 290 42 61 115 241 154 233 147 21 168 69 124 146 21 233 155 42 178 232 182 29 174 192 82 166 37 78 83 49 126 49 151
6 20 2277 115 178 238 160 182 13 30 96 57 181 168 157 191 139 143 175 120 154 40 147 231 118 19 77 285 54 38 128 137 53 239 57 131 136 13 178 194 106 276 47
7 20 2577 194 176 98 12 198 35 173 116 243 132 73 69 35 120 151 173 294 151 193 171 176 62 210 166 142 75 129 69 85 170 51 116 280 39 297 141 80 104 120 101
8 20 2568 294 92 298 37 274 175 166 85 56 47 68 60 139 45 131 189 66 156 123 49 283 15 273 64 199 184 258 34 24 61 116 141 30 37 213 103 85 165 114 127
9 20 2236 253 92 278 71 3 14 242 21 168 67 109 107 67 90 190 32 89 106 61 197 87 90 237 17 37 157 50 98 241 165 22 96 16 162 247 81 141 91 258 169
10 20 2384 297 143 121 163 185 89 77 48 110 60 122 49 279 178 284 134 150 63 52 13 68 77 45 24 153 162 261 66 150 85 237 88 211 161 116 144 27 55 36 89
11 20 2311 90 115 33 53 182 81 71 176 114 188 116 193 187 93 150 9 198 2 279 49 81 66 105 136 273 60 78 199 102 64 30 1 284 114 193 64 280 34 43 57
12 20 2617 276 171 17 58 245 19 18 7 76 196 94 79 180 3 83 39 224 161 269 200 98 2 237 86 270 76 78 42 190 20 289 72 198 2 100 86 233 64 97 197
13 20 2641 1 42 279 108 147 15 45 107 212 157 252 112 105 14 289 121 36 155 168 31 190 180 263 95 116 56 251 95 151 45 97 153 219 39 43 130 260 195 178 177
14 20 2668 178 90 46 177 196 181 142 61 287 76 300 119 191 97 198 17 202 154 177 33 287 38 69 50 158 35 149 193 142 31 126 33 132 24 152 119 88 42 116 183
15 20 2651 127 154 36 163 109 156 277 140 190 180 240 34 270 11 256 158 125 82 30 76 209 88 270 145 118 30 221 166 161 176 49 192 35 181 240 1 226 160 125 173
16 20 2162 23 183 96 48 214 11 124 188 281 168 179 8 60 67 246 64 207 174 4 172 1 76 70 60 89 33 234 40 271 158 51 40 197 90 235 186 50 79 71 83
17 20 2442 124 60 18 158 123 83 287 39 170 4 240 196 84 151 43 27 129 55 188 174 238 182 154 93 226 60 222 72 163 194 105 123 10 92 259 64 259 116 11 27
18 20 2552 280 81 257 175 207 93 268 124 61 37 136 4 215 106 189 99 203 91 28 124 157 83 82 185 159 24 231 49 10 145 32 105 57 156 171 9 293 114 154 182
19 20 2291 43 125 44 101 110 103 280 64 23 119 53 26 225 72 86 44 158 27 12 174 141 170 199 185 246 92 221 167 274 29 235 139 152 53 69 64 138 62 155 177
20 20 1816 11 106 274 73 69 13 227 114 284 163 216 48 79 88 39 133 112 182 69 112 17 77 2 95 13 176 113 73 152 93 182 86 56 155 151 54 6 32 198 176
21 20 2338 20 50 35 168 292 53 126 174 245 190 172 180 184 25 37 93 74 108 146 67 18 135 93 34 84 114 299 138 71 32 262 149 297 131 285 120 24 131 159 139
22 20 2760 129 99 221 15 254 52 215 184 244 177 112 59 291 46 290 106 270 119 139 17 104 131 207 16 203 12 192 1 97 87 166 5 77 104 227 72 6 155 6 164
23 20 2232 171 142 192 194 2 131 291 50 36 54 183 19 226 199 25 74 172 199 113 188 195 100 3 104 30 180 87 147 137 185 23 7 186 97 283 57 221 174 215 98
24 20 2428 8 82 217 118 90 82 173 179 231 27 159 63 214 196 40 156 34 126 187 78 190 187 203 149 41 94 263 182 158 25 149 66 232 26 245 196 161 99 41 82
25 20 2503 11 20 225 63 238 24 258 48 118 107 96 185 249 151 205 111 128 187 89 34 290 80 111 41 299 3 115 168 135 66 144 113 163 194 162 111 87 28 6 108
26 20 2268 238 49 298 27 92 90 260 195 35 168 25 93 193 68 26 164 154 182 117 187 47 200 249 157 237 177 294 91 110 74 27 173 229 25 134 78 5 160 66 8
27 20 2169 230 175 50 52 48 187 137 5 161 100 202 152 6 79 87 127 116 144 138 70 120 43 257 3 230 197 124 92 270 199 174 95 54 157 215 185 43 182 50 132
28 20 2120 19 170 102 178 203 44 126 59 47 100 60 101 237 144 98 60 198 128 27 180 26 70 103 82 132 86 25 141 256 26 204 191 17 11 275 94 222 40 273 97
29 20 2609 284 106 262 16 279 131 91 184 269 23 252 77 121 168 255 133 137 28 153 168 276 193 38 71 52 104 2 135 174 21 67 148 91 173 25 192 160 28 274 141
30 20 2415 104 32 67 97 128 15 45 86 136 185 39 101 101 155 165 72 157 121 173 60 162 139 95 142 188 190 297 78 280 22 257 92 219 55 151 98 145 102 110 158
31 20 2500 293 24 204 129 55 148 241 100 167 117 115 72 141 128 143 194 90 85 179 151 57 5 210 67 284 123 35 199 117 168 43 55 257 46 34 24 218 22 242 130
32 20 2264 112 199 132 136 155 113 227 122 10 1 47 119 11 111 237 166 198 139 104 65 174 120 300 154 2 77 278 151 175 156 68 11 121 3 191 31 212 184 76 157
33 20 2103 269 108 65 49 190 184 176 98 8 129 195 38 274 25 54 151 130 10 91 110 293 134 29 103 30 196 119 34 27 168 82 157 75 53 60 152 219 141 243 150
34 20 2128 55 36 77 75 145 194 118 199 300 93 95 176 178 112 67 22 46 38 12 137 269 104 16 71 218 182 104 109 206 95 216 170 144 95 155 17 59 152 181 190
35 20 1728 95 11 232 176 95 79 24 102 162 159 3 92 111 120 110 134 104 167 128 25 77 198 170 145 139 36 239 142 26 42 74 196 203 11 56 107 74 128 38 79
36 20 2634 247 73 172 8 164 1 135 129 78 117 92 50 240 13 227 143 167 66 203 159 294 194 50 184 275 30 108 94 63 42 84 148 293 5 113 134 174 190 114 74
37 20 2004 56 90 24 40 139 128 283 165 66 141 90 27 158 126 194 149 111 48 32 52 165 148 5 121 197 11 147 49 116 46 263 132 211 99 51 150 56 182 141 189
38 20 3057 253 114 160 176 182 4 91 34 271 200 240 33 125 21 3 71 292 35 293 192 185 31 289 141 147 163 112 14 282 4 189 150 165 47 162 163 127 11 254 129
39 20 2014 124 161 98 125 289 70 13 30 83 192 217 127 81 129 274 86 164 191 110 8 18 83 234 105 120 61 88 52 36 142 54 74 261 7 13 99 62 32 179 170
40 20 2370 262 176 140 139 110 46 282 79 126 184 154 109 150 158 252 8 55 133 120 98 221 17 59 83 101 177 105 55 280 184 1 111 146 66 16 128 218 5 165 162
41 20 2439 122 111 136 43 40 39 15 52 97 135 54 114 156 123 275 197 266 75 46 127 207 44 241 87 295 28 240 76 131 128 42 100 214 67 188 127 220 28 64 144
42 20 2616 295 92 242 12 241 145 199 51 195 46 76 83 3 112 120 62 5 54 186 176 286 163 61 128 206 61 31 178 294 75 116 112 205 43 61 46 171 121 278 109
43 20 2757 129 31 283 149 300 93 289 155 6 74 260 82 15 99 226 76 176 165 4 77 218 9 142 7 35 81 150 117 274 149 144 90 223 43 105 102 281 69 187 36
44 20 3159 112 163 272 113 283 63 253 44 210 155 211 7 270 79 228 124 257 17 162 98 179 133 40 41 120 36 252 82 116 94 294 13 230 31 21 144 162 51 277 91
45 20 2296 100 185 282 43 7 160 77 29 300 141 231 175 249 32 110 40 13 173 49 86 100 93 181 122 2 171 241 186 180 130 15 10 128 177 229 38 255 86 121 74
46 20 2159 82 2 196 9 103 14 176 165 182 131 95 104 102 58 97 127 245 2 135 80 143 160 162 49 177 121 112 57 78 56 120 180 37 5 113 159 152 122 192 87
47 20 2868 272 31 111 20 237 143 79 156 248 8 98 89 186 68 98 20 292 84 248 133 111 13 166 123 211 146 272 25 224 166 116 54 260 93 19 193 254 2 84 113
48 20 2083 151 103 30 186 223 64 14 19 298 88 63 128 34 179 173 54 16 123 48 116 209 195 59 168 168 44 253 39 219 2 104 134 189 32 45 198 196 152 112 26
49 20 2017 88 141 56 22 65 169 199 154 29 192 103 109 4 95 261 102 269 120 157 38 110 156 26 17 137 65 188 28 135 36 2 104 53 143 275 127 91 112 274 106
50 20 1880 55 95 214 15 215 93 66 107 130 11 206 90 241 107 196 110 3 109 49 101 123 133 122 143 17 3 44 57 259 86 224 176 75 12 38 170 23 70 50 140
51 20 2700 117 178 242 197 162 15 288 130 196 135 60 7 260 162 89 43 298 44 195 118 108 153 244 61 29 52 119 148 281 149 289 148 281 24 78 122 11 168 28 142
52 20 2384 207 142 182 126 22 135 125 161 104 82 210 191 169 95 250 162 147 47 101 169 73 83 145 171 193 59 24 162 240 45 279 40 32 40 192 72 167 147 119 69
53 20 2312 53 93 199 134 248 169 84 89 201 134 129 118 173 52 1 187 295 178 99 169 245 114 231 7 170 173 109 25 165 166 3 92 107 116 115 114 226 117 37 109
54 20 2392 264 112 281 143 252 163 3 41 43 109 96 155 176 81 95 86 116 163 5 200 203 140 43 42 171 33 213 63 232 176 217 55 223 135 205 94 45 101 108 163
55 20 2406 63 150 118 142 239 24 1 172 164 104 227 99 284 96 87 30 40 120 216 140 105 12 267 26 11 136 122 18 219 110 284 106 42 36 168 103 186 79 165 191
56 20 2459 260 50 171 4 110 68 113 85 100 125 258 120 209 138 38 10 239 63 45 144 56 68 266 13 292 51 266 19 48 124 44 21 89 50 154 197 255 78 61 1
57 20 1983 28 23 20 63 54 131 122 172 99 61 187 80 224 36 52 89 263 31 154 58 101 1 200 134 144 101 134 191 45 68 151 56 145 78 149 72 46 73 161 172
58 20 2283 66 200 117 166 159 149 148 72 276 4 134 163 11 169 229 130 113 142 209 118 215 115 66 60 114 1 47 159 110 114 256 142 257 76 55 184 109 56 163 195
59 20 2258 53 130 133 182 281 188 150 28 26 45 137 86 103 25 38 64 299 125 215 84 184 59 189 134 149 178 76 151 174 170 49 65 142 135 269 99 31 25 125 181
60 20 2264 299 199 90 105 7 50 108 47 104 49 139 48 156 155 254 61 197 96 109 181 258 121 65 153 239 87 21 165 93 179 62 32 146 29 131 193 130 43 223 140
61 20 2463 141 94 74 37 93 117 267 15 180 2 131 128 92 130 164 178 121 68 216 50 272 128 71 65 277 197 128 58 161 8 91 129 228 56 1 18 76 166 295 148
62 20 1939 48 86 17 36 293 151 207 154 114 143 144 86 247 172 79 80 221 129 196 75 80 115 258 33 105 190 119 47 25 156 10 187 106 178 9 25 38 25 108 69
63 20 2592 87 198 242 47 134 200 273 48 161 146 213 129 6 16 200 22 13 192 49 37 157 47 264 118 200 171 85 199 294 46 259 153 195 52 246 85 53 45 109 50
64 20 2264 40 89 4 114 168 95 80 84 146 130 182 24 169 103 281 55 9 179 190 116 232 4 81 98 223 79 127 139 99 181 198 155 195 77 166 37 185 148 55 29
65 20 1998 203 102 278 181 94 137 107 93 117 191 38 92 179 40 163 72 264 156 68 95 133 179 161 186 178 139 4 110 66 32 143 116 164 68 55 58 37 15 46 119
66 20 2373 31 72 228 25 250 63 70 101 30 67 131 43 47 62 136 162 255 137 252 46 255 98 248 25 30 82 130 11 235 133 189 55 127 124 11 136 41 184 271 30
67 20 2733 219 17 246 189 238 129 245 186 21 87 44 56 265 6 114 19 37 119 70 136 56 187 241 77 292 184 221 33 111 126 239 127 138 183 189 2 225 155 206 13
68 20 2299 195 154 135 165 203 119 53 53 258 20 42 152 148 189 297 75 43 81 150 71 30 168 185 17 141 199 242 180 144 71 99 79 217 145 47 142 17 189 228 167
69 20 2040 151 47 31 161 23 27 292 88 89 85 179 68 260 53 61 192 145 36 82 96 106 182 145 12 188 82 289 33 95 20 243 163 45 124 32 160 90 160 4 152
70 20 2539 299 13 260 27 89 175 28 89 80 43 191 200 273 190 20 12 31 166 263 18 255 102 286 185 293 17 21 180 96 153 112 150 35 9 199 112 287 163 56 54
71 20 2034 77 179 188 134 59 112 86 108 157 128 2 144 44 98 103 178 18 153 106 66 124 79 246 48 207 27 194 10 117 187 102 22 70 51 209 134 259 68 175 75
72 20 2713 105 116 127 196 241 10 223 101 291 193 250 141 123 108 60 103 95 28 17 56 70 57 223 2 292 121 238 191 231 85 90 56 216 134 256 167 197 178 47 76
73 20 2724 285 134 175 30 87 33 153 182 85 128 23 28 136 8 231 189 262 130 232 193 257 101 136 97 165 120 110 4 161 155 293 21 294 189 178 135 23 132 119 49
74 20 2249 65 163 289 94 56 49 118 7 83 30 21 8 86 42 35 110 214 32 179 193 259 129 151 49 2 81 146 27 293 151 208 172 71 47 236 162 237 42 63 68
75 20 1990 4 108 64 60 136 176 156 187 29 178 111 124 281 84 41 189 212 181 12 120 57 142 189 183 54 77 121 29 233 158 47 27 248 59 185 160 162 108 146 26
76 20 2573 40 114 147 181 99 142 119 37 20 70 170 181 186 25 210 37 185 58 47 190 195 140 299 135 189 162 182 116 228 96 267 20 109 139 217 186 138 162 170 119
77 20 3180 126 16 189 90 108 114 266 128 234 82 236 123 243 113 208 25 272 42 154 163 273 82 239 27 271 109 211 50 156 113 130 3 152 70 216 191 158 5 133 179
78 20 1588 36 147 102 157 291 97 84 110 108 142 158 60 90 33 13 187 115 188 152 162 231 194 1 112 199 33 31 140 45 152 130 158 68 9 44 77 63 89 24 130
79 20 2193 266 146 5 80 121 164 168 109 94 177 121 20 78 94 169 96 185 156 41 92 117 47 93 92 181 131 120 47 210 86 35 40 184 85 168 55 138 112 248 31
80 20 2294 106 191 1 125 288 91 24 17 263 52 176 14 272 81 203 114 241 93 39 158 85 61 121 19 42 191 8 17 195 39 156 139 271 174 231 145 98 64 48 23
81 20 2444 10 92 209 175 219 44 103 98 123 129 70 56 199 137 142 127 205 143 224 35 99 85 197 51 146 77 106 192 74 56 288 58 142 64 237 128 21 79 241 95
82 20 2610 208 50 1 120 228 25 236 101 93 123 70 190 219 107 111 24 201 122 57 196 292 174 13 168 172 181 298 139 86 155 239 160 274 63 44 94 199 26 222 128
83 20 1934 43 160 228 146 34 36 238 18 300 17 34 53 13 62 108 166 82 12 198 134 183 192 233 2 149 36 72 197 237 83 68 92 111 23 72 70 1 25 14 150
84 20 2547 78 8 19 157 182 188 174 57 300 10 120 173 92 116 130 133 146 85 178 48 230 193 213 62 15 25 87 160 242 186 210 122 204 165 225 32 243 156 96 44
85 20 2476 155 110 49 41 151 9 195 138 76 110 81 50 10 115 62 33 234 64 227 80 286 200 132 195 208 18 275 153 98 77 258 184 258 146 58 10 198 191 84 64
86 20 2760 59 2 230 69 24 41 170 146 248 90 170 62 155 71 227 152 58 125 111 123 101 36 234 82 271 181 210 195 87 164 228 146 134 143 296 19 279 48 158 161
87 20 2792 61 168 202 66 276 157 191 183 33 30 204 22 140 162 85 194 240 12 214 175 157 163 176 176 291 140 288 127 31 91 203 43 257 15 48 179 98 17 295 184
88 20 2673 281 87 211 120 25 132 192 129 162 101 33 102 259 144 150 175 130 22 172 174 152 174 283 118 88 76 159 164 161 36 229 112 174 147 242 91 221 31 18 154
89 20 2049 74 102 2 137 230 34 203 10 10 167 273 191 77 10 51 2 249 17 139 84 188 148 48 168 8 150 270 118 60 52 193 56 137 85 23 107 111 21 216 171
90 20 2164 77 83 121 75 61 95 164 129 226 125 107 41 50 64 242 124 42 87 21 97 274 53 34 166 72 102 16 11 288 48 72 32 200 65 285 19 142 37 212 44
91 20 2668 64 28 182 170 89 76 272 166 285 121 88 30 258 31 241 93 90 180 180 133 32 163 248 143 271 143 99 12 69 127 282 139 110 160 47 158 269 176 160 17
92 20 2612 145 157 253 30 170 150 196 87 133 177 62 193 123 38 46 160 261 92 255 147 179 95 202 150 291 16 133 85 58 114 42 45 283 82 164 79 183 186 87 140
93 20 2809 212 195 266 55 262 87 262 186 3 1 282 80 97 123 285 193 254 47 190 125 57 134 232 162 223 195 45 79 113 200 114 144 60 102 273 52 82 78 200 13
94 20 2657 199 196 171 24 275 196 214 5 220 150 56 161 254 48 66 191 240 2 160 180 46 123 82 162 155 140 72 75 135 91 241 131 265 4 283 180 169 160 19 123
95 20 2503 96 37 15 32 261 187 183 66 154 138 91 11 80 28 86 183 26 65 176 120 225 93 283 55 240 103 134 127 68 36 187 142 251 98 142 120 200 10 231 15
96 20 2435 252 119 69 34 201 85 95 32 290 85 130 200 160 83 10 53 70 20 85 157 232 44 227 92 174 200 91 70 235 187 245 74 148 118 82 179 6 176 242 163
97 20 2342 279 122 220 35 26 106 114 181 168 137 265 107 144 184 31 154 210 157 14 120 239 37 82 155 79 56 156 150 76 181 27 122 267 81 214 72 211 16 106 25
98 20 1908 164 198 90 15 103 137 222 11 207 169 18 173 31 123 31 107 77 60 263 159 140 95 195 164 134 134 32 127 24 127 292 46 77 26 24 96 74 182 188 165
99 20 2567 208 72 255 191 139 166 213 162 121 198 16 109 216 176 269 133 198 147 50 85 69 163 151 127 184 110 13 25 285 1 57 27 261 147 241 59 7 183 256 59
100 20 2366 114 31 119 124 4 100 131 122 112 150 131 145 55 126 284 164 80 115 293 139 76 200 112 107 137 10 278 25 151 37 30 99 104 11 242 157 247 24 258 90
101 20 2212 194 154 186 196 120 146 83 95 204 124 251 79 282 47 69 30 113 66 119 98 15 112 162 161 112 152 10 184 24 16 34 179 95 167 159 14 262 20 271 152
102 20 2144 248 137 262 193 100 61 52 114 96 21 279 188 7 10 265 73 220 128 196 54 147 192 47 16 151 60 51 167 43 74 69 170 54 49 197 60 111 180 86 39
103 20 2160 150 38 175 159 254 114 195 163 56 17 51 40 119 183 87 74 168 65 275 24 184 111 27 123 29 100 236 69 206 169 106 89 40 171 29 14 83 142 231 25
104 20 2103 261 52 136 18 156 69 86 85 90 82 97 168 112 99 35 67 198 139 15 72 232 80 39 14 232 180 278 181 42 14 51 124 257 28 168 101 108 125 36 113
105 20 2495 258 130 110 152 240 103 109 178 26 196 286 44 16 149 21 22 29 111 284 23 87 72 122 188 195 51 247 48 23 160 283 151 174 110 214 44 161 111 234 10
106 20 2315 290 125 110 72 189 78 283 128 113 114 54 53 132 95 230 131 266 68 34 27 166 127 228 164 173 187 3 18 192 90 161 18 27 60 29 41 45 87 169 168
107 20 1956 299 151 157 138 54 169 26 42 21 38 105 43 143 172 44 170 48 184 39 32 255 35 158 52 44 24 245 44 54 85 82 18 242 76 123 48 116 51 191 184
108 20 2206 90 158 213 112 293 116 80 167 43 137 35 162 185 18 113 143 235 200 114 92 168 13 127 41 78 43 175 162 260 181 143 121 56 156 94 157 232 129 24 114
109 20 2005 28 87 2 13 24 95 51 25 241 121 134 178 21 174 63 6 128 122 191 34 264 124 229 21 175 104 158 189 207 2 21 42 104 44 249 69 21 72 196 164
110 20 2427 179 115 173 146 282 46 193 39 279 181 160 172 56 106 71 17 245 192 208 149 251 44 11 84 173 95 105 117 40 42 280 75 140 200 79 168 82 198 27 16
111 20 2593 289 171 230 111 183 90 184 85 82 161 117 25 139 133 278 129 116 70 193 179 246 130 207 136 63 140 164 21 102 141 75 53 295 42 139 20 99 96 41 80
112 20 2541 113 117 227 73 236 129 280 62 259 137 110 79 291 195 174 102 39 15 257 194 136 126 35 49 84 2 54 171 254 53 206 184 42 94 87 20 277 150 16 189
113 20 1889 40 19 158 198 196 132 11 36 98 72 25 69 121 184 238 63 294 186 116 3 144 82 106 146 34 17 100 1 52 22 87 111 118 60 50 122 231 134 143 94
114 20 2672 287 59 205 48 104 24 94 58 300 24 177 178 64 158 235 21 250 146 136 54 111 38 172 176 162 108 254 85 254 123 166 90 104 60 71 72 78 143 116 190
115 20 2307 227 82 66 103 198 134 10 183 10 114 281 198 55 100 132 86 53 152 295 179 76 98 166 36 292 9 124 49 20 150 79 65 253 50 157 194 153 66 237 175
116 20 2708 298 104 245 34 296 21 161 42 211 82 219 91 39 81 297 198 264 84 189 164 133 87 46 140 183 189 61 61 284 197 293 104 44 12 5 34 57 195 61 107
117 20 2447 98 107 231 115 94 135 229 94 104 164 15 10 206 96 186 54 165 79 42 93 175 3 275 138 118 129 44 57 8 2 95 8 240 154 207 176 242 153 285 17
118 20 2460 96 116 170 182 190 14 240 15 162 29 294 130 52 101 120 5 238 169 6 161 174 64 84 67 85 97 218 179 235 59 25 187 147 117 288 27 36 30 215 153
119 20 2340 290 88 200 138 262 20 68 99 10 134 31 68 190 111 186 115 187 160 71 147 284 160 78 120 228 98 12 6 251 162 16 61 138 70 106 80 120 61 197 143
120 20 2243 137 103 29 141 239 11 34 115 275 105 18 41 296 106 178 190 113 136 82 158 76 17 197 184 95 40 294 137 186 87 4 175 260 145 12 48 136 105 143 23
121 20 2198 257 137 119 134 29 162 257 11 61 155 241 74 74 147 52 14 71 119 95 109 228 171 186 28 166 148 290 133 34 65 176 130 114 22 48 185 64 145 186 151
122 20 2463 166 49 274 130 80 39 147 10 214 172 141 167 129 180 26 122 44 167 268 195 212 58 123 106 54 104 68 17 289 84 19 178 198 131 291 185 62 167 274 20
123 20 2674 66 83 20 193 288 150 276 57 184 97 180 192 133 141 250 99 41 13 154 57 178 167 298 199 38 65 97 20 288 90 245 174 252 48 145 174 66 169 144 137
124 20 2644 166 152 8 151 142 62 14 44 137 41 145 19 185 116 107 80 258 90 204 101 193 181 150 119 275 94 132 27 167 139 98 131 151 104 286 191 260 191 228 199
125 20 2342 280 193 297 39 19 33 199 11 153 81 9 81 11 186 182 177 299 29 201 42 123 16 46 22 223 30 41 10 13 191 231 10 296 60 194 45 49 96 62 50
126 20 2508 281 173 185 26 223 81 32 16 24 184 296 32 89 118 97 23 23 185 190 11 86 17 69 200 55 121 268 13 126 179 203 93 289 48 243 109 150 188 207 154
127 20 2292 247 58 275 184 14 193 153 100 254 66 235 179 117 54 110 163 43 155 123 72 152 55 6 131 29 77 228 72 258 113 290 98 49 149 144 19 135 98 4 4
128 20 2714 13 198 155 48 120 109 256 189 83 123 240 130 95 54 288 98 36 69 48 178 279 109 205 31 271 110 189 141 26 61 249 136 145 85 294 75 159 54 242 190
129 20 2265 272 22 230 11 130 61 166 6 47 142 231 80 147 165 222 199 33 12 209 11 3 78 26 67 232 124 188 182 208 32 179 168 14 194 7 5 193 105 95 116
130 20 1863 205 48 61 194 44 73 269 152 162 181 84 23 173 59 256 8 97 81 81 33 55 96 111 22 69 173 286 53 102 142 1 188 4 103 84 157 163 25 22 110
131 20 2084 80 190 158 41 209 181 240 188 45 17 208 195 116 169 291 97 189 167 47 195 61 32 88 77 246 83 9 66 34 144 53 55 229 89 118 37 69 199 116 107
132 20 2389 75 181 121 135 281 49 153 116 72 187 15 94 198 9 170 179 7 107 114 81 226 143 194 107 125 163 207 94 288 23 14 29 237 30 136 74 227 179 127 126
133 20 2578 141 119 253 153 80 80 215 31 232 155 151 55 193 34 239 125 154 66 219 169 241 194 199 6 56 16 160 111 177 40 62 74 44 175 205 22 52 190 150 165
134 20 2314 206 25 190 143 52 21 89 181 124 14 186 22 159 149 223 177 118 119 83 36 230 171 231 199 42 155 186 7 101 104 168 105 16 32 291 36 100 47 98 67
135 20 2591 285 23 114 5 25 29 153 77 88 146 45 29 212 91 275 14 148 21 187 98 45 74 178 154 205 22 294 73 198 105 24 185 169 49 247 79 251 107 96 26
136 20 2466 299 131 159 61 113 100 133 172 72 118 153 183 188 41 11 9 231 125 194 18 225 94 1 23 227 165 300 99 298 150 3 107 261 28 44 72 54 36 117 26
137 20 2624 174 166 279 120 276 98 204 50 298 194 171 163 69 116 146 151 47 106 179 145 240 68 42 131 273 87 247 177 286 161 79 99 23 61 60 42 173 168 14 105
138 20 2354 267 75 267 127 264 29 58 147 54 157 19 103 82 170 21 3 17 37 202 152 109 75 117 99 150 124 151 77 158 54 294 59 67 79 289 74 75 165 282 100
139 20 2143 40 93 288 66 125 39 219 177 156 92 107 44 184 144 44 38 100 88 206 32 135 79 86 179 155 153 132 63 70 183 19 4 76 192 233 51 131 194 173 9
140 20 2203 86 33 251 130 177 100 186 111 202 86 76 199 76 155 144 70 243 40 72 48 206 16 42 78 57 74 156 30 8 128 53 156 170 59 126 69 150 98 273 21
141 20 2408 254 48 71 110 68 27 179 112 33 41 101 91 127 133 41 15 295 176 140 73 177 66 211 50 98 148 76 126 105 149 261 42 211 192 240 159 202 34 121 109
142 20 2784 220 16 215 99 107 92 235 10 300 24 133 26 28 128 252 56 162 192 212 195 17 146 283 4 190 157 205 195 172 19 193 184 114 112 55 167 181 156 207 34
143 20 2760 31 71 56 12 211 161 254 120 290 166 92 155 196 174 253 57 150 154 94 122 130 81 283 144 243 5 77 94 192 59 163 63 94 98 67 161 278 169 297 65
144 20 2552 159 10 220 25 196 113 249 111 7 62 67 42 277 13 180 4 10 115 300 64 123 93 248 34 140 186 291 116 115 37 103 14 202 56 135 19 132 178 36 125
145 20 2690 103 3 225 186 93 33 186 53 188 99 276 102 285 55 170 190 165 195 122 166 51 170 42 70 251 46 138 79 136 102 261 143 159 107 284 98 96 60 132 20
146 20 2314 29 41 172 53 98 140 82 33 180 75 243 187 167 1 9 119 12 119 207 198 34 147 197 59 296 114 150 95 47 142 294 65 221 31 84 11 200 116 171 120
147 20 1988 7 28 17 107 269 110 114 76 213 108 26 164 194 36 236 71 285 24 110 18 50 138 23 35 278 144 58 186 50 123 43 43 141 90 94 200 226 107 52 14
148 20 2040 280 164 86 10 25 116 171 48 129 11 97 161 300 53 110 8 37 137 145 7 176 68 175 1 72 153 143 24 295 14 19 53 31 119 63 148 47 174 149 59
149 20 2504 284 156 261 158 121 92 182 98 126 192 238 23 43 137 126 6 172 116 117 14 198 127 208 103 85 130 283 72 186 60 145 156 150 50 29 171 116 10 61 172
150 20 2119 44 124 115 163 13 145 201 32 28 8 237 20 54 51 284 54 144 72 56 189 293 61 53 155 249 53 213 43 29 161 268 168 174 147 28 164 35 46 131 81
151 20 2679 268 190 97 77 268 14 62 152 143 100 43 54 192 45 138 91 100 179 197 8 230 114 127 190 12 131 263 11 161 104 138 48 244 9 232 183 271 42 163 159
152 20 2751 274 104 67 151 25 83 280 139 268 130 125 16 23 152 291 11 254 101 262 93 270 114 165 123 253 102 190 35 105 112 130 116 60 33 2 81 131 132 264 43
153 20 2131 117 97 250 197 58 104 150 161 114 42 135 105 33 100 89 16 209 134 49 54 192 28 271 98 38 116 210 184 106 48 202 54 130 151 172 9 138 37 1 138
154 20 2332 47 41 150 115 31 127 151 146 229 65 249 193 201 38 228 197 38 8 191 187 163 88 52 143 297 49 250 162 30 127 72 47 289 91 77 126 121 133 50 36
155 20 2420 66 7 135 178 219 109 104 55 144 168 7 78 48 65 241 120 84 27 195 24 1 90 231 176 164 56 300 3 167 7 50 58 155 76 263 13 269 115 182 184
156 20 2540 181 74 109 17 19 142 57 89 200 17 261 50 239 99 215 90 284 49 224 103 156 186 3 70 137 138 229 136 10 171 176 112 298 75 103 34 260 8 14 12
157 20 2536 1 179 147 36 193 3 269 43 48 103 151 39 181 44 167 32 132 14 173 48 108 194 290 139 238 69 292 61 209 167 45 3 105 104 109 127 68 34 245 168
158 20 2336 201 10 256 2 10 188 85 36 283 88 148 20 102 24 228 92 164 40 105 9 143 21 81 16 69 196 89 98 41 63 186 196 259 87 173 196 12 148 286 57
159 20 2157 68 6 52 120 81 180 23 156 83 82 59 122 246 56 290 35 125 3 253 112 145 98 184 180 111 177 106 175 144 105 40 14 225 64 199 165 243 106 20 199
160 20 2245 83 200 10 181 185 173 60 52 157 35 260 189 151 130 141 157 138 137 171 174 43 73 92 93 68 195 78 99 2 150 236 72 270 28 229 66 204 50 229 75
161 20 2580 47 170 40 31 159 176 247 128 46 53 270 76 105 194 215 102 144 113 108 97 157 84 217 181 227 7 293 141 92 29 80 23 114 185 213 142 270 107 182 83
162 20 2739 9 82 139 165 238 113 151 62 199 179 254 96 71 112 269 41 122 119 118 194 212 153 262 103 29 169 235 21 76 167 276 138 238 67 227 18 18 94 281 193
163 20 2263 177 156 62 187 70 178 108 146 171 200 114 39 254 39 42 163 207 161 255 27 4 55 140 101 189 177 64 105 173 28 129 54 11 200 148 143 280 187 231 80
164 20 2199 24 20 129 21 69 10 73 140 207 123 85 127 216 24 174 141 172 5 36 62 293 69 253 160 28 94 11 94 225 158 80 71 215 200 241 30 58 42 160 45
165 20 1892 119 164 83 1 23 164 288 128 199 65 275 158 101 1 70 55 92 172 16 76 71 81 239 147 66 115 239 189 46 3 143 70 60 40 18 54 7 132 211 185
166 20 2596 42 47 230 5 290 196 194 28 133 60 136 163 207 12 153 143 245 56 2 83 159 20 256 134 132 152 70 174 115 200 264 94 29 131 277 82 127 185 185 128
167 20 2643 151 45 119 120 199 34 216 90 2 24 139 90 264 144 14 29 130 43 114 114 207 146 31 61 233 188 296 100 296 123 206 62 142 14 270 134 26 123 249 145
168 20 2664 279 54 69 192 188 3 298 90 215 51 34 186 161 146 293 15 249 96 117 142 191 36 253 184 5 174 246 97 153 175 26 78 18 24 215 41 297 192 23 94
169 20 2096 240 135 276 53 22 134 94 33 120 155 189 50 19 155 250 108 49 92 51 5 83 162 188 117 97 54 92 191 60 143 300 164 46 49 82 127 109 20 253 189
170 20 2508 260 138 104 155 47 192 247 119 276 181 103 72 71 133 16 179 291 98 123 124 217 89 92 141 231 28 40 114 18 89 191 126 267 104 240 102 95 111 206 50
171 20 2062 237 64 21 169 262 43 156 155 165 180 55 170 161 48 270 134 164 118 149 170 39 152 49 114 9 91 153 30 53 187 68 103 157 171 97 178 18 79 295 135
172 20 2008 38 22 5 117 8 133 115 177 6 22 290 63 70 38 274 149 85 110 102 70 117 135 74 83 220 164 17 73 242 31 267 52 51 132 243 85 49 20 237 40
173 20 2676 68 56 74 171 281 113 237 160 182 14 78 126 7 45 237 76 66 183 187 23 100 75 272 83 171 34 136 1 255 17 134 153 213 40 181 7 271 141 195 60
174 20 2930 269 178 183 35 294 171 183 112 179 114 192 106 203 14 210 111 106 66 300 6 102 80 166 121 214 184 288 41 255 40 96 49 131 187 252 4 19 82 21 127
175 20 1620 110 42 219 43 169 112 48 37 49 143 87 50 76 35 170 39 43 15 7 186 235 108 37 189 42 177 129 153 57 42 210 124 224 27 33 190 59 24 22 20
176 20 1976 43 168 272 110 99 155 95 157 277 115 193 129 185 170 160 142 185 113 60 61 7 39 55 108 125 183 266 189 130 113 19 31 35 112 98 200 46 66 121 198
177 20 2475 225 31 162 111 249 132 219 56 159 197 197 46 251 132 65 192 6 198 187 26 6 122 270 179 61 3 266 145 103 57 240 132 50 14 56 185 288 136 34 57
178 20 2172 185 49 61 139 116 156 299 188 107 83 112 120 25 104 131 151 261 141 226 149 215 69 106 1 290 4 75 82 124 66 34 154 123 173 66 91 55 18 105 79
179 20 1996 102 55 39 108 133 188 143 196 101 73 239 172 297 9 240 17 175 171 67 2 53 2 88 80 66 75 40 139 174 161 129 165 150 51 45 15 23 169 192 200
180 20 2428 84 96 276 135 146 19 20 5 111 150 145 110 43 188 210 104 41 13 36 49 113 128 266 76 250 17 251 4 54 63 187 18 163 190 91 106 297 158 252 29
181 20 2494 39 41 229 101 178 25 145 17 270 30 60 127 146 126 226 180 138 137 265 69 74 123 62 175 189 121 245 61 7 70 234 115 253 134 56 9 236 95 66 28
182 20 2284 191 2 30 151 39 51 84 179 183 89 300 154 285 83 9 65 210 36 112 78 288 103 153 179 64 122 59 88 212 139 38 183 162 9 220 12 82 155 134 125
183 20 1871 158 156 98 185 90 14 155 163 24 71 23 78 93 94 22 32 124 124 259 112 139 152 114 147 157 196 46 33 142 99 112 36 124 73 131 94 132 38 196 9
184 20 2405 43 30 63 55 202 172 293 116 64 117 114 20 268 129 153 196 39 122 199 9 174 107 179 195 290 150 24 52 198 91 242 50 296 100 29 15 37 14 100 58
185 20 2375 70 89 277 173 113 171 139 14 35 19 75 108 125 84 199 21 207 137 117 61 132 153 235 101 83 179 292 59 224 79 23 83 286 121 19 20 271 10 47 47
186 20 1507 8 66 8 96 10 162 49 106 59 198 14 101 251 190 158 92 233 11 148 181 38 165 110 188 6 178 237 196 82 145 80 184 5 140 76 74 289 197 23 127
187 20 2144 128 181 159 53 42 3 133 153 136 196 246 43 227 42 166 55 165 172 19 56 280 143 249 84 103 156 44 171 211 42 113 63 61 74 109 120 66 154 24 119
188 20 2364 77 101 259 145 270 164 109 92 244 55 158 108 168 161 31 171 21 56 113 89 273 18 214 141 194 100 191 43 124 44 229 184 62 165 56 26 71 134 91 181
189 20 2574 183 3 236 64 214 36 24 34 259 90 240 114 230 53 166 99 101 91 122 184 200 15 262 140 90 170 3 68 202 18 148 51 78 94 5 164 280 25 175 36
190 20 2291 250 120 212 200 47 125 195 24 43 70 78 37 96 155 156 27 22 69 194 29 119 118 168 167 235 29 13 107 132 90 268 185 96 16 197 105 280 88 63 160
191 20 2316 201 199 185 120 167 29 161 168 156 156 291 88 12 123 53 86 163 120 108 44 74 99 180 167 174 38 149 146 25 169 219 54 37 28 198 41 281 19 62 61
192 20 1906 22 134 89 158 10 8 117 64 153 149 53 152 216 117 5 123 20 83 16 188 134 128 229 77 74 87 258 103 224 63 121 46 121 163 161 90 251 164 109 156
193 20 2896 132 44 248 130 213 47 85 97 221 106 80 155 288 77 42 90 144 155 291 41 249 152 250 99 191 100 110 169 262 118 113 184 164 13 179 147 148 114 211 16
194 20 2255 152 167 254 19 259 72 47 129 12 192 149 122 226 24 59 76 8 145 16 25 280 159 189 192 79 56 209 42 270 45 114 118 181 111 139 37 102 29 74 3
195 20 2369 101 41 12 61 276 28 112 121 53 22 295 105 130 198 68 92 120 83 65 166 124 116 24 15 81 84 83 51 178 157 162 14 271 76 273 50 258 51 276 181
196 20 2447 217 176 289 85 22 124 157 117 93 117 267 129 23 94 239 35 128 29 140 123 289 92 39 10 233 34 134 107 255 27 67 1 62 58 112 80 90 143 203 74
197 20 2434 207 24 299 61 69 80 172 74 247 172 68 129 113 34 183 95 141 42 85 194 44 73 296 33 281 177 153 165 141 141 107 150 154 91 245 123 36 52 2 98
198 20 2456 153 123 208 162 243 48 175 137 128 126 36 62 146 167 28 69 234 32 168 187 127 178 241 13 116 113 52 61 246 174 20 153 152 149 245 147 209 64 143 7
199 20 2784 195 15 220 6 294 147 169 186 42 84 212 124 233 141 245 94 10 153 7 85 251 71 186 57 27 91 194 158 297 50 225 75 133 162 154 80 209 114 178 185
200 20 2243 189 13 34 40 204 109 190 56 215 135 35 46 150 85 140 71 93 45 111 43 263 189 278 180 63 99 139 96 50 179 7 148 168 131 65 152 247 90 163 59
201 20 2386 156 61 32 110 283 97 127 68 138 29 101 23 237 12 130 156 32 124 58 81 51 86 242 92 285 160 148 127 215 31 213 184 172 100 103 84 200 11 60 99
202 20 3061 93 102 283 155 296 36 274 71 21 86 61 97 289 159 277 189 187 61 101 177 106 45 144 143 248 91 299 153 281 197 170 171 116 11 286 44 90 107 205 162
203 20 2320 76 127 166 91 45 72 171 141 211 132 84 154 281 139 247 100 177 22 45 86 91 166 5 52 197 43 200 165 270 110 209 111 46 53 132 142 77 136 171 98
204 20 2043 181 112 116 94 37 148 96 145 23 83 280 193 22 124 246 121 102 80 265 114 276 92 76 65 137 172 97 47 67 171 52 168 19 161 97 61 167 70 198 93
205 20 2764 241 192 159 190 8 197 30 1 251 89 15 194 197 104 241 89 120 76 265 160 21 102 152 8 291 72 16 48 230 43 237 108 264 58 272 133 269 164 176 194
206 20 2264 249 119 177 109 73 118 225 15 43 71 79 194 224 37 31 106 106 123 191 98 207 188 167 9 82 178 267 11 208 181 7 24 238 184 170 163 34 35 53 39
207 20 2940 218 136 183 27 299 73 218 180 269 167 177 66 27 150 197 81 250 51 276 16 204 173 39 171 204 112 10 22 246 25 275 146 33 150 240 31 83 187 227 10
208 20 1781 13 137 131 122 149 112 11 130 291 57 132 110 86 90 192 13 8 196 237 43 201 193 8 81 211 37 26 166 151 54 58 123 13 36 68 160 109 90 132 52
209 20 2801 244 24 234 40 210 179 270 92 165 111 25 186 204 7 9 116 275 144 238 28 294 40 210 100 112 26 131 186 293 139 138 123 119 48 129 188 150 21 52 56
210 20 2061 104 69 164 128 176 6 124 3 245 108 1 35 108 162 2 171 127 175 196 49 286 100 209 166 33 135 194 151 78 118 136 24 5 1 84 175 89 2 216 133
211 20 2586 255 192 280 158 7 9 258 138 18 113 70 10 138 4 277 126 283 128 167 49 237 181 252 54 64 143 227 198 131 199 31 137 171 86 269 42 20 2 78 56
212 20 2164 92 119 87 196 104 111 53 170 77 184 29 199 295 134 20 131 267 121 165 39 297 122 220 16 286 40 116 169 252 137 5 49 139 9 126 25 43 1 32 66
213 20 2376 202 174 36 36 76 76 20 178 257 126 100 69 32 87 268 61 208 77 285 98 154 102 193 195 203 62 107 187 105 143 294 14 73 197 30 133 206 185 122 35
214 20 2414 102 186 144 122 171 183 188 67 159 49 270 148 66 181 25 81 179 136 185 56 241 64 101 6 199 57 195 104 70 70 178 80 92 88 82 156 252 49 119 92
215 20 1566 42 194 97 133 107 47 155 32 112 35 10 182 151 44 57 19 9 3 206 163 35 118 121 18 49 192 65 154 64 123 116 96 293 182 117 64 45 156 107 96
216 20 1873 30 126 124 155 187 88 45 176 12 44 114 86 32 74 288 73 223 199 174 38 96 53 22 90 19 22 270 38 252 63 3 170 164 156 174 43 54 150 59 167
217 20 2053 272 83 102 101 226 89 224 138 168 175 172 157 111 64 273 91 62 172 81 51 3 143 6 123 150 178 1 21 35 118 185 1 124 113 81 150 280 184 11 96
218 20 2744 76 58 88 127 1 158 33 93 197 123 157 124 242 154 208 51 244 23 289 36 271 86 116 143 159 97 186 105 190 88 245 24 160 84 167 44 250 120 151 166
219 20 2229 80 150 17 92 148 71 21 87 243 9 202 182 44 56 242 93 154 6 206 104 214 34 178 46 132 66 195 19 61 164 40 105 260 35 155 13 65 146 130 30
220 20 2424 86 164 51 67 123 187 134 108 186 98 238 119 181 192 72 148 217 104 113 145 296 191 109 154 193 61 80 117 155 80 228 88 214 137 1 136 156 13 198 197
221 20 1936 17 28 146 184 107 91 297 52 127 129 39 159 166 65 99 137 48 3 121 199 14 164 174 14 300 50 7 70 70 183 59 155 285 181 96 181 205 103 44 38
222 20 2455 154 146 1 125 226 183 193 65 296 110 212 53 248 181 154 11 202 36 86 40 136 135 191 101 154 43 142 87 10 154 23 123 287 153 112 129 1 80 241 197
223 20 2185 97 155 208 141 89 96 134 184 121 192 41 145 226 163 61 149 145 148 126 115 244 166 35 101 6 152 3 153 299 173 151 64 293 56 76 189 252 135 125 122
224 20 3037 278 177 290 90 214 20 243 48 101 149 261 145 201 167 138 137 249 115 107 41 254 153 263 101 88 31 155 116 227 73 118 115 61 15 164 12 184 197 201 6
225 20 1866 20 137 193 85 170 195 200 159 2 70 49 167 127 83 14 169 224 126 129 124 19 107 43 23 54 25 180 103 186 63 81 171 210 132 62 18 180 161 190 169
226 20 2380 180 182 103 55 255 2 58 72 104 34 90 7 299 144 146 99 25 30 13 159 1 86 173 82 234 9 9 105 198 50 250 44 158 115 295 200 158 43 227 46
227 20 2389 122 126 289 30 157 174 69 28 157 132 186 42 241 118 180 157 242 18 295 137 60 122 66 164 120 130 103 72 151 37 150 76 47 39 181 119 143 113 28 31
228 20 1724 67 99 63 23 24 65 10 177 52 175 259 180 51 107 19 166 237 175 105 77 148 27 3 64 225 110 23 200 252 42 36 46 178 56 128 181 150 52 125 110
229 20 2827 99 52 12 76 61 74 269 195 270 94 263 105 252 15 118 73 139 121 193 34 125 55 288 127 104 114 100 160 296 90 186 98 295 37 48 73 153 158 263 149
230 20 2440 220 63 223 3 249 189 117 74 86 109 31 87 41 99 58 159 137 161 238 107 73 94 287 111 300 28 276 151 167 176 27 64 72 171 147 64 150 139 152 108
231 20 2344 157 126 20 153 14 125 200 6 214 128 197 40 97 94 259 77 52 182 191 79 123 65 88 73 274 125 169 113 259 108 45 129 72 141 82 180 136 104 281 42
232 20 2256 73 52 108 160 80 173 76 111 229 199 115 161 292 174 274 159 273 5 31 3 59 152 209 185 118 141 225 30 14 45 205 1 184 54 103 138 26 200 126 150
233 20 2268 11 106 1 83 33 12 58 51 142 104 130 83 113 21 93 199 246 20 266 19 221 153 70 122 70 7 119 186 287 121 254 40 148 133 225 193 119 158 230 5
234 20 2351 188 74 170 165 224 76 60 164 179 102 38 2 230 172 59 76 68 168 290 164 40 116 150 122 213 110 159 48 202 143 193 84 40 40 186 109 203 84 47 72
235 20 2420 258 41 131 45 169 101 117 104 287 61 147 163 191 9 77 57 217 129 29 177 74 107 115 134 261 141 187 195 212 85 90 88 85 113 9 138 77 47 292 185
236 20 2668 156 126 250 105 27 145 287 119 171 157 26 103 268 160 18 15 21 139 229 5 275 48 252 81 211 11 168 17 2 106 245 56 48 170 282 123 132 51 268 124
237 20 2429 217 3 279 130 232 39 157 24 183 86 267 119 239 127 201 9 23 13 46 68 245 70 96 3 150 123 70 198 138 175 19 196 139 41 83 128 88 181 165 5
238 20 2637 213 157 17 166 201 119 281 142 155 33 237 46 114 42 280 8 220 131 193 89 96 87 68 97 79 161 146 9 167 105 38 6 111 156 232 23 203 199 246 39
239 20 2460 153 119 199 77 239 151 119 61 74 74 250 92 141 118 9 61 6 104 40 114 248 1 245 168 5 188 282 74 148 152 254 79 102 97 283 179 178 13 100 26
240 20 2354 195 102 3 161 116 172 252 60 236 44 88 73 92 101 239 20 180 197 140 85 99 156 4 30 268 43 188 83 88 14 32 129 32 150 189 164 299 197 203 90
241 20 3080 182 34 139 48 173 180 216 44 29 68 59 26 272 199 185 76 222 144 194 45 263 7 175 83 149 66 273 52 170 59 254 43 288 40 204 144 172 36 231 153
242 20 2162 259 10 94 79 52 65 20 50 162 137 5 49 224 59 44 106 282 56 70 38 48 112 157 133 120 136 195 156 201 117 117 95 133 157 224 151 216 13 80 156
243 20 2109 260 4 86 60 286 78 13 15 131 155 172 63 9 99 142 140 90 31 220 58 299 131 114 1 57 174 173 151 183 9 6 44 165 89 1 134 192 123 38 147
244 20 1960 181 183 24 199 97 150 123 107 11 38 53 182 243 75 153 157 23 94 292 68 173 122 2 34 22 140 39 10 85 47 262 69 87 57 159 131 125 107 297 39
245 20 2356 218 67 222 192 39 197 1 95 106 64 265 118 208 48 161 158 204 187 65 83 256 5 170 138 153 104 56 195 4 100 247 56 99 73 238 139 213 97 20 102
246 20 2432 128 158 192 131 151 114 234 162 171 190 77 162 12 61 296 44 142 195 247 15 212 65 69 154 254 16 133 40 1 88 126 59 12 62 245 61 232 191 107 170
247 20 2805 2 79 288 196 189 58 192 1 151 71 264 105 229 122 97 146 265 57 299 100 249 199 14 6 171 111 256 182 60 4 152 78 194 163 168 166 115 111 152 75
248 20 2877 186 90 127 92 230 149 211 129 233 127 280 136 285 21 231 2 126 71 164 56 94 61 120 25 66 117 230 132 212 107 166 195 72 125 223 69 129 189 212 117
249 20 1806 45 190 169 103 41 170 107 147 96 193 17 113 90 101 212 185 84 72 5 87 249 16 240 196 99 67 54 20 84 9 124 67 4 91 113 171 141 174 284 131
250 20 2135 107 37 62 189 63 145 60 92 217 114 178 133 283 132 14 191 49 116 34 108 36 194 263 95 104 96 66 96 121 75 217 176 222 52 248 94 232 4 93 69
251 20 2112 253 180 21 113 93 193 295 68 73 55 175 46 81 161 73 118 294 19 73 174 39 17 143 130 247 141 31 162 65 183 136 88 16 193 222 132 264 58 47 49
252 20 2665 119 174 16 133 214 39 293 54 290 131 224 48 106 89 280 18 92 78 213 195 34 165 209 3 13 66 251 82 60 56 193 167 273 25 113 134 58 164 281 185
253 20 2336 139 171 47 115 65 56 130 145 179 104 122 122 209 85 21 185 231 8 202 136 102 68 272 29 201 131 66 65 174 32 93 102 21 179 153 163 233 93 261 168
254 20 2640 215 6 143 87 211 19 207 106 232 174 29 173 232 135 21 28 267 181 154 111 167 185 60 132 177 80 102 69 194 21 178 169 169 162 246 154 290 14 6 164
255 20 2340 232 95 68 181 98 25 182 30 2 37 248 167 49 155 226 178 23 88 220 70 103 153 290 198 210 109 40 91 218 87 99 61 200 149 261 155 153 157 3 64
256 20 3025 165 180 176 163 293 65 93 126 233 89 244 45 193 77 124 34 152 84 172 103 167 83 270 11 12 141 289 130 253 70 298 62 159 13 101 169 204 86 184 49
257 20 2568 52 153 217 18 295 87 222 176 191 74 278 58 114 60 125 71 138 194 121 21 244 14 171 42 195 56 10 98 297 43 1 121 38 198 103 88 276 49 123 81
258 20 1910 112 68 69 52 260 72 136 160 47 20 38 133 198 90 152 35 26 29 77 150 200 91 144 123 139 117 3 17 196 136 103 109 113 23 12 19 156 93 207 70
259 20 1879 107 97 13 191 54 45 27 192 79 111 269 92 8 38 3 91 249 81 248 27 260 103 78 136 81 72 66 17 12 142 270 150 138 153 216 48 162 87 9 149
260 20 2728 290 94 186 57 46 138 101 46 65 108 61 109 297 184 236 55 202 156 228 105 286 139 223 135 32 79 203 53 235 123 97 119 148 158 39 103 266 85 169 153
261 20 2257 87 126 282 139 147 152 156 33 16 40 177 196 186 66 151 124 251 131 57 105 32 21 222 162 109 79 198 74 194 88 143 178 99 126 73 99 7 26 235 49
262 20 2482 204 9 276 22 11 35 229 169 102 6 38 103 231 181 19 5 57 156 160 39 256 148 168 51 244 130 57 5 87 124 23 59 292 183 290 19 67 174 292 52
263 20 2500 201 183 227 39 221 106 119 79 86 27 180 193 235 50 207 94 28 196 294 52 221 79 46 99 261 70 33 99 199 26 198 58 89 180 209 118 56 193 15 164
264 20 2102 155 95 104 22 197 25 67 155 173 115 94 83 24 50 23 123 212 35 282 103 111 23 250 39 37 75 39 199 95 80 104 100 279 40 79 99 265 11 38 34
265 20 2638 150 140 122 154 273 169 225 42 258 167 69 17 294 132 123 166 26 12 166 112 222 173 235 139 201 183 249 48 174 20 107 174 176 106 66 115 145 134 17 165
266 20 2484 12 133 67 169 80 24 34 143 132 136 165 187 270 155 292 127 136 8 172 16 105 179 236 53 22 48 245 143 178 134 209 164 182 136 46 41 244 187 278 186
267 20 1918 93 42 180 74 229 110 142 197 65 48 162 157 128 175 124 196 16 43 218 70 199 33 88 108 40 174 94 67 267 109 51 36 41 187 124 134 130 113 7 17
268 20 3175 81 44 184 72 150 72 260 200 232 128 169 152 300 130 169 52 189 56 207 160 242 182 192 93 185 65 172 97 15 161 229 73 201 133 284 179 231 164 277 134
269 20 2202 4 34 211 28 15 21 16 117 171 72 250 69 149 110 24 124 136 83 126 155 222 179 203 168 212 17 98 69 189 146 162 5 67 148 173 48 69 79 256 70
270 20 2820 218 72 22 107 88 168 268 127 62 62 261 147 214 142 273 43 107 63 260 153 163 176 120 123 31 38 168 51 242 44 223 63 292 188 99 114 163 8 252 179
271 20 2548 57 138 142 159 207 118 24 138 280 149 245 122 147 131 180 43 16 112 167 126 157 54 289 146 238 134 262 35 96 198 64 115 109 129 110 144 236 195 159 49
272 20 2688 206 72 106 21 22 132 137 50 83 161 104 198 58 178 256 164 201 147 264 156 286 171 179 161 91 79 50 135 249 49 239 1 153 48 123 26 266 167 287 54
273 20 2817 280 93 175 2 58 96 291 189 240 55 162 172 89 11 231 14 29 197 92 155 193 23 130 106 254 176 265 14 184 174 219 46 143 90 244 50 12 145 231 112
274 20 2641 238 54 239 144 155 131 208 117 125 21 152 131 105 110 201 175 194 103 206 165 257 5 8 54 173 73 173 198 190 173 121 138 51 69 247 76 75 77 184 3
275 20 2279 211 107 297 103 47 105 39 119 45 183 147 176 157 101 164 199 18 133 228 109 95 79 284 128 278 43 141 134 132 167 210 100 43 44 99 21 146 200 68 142
276 20 2301 9 196 93 31 23 26 169 151 20 145 210 25 144 53 195 89 60 188 276 79 63 142 31 52 191 110 135 154 77 135 239 128 201 125 230 116 221 115 290 182
277 20 2587 149 14 143 149 146 83 273 185 254 139 213 12 268 167 125 130 289 184 181 28 145 192 32 169 114 134 43 63 127 54 153 52 195 170 241 34 134 153 9 33
278 20 1868 224 46 129 67 30 168 250 68 137 178 45 48 203 93 32 174 212 170 264 25 34 83 15 43 21 84 276 36 194 119 44 108 44 109 49 167 113 141 20 10
279 20 2211 60 90 132 127 98 166 62 65 42 92 139 168 46 151 122 113 266 51 172 76 75 161 31 158 139 53 56 33 299 138 290 159 192 97 270 155 136 191 137 134
280 20 2016 93 91 102 191 229 38 210 19 90 160 60 37 10 26 26 100 149 193 293 20 35 181 88 15 273 169 201 164 40 192 75 91 98 165 280 46 163 164 5 22
281 20 2330 45 40 45 114 195 29 98 43 161 177 222 160 288 89 160 52 265 195 158 50 34 63 120 61 60 165 289 66 50 54 200 184 253 158 104 6 7 26 159 153
282 20 2436 186 152 245 21 71 98 158 89 109 47 117 179 274 106 30 69 189 195 39 137 219 34 249 1 242 36 289 154 154 86 68 32 104 2 128 157 163 73 11 97
283 20 2608 22 71 30 68 239 73 169 115 88 2 72 121 291 117 297 110 279 113 295 153 71 97 278 164 221 181 48 69 64 29 293 76 78 76 219 113 201 25 5 98
284 20 2291 300 78 34 76 168 190 198 103 259 105 4 4 94 19 7 17 227 134 282 165 15 166 228 128 50 94 77 199 162 146 34 36 50 151 94 170 294 22 287 143
285 20 1992 238 121 79 134 228 159 60 30 192 182 124 159 48 2 208 131 158 131 121 182 47 75 179 170 12 143 43 153 177 42 199 185 110 4 190 14 63 179 14 120
286 20 1368 21 17 17 146 156 65 36 66 88 146 8 5 55 61 27 5 9 144 27 181 21 179 206 150 10 186 77 21 128 192 117 101 175 127 280 166 156 163 97 116
287 20 2175 227 185 100 83 287 196 128 99 206 50 141 90 31 200 125 105 3 179 61 175 259 123 291 58 90 119 164 157 114 170 77 74 50 153 12 97 128 140 225 189
288 20 2313 38 36 173 60 71 87 157 8 156 136 203 174 193 74 248 102 242 125 300 189 251 148 28 165 286 97 38 82 40 92 201 12 137 76 78 114 8 31 44 37
289 20 2057 9 145 155 129 175 31 151 62 52 116 180 1 244 141 186 115 55 57 237 46 4 9 82 45 34 200 288 20 127 53 75 185 248 146 87 6 44 133 139 86
290 20 2745 61 130 232 94 24 183 230 119 126 195 87 94 245 165 143 172 98 130 176 174 118 114 257 163 270 24 86 117 260 32 194 19 222 97 104 102 289 63 210 189
291 20 2307 94 24 113 94 191 89 152 151 239 123 81 57 109 177 123 4 18 188 110 5 55 65 66 11 208 57 240 97 28 77 274 173 215 150 151 42 127 15 290 78
292 20 1920 215 44 198 34 60 148 121 110 62 62 47 96 59 138 71 46 252 139 275 167 52 119 234 174 20 90 12 50 164 1 161 41 9 96 124 127 80 45 184 97
293 20 2596 234 72 40 199 205 100 172 188 143 71 25 92 247 178 124 54 134 39 244 34 105 148 290 97 271 112 57 111 182 159 223 132 203 63 121 65 190 100 35 193
294 20 2167 186 29 40 32 38 70 282 18 60 194 83 1 13 162 14 196 94 74 1 28 268 60 215 87 196 109 228 198 138 163 152 165 142 196 247 157 133 85 179 5
295 20 2511 75 115 146 176 123 152 52 35 81 133 254 31 122 155 86 147 264 169 143 102 232 101 296 67 76 52 105 158 203 146 271 110 142 37 134 77 138 27 196 189
296 20 2959 255 170 79 16 220 151 183 19 156 174 266 85 24 146 276 117 281 192 216 48 19 66 32 157 248 51 275 90 253 68 55 158 177 168 230 73 177 87 277 181
297 20 2245 230 78 74 38 141 186 7 22 180 26 60 169 170 82 111 187 289 117 65 90 81 47 290 41 160 108 165 159 241 10 204 191 20 129 100 86 153 163 66 128
298 20 1870 239 56 3 143 77 199 24 138 220 191 51 153 111 114 112 166 237 189 230 194 144 87 48 122 10 198 8 16 202 8 43 4 161 147 111 8 115 76 192 159
299 20 2569 143 151 242 68 205 148 169 35 123 173 127 98 28 35 93 14 110 118 258 19 181 129 261 6 267 176 130 8 116 137 185 20 227 200 216 197 81 185 50 1
300 20 1988 92 158 47 55 115 26 59 23 44 27 73 127 93 79 152 67 106 99 230 182 26 61 254 185 47 154 178 118 22 31 148 177 159 119 244 179 283 142 114 63
301 20 1520 300 24 160 11 66 102 43 145 129 31 186 120 51 192 21 166 298 77 68 92 82 124 49 124 150 144 124 9 21 51 72 156 21 123 46 169 2 41 12 159
302 20 2201 128 141 87 141 50 171 42 119 120 51 104 41 132 9 149 159 120 123 214 175 268 4 167 50 27 123 72 174 210 138 43 72 232 94 292 60 163 111 132 186
303 20 2271 24 83 105 8 27 25 50 97 300 91 44 17 119 189 261 116 238 104 170 145 135 167 161 121 258 21 277 3 125 147 245 139 79 134 140 99 33 71 48 196
304 20 2432 103 186 149 188 38 125 125 138 234 129 130 109 234 89 20 87 35 147 257 29 99 76 168 93 164 110 233 130 162 153 155 95 92 4 248 47 107 189 287 63
305 20 2219 177 122 186 192 42 55 258 138 203 40 84 120 219 63 41 195 150 131 10 122 63 30 89 92 223 29 129 61 9 187 102 142 103 172 297 127 155 42 234 141
306 20 2885 193 185 252 148 68 173 281 104 287 25 283 65 117 28 234 90 190 29 27 66 226 26 300 199 150 60 221 193 96 103 192 121 106 14 118 180 2 92 264 170
307 20 2461 299 11 296 115 26 63 238 41 142 153 159 138 223 146 210 6 29 9 156 192 170 123 32 48 10 68 149 14 256 98 288 168 77 25 134 143 134 127 49 169
308 20 2376 152 51 45 15 32 116 236 109 118 49 37 184 145 56 300 161 274 147 30 45 104 66 102 197 145 9 127 58 111 169 156 79 253 64 275 68 168 23 161 169
309 20 2513 299 117 280 27 245 26 129 39 72 45 278 50 178 160 123 94 85 51 154 72 134 50 127 49 295 105 152 118 61 80 99 20 93 158 67 129 68 189 203 190
310 20 1890 87 4 216 113 159 3 53 114 90 50 91 194 120 193 99 70 86 48 242 102 157 196 14 171 24 47 87 149 145 183 203 31 286 124 165 1 9 147 30 138
311 20 2808 166 98 217 101 139 37 298 192 40 17 296 52 88 57 142 18 90 23 274 138 263 120 89 94 294 123 92 188 155 17 74 93 223 102 220 42 249 66 101 104
312 20 2669 182 61 180 61 216 179 161 12 56 19 13 63 193 171 64 177 35 200 88 200 267 54 159 1 278 122 251 1 215 147 41 15 162 173 281 68 201 137 294 168
313 20 2386 144 132 163 112 45 117 14 57 180 131 289 163 284 124 146 118 12 89 216 71 63 108 10 119 226 90 211 47 51 27 200 142 93 66 295 35 183 45 158 24
314 20 2395 101 56 288 134 207 174 160 17 200 40 210 63 170 95 149 61 68 40 212 141 48 18 200 159 200 74 218 96 59 46 153 104 222 49 120 145 7 141 2 164
315 20 2374 23 14 139 106 99 75 267 51 244 118 150 48 177 151 286 67 269 160 197 167 27 144 102 116 106 144 202 6 64 142 227 148 28 79 34 28 216 175 111 109
316 20 2508 239 185 151 147 246 63 165 197 217 7 73 68 47 103 150 3 245 178 225 182 136 98 23 176 14 110 245 79 51 5 81 29 109 150 286 8 277 1 155 190
317 20 2457 73 93 210 11 49 11 181 63 118 191 173 141 62 121 153 16 298 96 148 2 196 129 168 168 126 130 171 109 287 167 108 73 82 50 122 126 212 147 135 88
318 20 2604 178 81 157 7 254 70 237 93 17 115 12 81 287 86 176 74 266 186 30 155 202 34 168 115 219 164 234 15 130 31 250 160 20 91 210 13 135 179 74 90
319 20 2418 102 27 99 1 134 51 146 139 240 121 175 94 278 131 233 43 25 41 298 55 30 97 179 115 168 194 71 5 246 73 187 40 161 11 67 162 83 141 101 142
320 20 2517 257 160 101 52 85 36 144 64 144 20 62 86 157 107 225 86 214 23 157 63 93 65 192 139 243 52 65 155 61 177 122 65 283 37 30 75 269 126 243 175
321 20 2128 135 53 76 105 75 85 275 163 38 159 238 61 73 25 291 85 102 188 51 124 100 70 130 195 144 197 16 48 13 139 142 9 293 139 252 77 51 55 166 57
322 20 2685 240 113 275 88 185 47 223 11 107 100 164 82 91 56 294 77 109 181 68 127 125 44 100 31 166 80 282 26 198 14 197 95 262 130 14 70 200 168 57 197
323 20 2052 11 155 125 59 176 193 16 118 169 128 276 168 63 125 86 52 42 83 141 192 16 91 128 134 266 118 209 139 213 57 145 188 206 81 185 192 42 42 51 30
324 20 2200 156 56 61 40 28 49 267 196 185 70 255 69 109 108 249 164 99 34 96 47 196 166 76 92 81 189 262 125 117 140 213 7 227 37 19 182 14 137 41 177
325 20 2789 142 71 105 27 145 98 281 156 184 175 251 119 189 148 109 66 276 60 205 13 274 152 168 59 175 39 247 93 110 84 161 37 67 35 143 171 104 10 151 67
326 20 2407 12 159 281 167 123 145 43 92 280 92 72 60 61 106 92 125 263 58 228 55 287 103 244 121 217 199 295 48 42 61 72 164 86 20 16 164 41 30 254 136
327 20 2105 273 37 283 13 17 63 45 114 211 168 231 132 11 160 30 107 61 113 247 165 97 147 150 50 90 121 235 19 84 153 128 101 172 7 25 163 237 159 5 114
328 20 2562 245 25 85 99 257 24 236 166 254 3 216 65 180 200 81 9 299 159 80 51 79 63 147 186 132 26 167 175 66 94 160 101 19 55 131 17 233 129 136 165
329 20 2609 291 57 52 78 261 147 276 12 53 26 257 121 188 124 109 162 79 62 299 43 184 169 180 16 54 81 17 11 51 70 222 81 246 187 197 89 93 17 153 56
330 20 2703 159 45 33 143 284 30 114 70 187 64 296 118 237 140 6 109 268 74 3 114 280 174 232 31 214 57 125 87 168 140 243 36 108 178 213 195 141 63 68 124
331 20 2444 294 23 279 74 298 146 296 21 108 160 198 83 48 79 93 144 286 11 73 7 139 13 16 151 117 166 47 114 131 74 67 180 49 121 191 74 105 84 221 28
332 20 2336 151 197 176 4 245 116 263 143 53 75 45 60 263 198 86 4 46 44 173 24 37 192 219 133 222 58 176 36 153 3 271 125 27 80 134 28 56 97 124 42
333 20 2360 161 51 31 13 165 6 208 18 189 86 59 189 147 176 186 173 94 109 144 6 137 166 124 91 28 188 236 97 171 12 197 44 230 122 147 118 284 43 12 104
334 20 2621 79 195 78 68 296 28 200 88 290 182 246 165 8 109 142 130 261 162 174 195 77 185 99 103 77 24 214 4 67 72 41 86 199 96 296 47 280 117 153 29
335 20 2348 70 184 172 32 32 141 52 112 130 67 40 47 22 98 263 142 256 27 20 110 229 173 215 95 297 131 221 167 254 55 84 18 105 134 141 195 45 12 287 125
336 20 2736 171 15 167 141 37 199 83 44 163 120 96 198 130 146 185 174 279 101 92 184 177 107 232 166 240 93 19 38 64 6 285 62 188 158 273 1 253 43 287 1
337 20 2380 122 9 246 24 214 117 146 66 205 6 144 89 239 72 38 47 7 106 240 155 84 153 172 167 130 136 176 138 166 60 90 172 43 108 238 135 51 137 225 31
338 20 2464 269 81 143 108 229 37 218 123 55 177 166 81 214 74 300 137 172 34 76 84 98 132 58 196 265 73 189 45 130 9 148 125 7 34 109 68 92 18 143 29
339 20 2438 230 27 28 196 243 141 189 75 37 138 116 6 192 175 2 56 153 55 167 69 107 184 96 142 115 144 123 8 227 107 19 126 260 13 262 192 221 96 261 63
340 20 2673 284 88 276 150 248 144 94 192 141 87 254 2 34 139 175 135 187 64 298 9 150 59 106 171 251 200 156 36 14 3 120 2 60 92 210 156 228 195 56 196
341 20 2944 207 23 220 136 246 41 136 185 152 198 86 78 104 192 293 171 254 164 289 71 88 136 196 56 292 68 284 200 20 146 154 190 21 47 231 73 294 61 114 87
342 20 2441 231 179 95 130 171 191 234 173 41 124 225 42 105 50 291 33 13 88 195 139 100 38 291 47 8 48 29 63 291 7 90 128 154 134 77 56 206 107 205 156
343 20 2432 190 125 147 129 160 7 231 122 290 159 64 147 30 134 136 178 150 188 17 171 172 23 163 91 30 134 202 75 191 21 246 175 63 145 274 128 7 42 278 30
344 20 2507 226 192 271 74 66 186 116 115 273 75 44 12 155 61 76 27 15 89 284 30 55 155 147 19 278 30 289 142 94 112 111 39 1 48 228 83 272 71 133 36
345 20 2511 81 23 189 62 47 169 299 89 212 34 39 57 101 83 148 142 214 48 105 89 212 35 280 90 192 95 7 40 229 66 257 102 49 181 236 84 62 22 180 103
346 20 3262 293 95 209 34 293 98 112 99 237 10 176 180 268 166 217 142 245 7 264 176 188 179 289 168 209 87 254 164 268 29 198 141 110 1 23 37 156 121 69 19
347 20 2761 277 109 156 107 230 6 136 19 109 94 160 76 91 126 61 71 213 185 126 33 125 119 60 69 192 37 209 145 293 52 103 3 300 113 298 26 245 16 68 107
348 20 2688 142 90 262 20 210 76 171 41 110 107 168 158 254 199 268 95 50 40 261 162 143 197 3 60 128 136 125 91 221 198 85 23 165 96 243 12 254 151 97 6
349 20 2210 196 99 65 120 73 84 192 26 152 72 99 123 75 165 148 198 40 35 151 145 180 53 58 143 134 145 60 192 291 118 258 84 43 100 117 62 143 45 288 60
350 20 2345 268 122 114 52 65 97 68 173 139 181 208 30 275 166 14 98 52 33 70 100 270 25 28 165 136 79 251 124 12 66 162 151 258 170 71 47 217 73 254 121
351 20 2444 149 64 14 110 36 193 125 118 224 15 68 41 55 160 126 59 287 67 240 5 88 136 96 164 106 136 294 91 277 101 228 47 146 199 107 73 238 129 151 68
352 20 2586 43 26 181 93 79 97 210 182 227 117 41 132 129 114 273 48 138 54 6 114 269 25 238 103 248 143 274 33 223 12 67 98 40 70 230 101 91 82 226 14
353 20 2148 81 15 162 169 131 103 213 99 35 133 60 62 81 54 118 165 91 55 100 190 281 58 295 99 140 130 298 147 9 102 92 59 163 49 175 52 123 2 37 189
354 20 2187 188 136 33 4 294 184 58 148 28 145 262 161 286 158 38 12 58 46 223 184 200 143 18 29 210 140 55 36 133 99 249 58 153 162 9 68 20 102 219 37
355 20 2461 146 173 240 46 99 46 218 10 196 146 137 15 147 140 188 185 147 7 232 75 75 188 130 75 84 171 281 96 106 32 15 157 175 5 179 180 59 192 223 18
356 20 2328 270 94 79 31 290 3 176 104 253 120 125 81 189 89 158 166 37 162 19 158 113 1 161 95 199 199 163 20 51 14 237 135 61 196 34 198 127 28 169 87
357 20 2506 138 79 127 39 205 42 163 190 68 158 298 18 142 5 125 32 39 133 29 76 231 42 92 130 284 66 167 129 148 193 82 177 289 178 89 199 281 54 136 47
358 20 2044 260 190 227 140 215 150 52 163 64 188 45 51 16 158 47 96 47 141 161 73 157 113 239 161 172 73 21 47 156 86 119 39 181 174 25 127 225 112 126 165
359 20 1931 159 171 83 149 126 174 161 1 9 155 132 151 183 98 174 193 43 158 270 27 29 152 185 82 183 160 112 100 16 170 156 187 173 111 77 11 11 24 132 70
360 20 2461 232 80 176 22 183 131 290 83 261 72 176 106 4 16 197 12 38 84 122 123 148 56 78 90 178 109 122 189 236 198 39 138 99 11 295 112 197 64 6 186
361 20 2389 252 29 292 67 189 108 33 74 213 140 235 53 128 15 200 93 58 3 78 47 183 128 106 166 135 119 94 189 204 120 133 21 59 74 99 155 256 9 40 99
362 20 2471 179 195 45 74 100 53 125 69 259 153 103 16 225 115 11 197 73 150 256 73 156 33 2 171 214 134 195 113 82 32 120 134 256 77 194 199 213 45 281 32
363 20 2344 135 74 152 186 260 156 132 111 161 26 184 37 244 199 283 40 169 180 49 5 177 196 24 132 137 194 9 26 139 187 5 99 288 83 79 171 95 111 209 200
364 20 2464 126 68 71 159 218 126 276 162 100 46 248 151 140 171 77 15 68 31 154 9 270 78 132 100 131 50 63 11 136 141 266 66 139 68 125 148 89 13 251 53
365 20 2624 145 33 80 52 186 147 219 68 144 161 256 67 114 92 66 164 189 80 5 157 291 45 234 24 214 97 34 163 240 133 166 117 174 34 259 135 202 179 62 72
366 20 2492 278 176 121 200 262 149 93 57 85 61 203 87 19 128 161 162 66 59 222 140 272 29 103 109 27 158 300 18 182 106 120 126 153 168 199 50 94 119 156 44
367 20 1930 116 56 298 62 158 199 84 61 134 73 136 151 119 129 21 49 130 95 162 40 230 94 128 144 57 167 1 190 137 63 168 60 12 107 34 18 168 110 120 111
368 20 2660 140 18 80 101 109 164 159 146 241 156 290 93 199 91 44 94 189 122 9 122 249 52 265 124 141 89 92 14 171 43 98 170 198 9 146 69 208 24 298 100
369 20 2369 119 40 159 184 299 110 212 75 166 116 69 50 151 23 100 15 113 39 21 161 115 102 259 12 182 162 145 67 207 189 72 4 150 191 144 180 235 171 44 78
370 20 1951 42 51 14 76 69 184 71 59 61 127 68 14 108 10 138 23 136 138 251 187 122 123 101 139 172 56 254 89 55 3 157 130 254 153 121 8 193 30 52 31
371 20 2090 117 184 65 200 149 101 113 91 84 7 233 118 32 138 44 188 121 27 175 130 186 173 57 104 258 87 63 67 41 10 137 16 276 135 108 82 297 96 57 148
372 20 2175 223 114 105 67 144 85 161 74 132 119 8 112 71 77 135 192 168 147 289 144 165 20 208 62 106 143 87 200 145 64 91 189 211 98 75 136 60 64 135 63
373 20 2115 93 107 172 56 193 192 167 126 5 158 163 200 55 39 243 88 90 94 258 53 83 122 204 33 284 77 230 195 110 183 156 55 61 185 29 1 30 129 18 42
374 20 1899 31 34 293 118 60 110 203 115 71 53 21 173 1 117 108 143 150 58 231 164 73 109 118 147 172 193 12 56 188 23 262 97 51 81 67 141 213 161 49 120
375 20 2416 231 173 30 190 227 85 210 168 44 111 294 27 238 134 208 41 16 62 80 7 297 148 256 76 147 114 19 62 61 35 11 35 5 185 148 200 247 157 252 49
376 20 2447 156 82 147 65 215 106 27 93 190 48 20 60 86 169 276 168 164 140 228 179 275 59 234 52 63 103 67 153 42 101 244 172 164 164 298 56 105 130 58 13
377 20 2354 249 107 234 21 182 21 39 179 180 157 63 171 226 76 197 142 40 28 202 140 123 49 178 65 226 125 124 164 53 191 71 181 285 179 4 109 194 191 73 56
378 20 2648 102 89 169 4 232 59 160 82 275 21 272 64 293 182 184 74 153 101 117 59 167 19 99 105 49 192 92 124 153 48 156 122 162 184 232 190 112 173 132 132
379 20 2912 271 192 155 171 294 27 276 200 18 47 162 1 247 55 144 35 185 115 183 58 47 32 83 145 260 116 105 75 116 94 118 128 141 136 286 42 267 83 283 43
380 20 2365 176 147 235 114 54 9 81 106 97 160 77 52 298 92 75 170 216 91 103 18 207 162 186 173 86 29 246 116 175 103 240 24 87 39 94 38 86 114 138 132
381 20 2583 231 75 193 46 89 111 140 41 137 167 53 135 228 85 123 24 119 104 118 185 279 175 136 24 266 74 290 76 214 136 226 37 192 102 14 15 120 165 61 196
382 20 2215 99 159 240 17 22 72 56 15 70 176 158 184 152 63 24 45 110 110 124 188 137 33 215 192 263 116 293 116 136 65 124 144 238 182 234 178 62 145 12 1
383 20 2192 79 97 48 55 123 1 142 106 153 170 106 84 245 164 211 37 101 16 213 106 72 121 31 151 160 21 128 17 60 17 195 107 205 53 253 14 110 22 105 57
384 20 2228 20 124 204 37 169 147 244 5 186 14 12 99 21 56 48 120 228 124 255 123 181 60 9 118 7 54 46 192 140 111 202 83 186 26 290 135 69 109 269 93
385 20 2528 10 173 130 141 242 45 261 86 268 181 128 75 177 21 263 17 122 141 152 19 209 64 69 53 91 141 233 132 18 134 258 196 255 119 77 103 55 10 143 52
386 20 2372 79 66 171 143 182 113 106 185 111 13 31 40 192 114 74 135 78 82 241 52 194 25 277 136 225 71 178 123 184 104 64 94 89 177 157 106 48 91 284 100
387 20 2656 194 88 249 103 213 152 266 86 84 135 122 152 77 82 263 42 282 192 81 43 253 96 229 193 2 69 268 67 172 192 215 136 5 180 31 33 275 67 39 131
388 20 2460 294 90 56 17 122 162 180 146 287 110 50 133 2 102 252 99 130 44 115 144 292 90 109 117 213 111 102 90 170 97 100 166 259 94 216 150 36 193 91 104
389 20 2478 35 115 63 68 153 26 89 76 105 6 201 108 258 104 238 187 77 140 95 174 103 135 178 92 251 52 263 67 283 119 278 63 70 71 138 175 174 117 46 197
390 20 2749 43 78 244 76 139 60 207 145 220 63 28 173 265 58 189 78 101 169 148 169 243 195 2 192 262 32 228 147 221 64 296 117 242 21 132 45 51 197 176 186
391 20 2566 50 137 107 32 139 73 87 174 206 61 220 12 297 68 127 26 7 152 215 48 300 143 38 138 19 67 128 35 289 143 180 51 255 96 117 20 296 30 131 126
392 20 2192 245 195 103 186 254 184 274 133 110 30 104 60 142 144 79 67 95 27 44 181 32 146 14 124 76 160 106 173 171 126 239 115 232 133 90 178 169 162 162 79
393 20 2752 270 100 85 200 97 29 192 62 43 198 278 151 45 182 292 123 234 32 259 83 133 69 69 111 292 158 58 105 239 93 172 55 121 187 134 88 205 172 222 175
394 20 2740 193 106 157 146 228 195 144 28 150 162 255 194 226 56 91 59 189 127 237 86 109 43 268 176 246 193 162 81 181 174 163 79 41 131 164 107 5 32 217 150
395 20 2336 101 199 237 145 66 74 5 138 181 56 4 142 42 139 78 16 58 25 180 192 190 61 275 187 29 39 274 136 174 149 195 171 130 96 250 21 214 104 238 89
396 20 1798 20 200 113 181 15 167 172 43 8 92 105 131 261 55 279 100 24 118 149 52 99 98 123 141 14 190 151 131 246 61 262 159 130 6 13 181 55 65 9 38
397 20 2435 113 91 51 16 123 154 106 14 298 54 203 151 187 165 257 182 89 86 178 187 4 167 21 61 43 99 208 164 100 92 64 54 279 33 195 144 300 143 225 172
398 20 1803 154 65 255 85 299 119 83 51 56 26 43 163 49 51 115 53 269 65 85 156 5 81 55 127 18 188 63 132 46 64 88 160 200 129 111 172 3 25 257 47
399 20 2217 150 82 108 75 23 67 181 25 8 198 112 147 198 71 175 78 42 96 258 161 270 137 204 104 34 31 265 131 292 25 100 24 149 109 57 141 131 47 15 52
400 20 2178 12 119 6 142 155 117 266 193 237 85 168 47 198 148 163 29 104 96 25 22 133 128 199 120 146 93 27 128 72 111 16 55 295 106 171 196 128 54 202 61
401 20 2014 78 171 22 71 197 199 131 141 108 142 226 37 23 34 107 184 255 181 12 142 39 102 42 140 298 67 278 89 115 93 98 99 49 67 249 99 23 89 168 139
402 20 2793 234 15 92 96 288 6 177 97 131 16 20 164 278 42 36 116 267 197 132 48 78 142 130 138 222 29 276 43 155 156 14 161 235 94 213 171 282 141 232 20
403 20 1939 40 197 266 8 42 79 13 174 272 142 182 139 67 181 43 173 98 160 37 108 292 31 172 114 99 171 32 85 238 148 182 14 62 98 211 113 14 31 62 45
404 20 2650 206 15 202 99 135 150 261 165 238 144 62 191 115 29 214 139 180 199 244 191 69 65 139 183 217 106 211 147 34 176 34 185 215 64 251 143 29 196 257 112
405 20 2164 272 58 241 191 234 101 246 172 28 68 29 140 278 145 258 174 17 95 194 5 16 64 163 141 88 119 31 145 90 35 277 69 69 147 55 181 16 167 104 26
406 20 2440 219 14 79 99 227 131 59 40 285 167 24 108 89 53 214 107 78 111 199 78 203 84 210 94 157 176 285 54 59 50 65 195 105 185 46 141 156 80 291 191
407 20 2211 235 65 128 58 291 171 133 39 68 77 174 187 34 183 144 40 41 179 54 131 66 111 193 61 161 89 198 47 127 46 163 9 140 70 208 170 79 12 127 125
408 20 2229 104 78 47 134 43 152 253 98 147 86 155 10 8 101 183 175 167 127 192 152 241 160 140 116 128 94 96 76 198 53 4 63 200 31 213 57 35 2 233 12
409 20 2198 31 158 276 42 11 31 262 34 210 60 17 11 40 18 7 163 217 25 20 140 212 152 206 181 34 181 165 12 106 27 291 92 61 136 30 151 299 118 253 37
410 20 2535 279 92 295 58 146 94 43 158 129 114 290 28 118 193 14 83 1 92 296 151 33 36 216 39 139 55 44 85 249 34 114 146 247 133 95 72 140 132 281 136
411 20 2024 263 91 240 40 49 62 10 8 56 31 198 131 294 55 41 197 149 192 1 94 49 6 209 115 83 13 154 156 127 200 125 55 146 184 85 188 57 168 194 196
412 20 2606 146 118 104 10 114 33 248 172 139 140 252 18 295 21 270 185 147 106 238 135 180 106 64 31 6 124 196 171 74 143 158 166 61 71 131 84 219 3 216 171
413 20 2793 45 130 297 111 110 16 230 104 226 3 200 56 286 92 191 94 12 195 243 19 27 58 167 146 295 191 102 99 170 91 194 48 76 3 250 66 73 15 298 179
414 20 2456 88 152 260 5 70 96 53 174 203 135 220 166 144 78 282 81 66 86 197 123 8 141 22 99 23 124 295 146 49 82 120 90 192 61 235 102 282 160 261 76
415 20 2432 209 98 225 130 251 16 63 63 52 102 289 14 261 67 217 93 182 188 81 116 172 81 203 107 152 142 84 32 22 192 78 139 140 82 29 18 85 144 245 81
416 20 2474 49 97 249 61 190 108 2 70 69 151 273 10 207 57 262 195 230 43 226 61 79 86 136 79 213 68 177 1 104 5 260 126 31 52 81 96 204 171 51 174
417 20 1504 7 80 35 141 71 36 52 171 41 9 21 50 165 51 136 82 190 122 22 154 140 129 175 97 54 50 166 187 41 60 281 85 68 25 105 134 38 107 73 165
418 20 2823 142 74 86 163 40 46 7 78 105 150 187 4 249 86 135 88 164 10 292 13 237 6 227 35 190 41 221 181 175 53 109 43 273 190 256 87 276 148 158 126
419 20 2304 289 144 214 180 171 1 80 188 293 52 2 153 108 31 81 110 143 154 91 114 18 97 274 109 172 68 149 6 181 158 96 33 73 41 218 96 23 185 205 59
420 20 3091 265 117 146 123 206 187 273 67 185 68 154 32 82 118 171 106 270 119 176 107 79 83 56 126 287 37 136 95 237 163 242 168 178 118 160 183 273 73 288 141
421 20 1792 94 113 23 138 104 26 28 83 47 125 2 105 103 167 188 23 137 102 104 66 288 99 263 84 33 56 81 139 77 34 89 115 193 6 186 54 118 2 83 137
422 20 1908 181 5 121 70 73 3 189 92 241 189 147 86 42 48 66 138 140 48 25 137 135 100 57 39 243 185 17 131 16 93 106 111 263 133 41 12 190 165 93 187
423 20 2157 37 80 139 162 194 53 83 47 295 30 7 94 40 152 139 160 83 109 216 125 83 183 70 50 3 62 269 63 149 137 152 43 52 51 297 9 91 43 298 77
424 20 2830 177 159 110 157 173 200 119 176 20 3 52 97 226 68 158 92 116 78 293 155 276 161 63 40 278 134 97 6 295 150 205 36 273 115 238 183 172 50 197 73
425 20 2066 25 12 58 15 143 63 12 152 2 115 290 167 116 101 268 68 90 151 235 48 143 191 14 52 213 42 2 18 41 55 298 11 241 59 75 180 231 26 86 17
426 20 2287 159 54 70 114 52 46 259 123 2 97 244 106 243 27 211 173 162 25 55 85 289 129 143 141 131 76 64 155 153 34 125 160 83 134 50 25 106 68 258 27
427 20 2065 191 151 255 133 159 61 3 161 82 146 165 19 36 115 189 148 249 159 34 190 200 9 178 147 34 49 94 8 27 148 216 61 192 18 192 111 1 138 85 191
428 20 2450 112 126 121 184 209 33 119 142 214 91 73 129 201 41 6 200 210 154 278 159 74 139 109 53 299 11 143 104 229 129 29 97 190 7 46 21 143 105 258 200
429 20 2342 45 41 217 122 228 10 248 87 225 84 242 81 138 45 82 176 88 180 246 78 260 56 93 9 258 183 20 136 1 74 67 125 81 147 168 42 12 122 209 132
430 20 2285 119 10 60 142 213 80 116 137 248 107 7 137 225 24 7 166 136 125 283 96 159 128 16 179 156 144 71 71 80 172 229 21 175 198 296 187 105 33 156 196
431 20 2479 115 131 194 173 196 104 37 14 168 126 236 120 220 184 168 48 157 127 26 114 267 3 235 122 82 4 77 169 5 53 164 146 143 6 269 61 239 129 101 74
432 20 2116 153 63 172 130 33 183 44 91 240 111 8 198 101 131 248 109 14 113 81 124 294 192 64 77 227 72 166 80 48 105 115 176 287 17 143 63 4 42 203 5
433 20 2290 67 67 7 121 67 74 259 130 297 164 163 54 225 150 261 192 164 84 277 121 176 105 78 135 103 170 103 82 268 15 47 107 59 186 48 166 168 172 26 191
434 20 2130 235 103 161 146 3 187 106 35 72 38 80 196 92 71 121 168 268 78 232 82 177 133 159 175 84 196 34 130 65 112 105 28 153 24 207 115 85 162 224 162
435 20 1769 202 69 58 154 55 55 183 132 37 117 55 139 224 91 105 88 29 6 78 99 7 24 36 113 247 85 207 7 295 83 85 156 8 95 188 110 41 10 72 181
436 20 2556 232 49 255 84 174 145 239 35 151 38 281 27 41 6 191 43 52 177 170 153 16 155 229 83 22 172 237 130 36 158 285 195 7 126 265 112 38 18 274 113
437 20 2854 267 134 186 186 179 185 208 46 299 105 184 49 107 9 228 135 108 111 76 58 44 111 192 37 239 194 183 132 195 39 291 142 57 2 124 176 294 78 107 36
438 20 2084 52 161 145 136 221 84 232 186 281 157 76 62 214 101 263 56 144 110 44 105 292 56 189 58 82 125 36 35 25 116 12 144 119 67 88 133 58 148 32 75
439 20 2202 40 71 284 90 56 93 253 106 169 85 29 134 184 187 293 15 189 74 228 20 23 158 125 148 58 30 21 146 216 42 193 53 97 146 47 9 66 119 182 127
440 20 1997 69 58 11 159 19 125 88 137 82 171 90 44 128 129 185 3 140 187 136 41 207 20 289 148 289 52 237 93 106 164 136 195 37 39 1 120 119 70 128 149
441 20 2408 180 153 194 78 289 157 54 76 161 39 116 40 27 53 106 27 285 157 105 53 284 168 245 31 10 132 289 72 14 177 209 95 73 196 14 87 248 116 108 58
442 20 2620 195 101 169 108 98 98 108 127 254 70 190 107 67 3 254 160 115 161 143 33 181 161 220 46 263 35 178 65 117 200 272 193 3 18 199 55 128 75 121 18
443 20 2345 279 189 205 19 206 118 26 152 29 199 23 96 171 102 36 38 120 162 132 36 110 106 128 130 112 75 185 146 171 31 236 167 224 51 253 7 110 93 176 27
444 20 2444 55 2 9 69 127 146 269 67 132 40 33 106 163 88 293 151 268 90 216 90 286 49 1 77 49 159 289 160 10 42 139 105 130 45 113 20 275 75 198 27
445 20 2068 11 152 165 10 67 39 190 35 132 4 162 52 113 139 198 19 55 8 96 1 15 12 131 164 26 169 69 74 111 195 215 109 224 164 145 93 229 174 232 186
446 20 2008 66 130 24 84 96 127 66 86 119 58 234 6 97 188 37 91 149 195 116 177 14 105 99 71 240 7 66 70 59 68 211 40 209 85 229 102 276 129 104 72
447 20 2618 117 6 276 69 55 40 101 197 221 163 106 124 87 33 292 169 294 110 283 189 184 193 193 133 37 180 51 195 212 139 135 172 238 157 197 132 63 36 131 173
448 20 2447 31 119 270 102 122 160 124 78 96 61 20 139 237 175 274 25 142 46 155 54 230 126 151 195 208 90 219 182 131 92 129 19 209 120 75 168 72 161 164 199
449 20 2413 15 56 162 160 32 138 191 67 203 123 208 199 32 125 236 200 123 86 44 56 5 84 230 15 273 76 300 160 77 19 192 129 28 50 259 23 198 104 209 38
450 20 2704 120 39 235 2 229 132 121 34 226 121 88 31 86 194 239 36 248 82 171 83 26 151 252 175 106 64 251 21 267 63 236 189 248 106 44 32 71 140 116 117
451 20 2202 76 40 205 75 227 55 56 188 23 80 16 38 79 86 159 26 204 127 187 183 82 166 224 74 80 33 220 149 99 52 187 163 193 15 241 176 127 25 68 168
452 20 2293 138 170 220 115 23 192 252 16 70 54 185 160 88 184 273 144 35 193 189 23 257 146 178 187 6 149 139 39 123 99 117 85 248 186 187 40 21 149 118 42
453 20 2481 157 156 266 59 136 87 32 172 250 96 282 20 158 157 107 91 234 81 72 137 109 48 244 96 271 111 60 195 47 171 119 29 113 158 286 110 13 158 146 188
454 20 2774 173 149 259 74 145 138 245 193 223 31 279 39 99 182 161 88 75 171 263 78 2 32 201 17 175 162 168 69 258 155 58 5 235 5 180 86 237 86 32 55
455 20 1920 92 165 284 143 50 40 59 162 1 105 295 80 296 8 294 159 17 31 231 128 21 88 131 200 111 16 11 182 85 163 39 142 43 1 101 197 200 125 40 168
456 20 2352 101 55 173 164 274 108 183 176 259 174 243 194 158 12 57 166 28 57 44 71 179 67 261 78 5 25 40 45 39 192 224 179 248 36 196 139 195 125 33 136
457 20 2106 261 159 247 21 90 135 65 178 1 173 173 184 27 156 175 106 268 81 170 110 150 159 113 63 5 92 201 157 4 166 85 114 116 36 44 39 270 67 168 17
458 20 2148 197 87 221 182 82 197 287 178 97 44 114 96 264 107 17 54 44 164 229 120 289 165 15 24 277 84 38 177 140 25 3 104 152 14 1 93 13 116 206 20
459 20 2153 125 26 235 80 39 144 207 64 251 181 69 25 267 74 149 81 38 160 204 105 40 191 12 60 260 188 75 95 22 147 292 94 155 145 17 23 198 3 37 67
460 20 2123 133 180 283 35 230 40 268 39 154 13 81 59 143 23 52 152 97 181 84 70 175 80 224 59 50 78 56 180 115 71 29 20 79 75 115 192 72 79 214 179
461 20 2570 214 11 206 151 224 120 264 13 232 104 209 21 275 13 53 146 176 99 69 164 18 95 46 79 281 115 87 28 136 160 137 16 165 68 126 200 234 179 61 22
462 20 2380 46 166 281 21 118 17 236 104 152 75 161 54 236 56 26 166 140 12 64 132 236 18 256 3 96 187 45 8 198 191 186 111 176 158 118 39 90 136 115 192
463 20 1992 107 160 77 40 229 32 4 54 91 97 105 121 178 193 18 92 289 129 123 175 169 21 135 191 194 89 277 57 57 170 4 127 26 41 68 194 205 191 135 143
464 20 2658 9 97 300 169 161 159 160 151 141 108 28 174 225 130 234 108 167 63 277 118 230 98 138 175 106 136 17 110 196 152 160 181 282 143 213 147 63 32 216 175
465 20 2192 228 74 204 150 145 183 250 124 158 198 158 200 127 9 72 116 10 164 20 32 3 179 94 92 85 77 14 54 114 168 269 79 211 181 126 194 275 28 178 156
466 20 1826 240 163 108 99 8 40 38 133 67 161 16 130 34 107 8 57 211 29 113 177 242 30 246 192 296 14 27 76 3 77 47 143 78 27 36 4 190 6 275 34
467 20 2840 254 143 255 133 141 174 90 39 233 80 285 65 276 132 78 172 48 27 161 181 185 156 71 149 40 27 270 46 74 42 126 191 298 94 173 64 251 200 242 156
468 20 2354 132 75 4 126 88 187 183 39 149 54 233 131 17 72 193 172 185 193 259 35 231 15 39 104 171 4 112 144 89 157 218 79 279 38 184 197 129 135 48 16
469 20 2212 186 108 294 185 200 184 263 137 194 49 52 21 18 84 125 163 280 28 92 122 6 91 171 93 281 26 77 194 236 125 15 182 111 47 50 57 55 92 59 103
470 20 2524 5 76 79 121 265 21 231 73 51 6 282 65 233 169 132 42 32 124 42 95 192 173 294 182 3 54 299 146 146 33 292 195 272 64 63 154 190 194 52 105
471 20 2501 282 161 103 55 276 187 59 57 38 86 284 184 238 96 75 98 50 131 119 118 107 85 124 55 281 55 188 188 73 98 237 95 17 50 207 40 183 187 186 131
472 20 2828 19 163 241 58 124 55 244 1 181 8 273 71 176 155 265 155 189 56 234 149 5 113 51 128 208 27 121 92 88 168 157 122 293 126 287 149 162 9 218 78
473 20 2418 232 83 160 90 211 64 164 113 187 54 288 14 110 185 83 197 160 94 137 131 152 15 246 35 85 72 52 158 190 166 7 135 137 124 186 97 176 8 60 135
474 20 2172 179 86 50 165 140 33 25 78 238 154 164 20 38 57 30 153 163 163 118 31 129 152 215 159 297 147 29 94 169 114 90 137 67 25 108 138 202 7 265 58
475 20 2623 296 68 171 140 244 38 80 168 148 127 225 76 193 60 63 157 195 43 8 197 300 61 276 195 25 168 77 32 67 147 258 48 191 95 140 165 101 192 221 9
476 20 2684 200 48 84 19 191 77 216 182 157 163 85 93 294 45 41 128 265 57 136 110 14 17 271 71 96 67 240 160 94 156 189 184 121 18 132 4 258 122 272 86
477 20 3110 200 150 256 34 224 29 282 105 244 118 221 78 256 28 298 154 4 1 101 22 72 31 131 69 224 162 78 181 283 23 174 154 228 184 124 142 243 113 245 157
478 20 2784 161 171 212 127 295 132 20 169 298 88 194 131 92 170 207 100 49 56 206 168 197 153 277 3 272 1 292 4 24 98 285 52 83 76 78 134 47 144 191 28
479 20 2340 204 34 68 35 110 185 67 150 191 117 147 108 7 27 91 91 188 166 28 1 168 105 152 94 294 88 117 162 92 186 92 156 244 41 231 8 162 124 272 86
480 20 2411 99 182 222 175 165 153 87 24 28 78 99 13 65 108 250 167 114 163 85 197 208 123 104 71 207 95 265 186 99 79 202 193 234 150 188 77 157 194 136 84
481 20 2888 227 51 246 154 55 98 274 147 176 31 250 166 265 57 263 159 143 47 96 93 130 37 209 157 99 32 265 50 291 59 285 102 53 114 109 31 91 140 84 170
482 20 1988 91 34 25 185 79 197 26 139 111 83 175 116 290 132 137 181 57 55 292 70 72 61 39 77 104 96 152 112 171 70 157 88 29 49 192 54 43 61 244 169
483 20 2611 192 5 181 87 165 25 15 138 162 155 1 38 220 148 231 17 282 56 280 171 42 196 139 20 246 171 57 153 263 182 262 145 190 169 176 59 28 134 132 7
484 20 2327 57 179 145 62 182 137 255 56 185 47 50 14 148 82 64 154 24 109 250 197 144 90 77 80 202 40 50 48 280 126 77 48 93 180 295 85 32 189 299 127
485 20 1983 106 51 141 69 17 193 275 110 187 62 96 58 26 48 55 142 125 11 240 188 77 118 220 122 22 183 22 68 16 173 121 186 197 174 194 171 44 174 298 3
486 20 3284 234 118 284 49 275 125 274 30 194 86 240 44 255 85 271 159 193 137 265 131 180 152 178 179 122 29 166 176 207 157 37 18 233 14 5 52 243 120 250 3
487 20 2615 117 31 291 51 217 78 44 144 190 48 256 31 22 128 41 180 270 91 263 108 47 1 182 155 64 36 233 83 110 193 98 118 138 63 238 85 218 92 230 43
488 20 2525 52 46 207 11 201 24 174 193 10 31 230 112 29 49 139 121 126 38 197 120 279 34 286 15 193 17 87 94 239 34 137 182 157 189 86 176 113 71 215 103
489 20 2288 100 113 64 64 191 92 136 28 228 110 48 66 23 170 133 118 97 141 211 165 96 32 196 6 295 160 16 42 268 10 26 184 32 20 263 186 183 31 255 153
490 20 2292 139 116 133 139 153 30 203 117 224 90 8 125 38 185 286 36 235 60 83 23 239 164 262 170 1 150 3 108 138 41 91 29 226 1 275 138 95 83 33 141
491 20 2242 123 142 277 142 29 62 44 151 56 97 140 165 112 39 236 51 87 108 120 14 126 182 286 11 83 43 254 136 211 64 286 180 42 48 2 120 127 32 162 49
492 20 2611 45 33 39 188 73 108 192 33 82 114 242 64 278 12 225 199 111 87 167 27 126 187 258 80 208 151 255 8 274 48 4 170 194 129 46 84 211 140 234 10
493 20 2326 27 135 262 13 208 8 26 194 49 196 27 140 261 18 122 184 103 89 270 146 14 186 283 134 196 46 95 175 28 69 52 83 255 31 265 109 65 115 300 2
494 20 2533 110 74 145 192 115 179 109 188 184 110 123 195 243 164 143 141 185 152 94 122 227 194 207 74 130 153 152 2 36 14 201 86 81 51 175 92 292 140 215 147
495 20 2052 69 57 227 195 205 147 11 118 92 119 216 6 232 18 42 48 205 165 274 86 127 41 28 160 157 54 17 53 173 196 73 1 231 53 74 148 54 101 58 1
496 20 2260 299 53 220 119 81 79 75 51 289 161 39 132 117 163 81 99 229 98 158 57 101 182 129 151 208 192 64 100 12 158 55 38 191 15 115 62 227 90 136 159
497 20 2532 189 13 120 152 174 192 243 147 277 171 268 43 150 2 10 197 209 108 226 182 213 160 72 61 178 4 173 179 229 159 88 76 19 108 121 197 26 79 181 85
498 20 2809 232 112 41 78 147 5 235 86 224 192 289 197 262 129 127 20 129 62 34 112 230 26 217 67 236 126 212 163 180 76 120 38 172 125 177 104 177 37 71 188
499 20 2528 274 97 275 196 220 133 30 160 130 188 158 5 113 148 89 77 88 133 229 42 146 51 135 20 198 74 111 111 167 17 270 50 220 153 38 140 13 190 257 165
500 20 2742 263 143 149 172 43 113 37 193 247 186 299 166 228 110 152 41 150 54 212 94 230 159 210 60 34 94 54 17 235 172 228 147 138 186 201 43 185 93 133 37
