1 20 7622 144 138 808 497 586 376 856 523 951 574 977 588 731 455 543 353 690 433 978 588 790 487 937 566 741 460 877 534 956 576 951 574 592 380 701 439 691 433 744 462
2 20 7873 780 482 768 475 666 420 731 455 839 513 773 477 906 549 866 528 628 399 754 468 605 387 948 572 796 490 919 556 877 534 657 415 853 521 826 506 849 519 705 441
3 20 8092 875 533 944 570 777 480 701 439 825 506 841 515 925 560 807 496 631 401 789 486 822 504 801 493 719 448 500 330 659 416 928 562 910 552 945 571 933 564 852 520
4 20 7754 817 501 599 384 324 235 788 486 898 545 632 402 963 580 660 417 774 478 855 522 602 385 973 585 882 536 955 576 999 600 658 416 590 379 957 577 768 475 815 500
5 20 8163 921 557 799 492 898 545 898 545 798 491 932 564 915 554 867 528 860 525 787 485 926 560 955 576 564 365 751 466 738 459 863 527 861 525 617 393 451 304 925 560
6 20 8058 768 475 568 367 977 588 955 576 621 396 593 380 869 529 913 553 946 571 720 449 849 519 948 572 898 545 687 431 599 384 693 435 734 457 846 517 967 583 965 581
7 20 8359 358 253 775 479 970 584 607 388 944 570 764 473 979 589 776 480 931 563 741 460 907 550 976 587 747 464 793 488 858 524 966 582 997 598 972 585 837 512 820 503
8 20 8588 978 588 762 472 942 569 871 530 932 564 756 468 983 591 991 595 924 559 909 551 674 424 851 520 914 554 738 459 909 551 965 582 520 341 736 458 864 527 957 577
9 20 8130 913 553 921 557 695 436 787 485 976 587 803 494 700 438 946 571 856 522 724 451 825 506 994 597 606 387 593 380 767 474 780 482 919 557 895 544 648 410 912 553
10 20 7744 670 422 513 337 979 589 838 513 784 484 998 599 895 543 515 338 730 454 880 536 794 489 834 510 989 594 709 443 978 588 638 405 824 505 574 370 547 356 800 492
11 20 8623 969 584 947 572 943 569 654 413 874 532 879 535 996 598 958 578 812 499 813 499 961 579 913 553 366 258 868 529 879 535 918 556 884 537 917 556 809 497 886 539
12 20 7976 638 405 982 590 806 496 662 417 650 411 951 574 685 430 979 589 683 429 926 561 775 479 407 280 824 505 907 550 941 568 841 514 703 440 898 545 854 522 840 514
13 20 8446 939 567 998 599 828 507 763 472 849 519 898 545 906 550 825 506 971 585 904 548 865 527 845 517 904 548 511 336 927 561 637 404 895 544 615 392 972 585 840 514
14 20 7567 843 516 728 453 628 400 961 579 701 439 766 474 958 578 541 352 780 481 713 445 433 294 863 526 799 491 983 591 674 424 809 497 607 388 840 514 710 444 798 491
15 20 8125 981 590 768 475 815 500 813 499 1000 600 698 437 813 499 795 489 944 570 890 541 945 571 689 432 718 448 618 394 985 592 744 462 877 534 334 241 996 598 828 507
16 20 7952 918 556 378 264 855 522 714 446 937 566 888 540 850 519 493 326 844 516 858 524 794 489 818 502 888 540 638 405 983 591 277 210 975 587 859 524 948 572 990 595
17 20 7544 908 551 665 419 880 536 980 590 650 411 818 502 445 300 891 541 694 435 905 549 736 457 597 383 502 332 618 394 676 425 729 454 883 537 802 493 973 586 737 458
18 20 8394 914 554 858 524 990 595 615 392 801 493 960 579 907 550 815 500 620 395 798 491 798 491 995 598 866 528 876 533 850 519 977 588 956 576 891 541 666 420 636 404
19 20 7773 820 503 690 433 646 409 863 526 865 527 979 589 961 579 953 575 886 539 950 573 582 374 453 305 873 532 856 523 366 258 976 588 763 472 965 581 242 191 857 523
20 20 8338 790 487 813 499 876 533 933 564 890 541 941 568 903 548 596 382 913 553 788 486 620 395 698 437 996 598 889 540 837 512 954 575 969 584 663 418 726 452 881 536
21 20 7445 824 505 846 517 955 576 451 304 790 487 951 574 723 451 730 454 747 463 656 414 958 578 801 493 248 194 615 392 950 573 610 389 866 528 839 514 695 436 636 404
22 20 8033 730 455 829 508 956 576 985 592 349 249 748 464 1000 600 710 444 748 464 550 357 690 433 996 598 975 587 765 473 729 454 954 576 765 473 824 505 779 481 984 592
23 20 7566 680 427 798 491 967 583 957 577 676 425 857 523 982 591 597 383 505 333 873 532 866 528 817 501 767 474 677 426 827 507 899 546 618 394 435 295 829 508 506 333
24 20 8694 960 579 948 572 706 442 901 547 847 518 899 546 662 418 711 444 799 492 876 533 842 515 869 530 970 584 942 569 974 586 930 562 962 580 622 396 973 585 996 598
25 20 8264 909 551 664 419 978 589 980 589 749 465 953 575 899 545 809 497 700 438 900 546 799 492 613 391 941 568 836 512 665 419 769 475 958 578 998 599 412 283 997 599
26 20 7993 817 501 904 549 919 556 781 482 772 477 747 464 902 548 739 459 973 586 954 575 807 496 986 592 731 455 811 498 550 357 291 217 947 572 975 586 456 306 924 559
27 20 8218 835 511 938 567 529 346 873 531 965 581 937 566 960 579 832 510 850 519 896 544 847 518 917 555 787 485 768 475 840 514 491 325 694 435 903 548 622 396 952 574
28 20 7997 743 461 939 567 965 582 943 570 887 539 536 349 689 432 843 515 858 524 849 519 918 556 919 556 976 587 616 393 560 363 622 396 433 294 887 539 866 528 945 571
29 20 8398 828 507 902 547 858 524 957 577 581 374 999 600 838 513 986 592 963 580 926 560 546 355 984 591 461 309 971 585 967 583 629 400 919 556 747 464 943 569 792 488
30 20 8752 926 561 727 453 957 577 682 428 999 600 782 483 845 517 666 420 914 554 987 593 894 543 747 463 970 584 873 532 992 596 816 501 986 593 878 534 977 588 886 538
31 20 7851 583 375 915 554 949 573 909 551 649 411 842 515 932 564 762 472 965 581 873 532 945 570 515 338 521 342 949 573 677 426 789 486 919 556 433 294 721 450 854 522
32 20 7620 732 456 855 522 665 419 924 559 751 466 911 552 489 324 707 442 961 579 912 553 602 386 415 284 957 577 993 597 866 528 842 515 481 320 860 525 914 554 404 279
33 20 8367 995 597 668 421 743 461 768 475 984 592 646 409 864 527 923 559 997 599 891 541 936 566 823 504 846 517 758 469 860 525 965 581 477 318 661 417 987 593 942 569
34 20 8490 958 578 928 562 682 428 901 547 978 588 993 596 909 551 836 511 968 583 682 429 852 520 952 574 541 352 946 571 940 568 975 587 835 511 975 587 413 283 717 448
35 20 7680 764 473 723 450 901 547 932 563 894 543 895 543 626 398 717 447 644 408 663 418 589 378 683 429 991 595 711 444 902 548 883 537 991 595 522 342 950 573 380 265
36 20 8284 729 454 525 344 923 559 995 598 627 399 646 409 999 600 993 596 868 529 970 584 811 498 755 468 801 493 492 326 837 512 888 539 890 541 878 534 979 589 963 580
37 20 8508 960 579 686 431 775 478 577 372 896 544 994 597 636 404 847 517 982 591 703 440 870 530 671 423 959 578 975 587 973 586 920 557 844 516 965 581 843 516 941 568
38 20 7943 529 346 733 456 827 507 922 558 598 383 999 600 824 505 967 583 672 423 927 561 946 571 974 586 827 507 848 518 557 361 986 593 979 589 735 457 496 328 540 352
39 20 7737 645 409 784 484 949 573 926 561 817 501 740 460 868 529 944 570 792 488 419 287 942 569 387 269 871 530 811 498 840 514 733 456 819 503 891 541 640 406 657 415
40 20 7914 949 573 912 553 933 564 892 542 970 584 846 517 871 531 900 546 843 515 633 402 880 535 985 592 804 494 522 342 668 421 919 557 182 158 687 431 764 473 669 421
41 20 7632 984 591 932 564 808 496 634 402 661 417 647 410 1000 600 555 360 877 534 897 544 710 444 929 562 678 426 853 521 641 406 895 544 603 386 556 361 438 297 966 582
42 20 7557 832 510 635 403 668 421 853 521 941 568 491 325 348 248 475 317 862 526 951 574 896 544 778 480 898 545 883 537 875 533 525 344 526 345 993 597 785 484 900 546
43 20 7631 897 545 755 468 977 588 900 546 967 583 515 338 961 579 844 516 850 519 574 370 768 475 652 412 800 492 466 312 789 486 1000 600 275 208 958 578 335 241 980 590
44 20 7791 689 432 816 501 527 345 880 536 922 558 450 303 720 449 729 454 670 422 927 561 626 398 994 597 715 446 976 587 829 508 635 403 819 502 715 446 989 595 954 575
45 20 7988 1000 600 774 478 958 577 901 547 663 418 568 367 788 486 871 530 898 545 982 591 919 556 584 376 883 537 745 462 672 423 820 503 934 565 604 386 790 487 622 396
46 20 8305 608 388 978 588 674 424 1000 600 958 577 849 519 838 513 560 363 714 446 930 562 538 351 944 570 882 536 762 472 946 571 905 549 923 559 984 592 659 416 959 578
47 20 7278 622 396 958 577 940 568 599 384 766 474 861 525 394 273 989 594 798 491 221 179 547 355 938 567 520 341 946 571 591 380 483 321 899 546 884 537 815 500 785 484
48 20 8220 634 403 998 599 947 572 699 437 958 577 537 350 733 456 777 480 922 558 813 499 470 314 760 471 977 588 975 587 894 543 663 418 965 581 805 495 985 592 928 561
49 20 7899 462 310 663 418 973 586 745 462 954 575 902 547 586 377 328 238 479 319 808 496 986 593 949 573 903 548 822 504 936 566 977 588 724 451 919 556 699 438 983 591
50 20 7681 904 548 978 588 857 523 777 480 768 475 813 499 908 550 635 403 918 556 697 437 846 517 468 313 648 410 520 341 644 408 783 483 931 563 991 596 836 512 440 298
51 20 7420 577 372 728 454 659 416 934 565 788 486 741 461 584 376 615 392 413 283 939 567 813 499 816 501 710 443 958 578 968 583 831 509 871 530 547 356 704 440 644 408
52 20 8125 751 466 931 563 694 435 898 545 601 385 987 593 827 507 576 371 904 548 962 579 888 540 795 489 962 579 775 479 848 518 224 181 920 557 858 524 966 582 883 537
53 20 8011 807 496 626 398 834 511 931 563 565 365 866 528 648 410 732 456 980 590 814 500 834 511 987 593 749 465 671 423 898 545 893 543 652 412 941 568 789 486 805 495
54 20 8280 800 492 916 555 941 569 987 593 913 553 962 580 826 506 996 598 386 269 953 575 659 416 827 507 554 359 706 442 883 537 919 556 958 578 949 573 981 590 444 300
55 20 8478 801 493 505 333 968 583 765 473 880 536 905 549 966 582 938 567 903 548 920 557 813 499 610 389 995 597 834 510 918 556 818 502 916 555 800 492 757 469 944 570
56 20 7778 970 584 640 406 789 486 702 439 553 359 930 562 939 567 586 377 413 283 817 501 653 413 951 574 296 220 789 486 687 431 986 593 994 597 984 591 888 540 989 594
57 20 8141 684 430 857 523 891 541 950 573 676 425 979 589 990 595 927 561 912 553 737 458 903 548 975 587 738 459 879 535 995 598 450 303 312 229 849 518 747 464 832 510
58 20 7898 874 532 783 483 856 522 252 196 713 445 886 539 916 555 692 434 811 498 963 580 903 548 816 501 748 464 909 551 817 502 984 592 518 340 793 488 917 555 645 408
59 20 8253 578 372 999 600 728 453 915 554 904 548 431 293 766 474 763 472 641 406 985 592 995 598 975 587 832 510 983 591 857 523 909 551 492 326 795 490 996 598 963 580
60 20 7751 870 530 685 430 606 387 819 502 562 364 840 514 718 448 971 584 732 456 741 460 957 577 998 599 918 556 626 398 762 471 909 551 540 352 643 408 705 441 900 546
61 20 8200 936 566 796 490 864 527 992 596 924 559 689 432 997 599 818 502 885 538 955 576 847 517 765 473 506 333 856 523 816 501 860 525 955 576 634 403 525 344 781 482
62 20 8138 763 472 915 554 840 514 701 439 559 362 817 501 940 568 892 542 615 393 989 594 874 532 980 589 905 549 937 566 789 486 933 564 485 322 772 477 818 502 753 467
63 20 7774 834 510 826 506 938 567 844 516 592 380 508 335 803 494 985 592 776 479 642 407 982 591 607 388 720 449 647 409 876 533 909 551 845 516 957 577 572 369 685 430
64 20 7752 746 463 937 566 720 449 390 271 312 229 698 437 866 528 442 299 613 391 808 497 971 585 871 531 990 595 960 578 982 591 935 565 974 586 482 321 984 592 823 505
65 20 8174 196 166 954 575 848 518 638 405 878 535 882 536 995 597 925 560 975 586 942 569 828 507 947 572 943 570 723 451 659 416 952 574 578 372 538 350 966 582 981 590
66 20 7812 804 494 868 529 701 439 806 496 912 553 436 296 963 580 712 445 976 587 966 582 745 463 932 563 697 436 835 511 908 551 852 520 425 289 922 558 655 414 509 335
67 20 8277 776 479 870 530 671 423 903 548 921 558 841 514 818 502 604 387 731 455 900 546 721 449 983 591 926 560 812 499 988 594 920 557 894 543 797 490 583 375 896 544
68 20 7605 676 425 434 295 966 582 988 593 784 484 953 575 676 425 884 538 979 589 653 413 525 344 807 496 890 541 627 399 494 327 678 426 920 557 340 244 971 584 966 582
69 20 8122 755 468 781 482 977 588 734 457 868 529 661 417 993 597 748 464 979 589 828 507 578 372 665 420 841 514 676 425 927 561 725 452 661 417 888 540 962 580 997 599
70 20 8200 998 599 763 472 922 558 546 355 892 542 724 451 892 542 908 550 806 496 742 461 541 353 648 410 587 377 986 593 971 584 952 574 827 507 795 490 955 576 945 570
71 20 8078 768 475 642 407 881 536 729 454 812 499 873 531 986 593 865 528 689 432 990 595 944 570 925 560 733 456 980 589 752 466 708 443 766 474 909 551 495 327 709 443
72 20 8253 835 511 920 557 958 578 844 516 667 420 762 472 745 462 834 510 880 535 919 557 941 569 827 507 840 514 754 468 805 495 789 486 771 477 955 576 761 471 699 438
73 20 7837 797 491 905 549 817 502 958 578 817 501 650 411 958 578 961 579 347 247 529 346 973 586 361 255 795 489 292 218 967 583 990 595 930 562 982 591 977 588 668 421
74 20 8726 997 599 862 525 938 567 977 588 955 576 794 489 909 551 791 487 907 550 850 519 711 444 921 558 892 542 925 560 977 588 998 599 523 342 895 544 784 483 846 517
75 20 7098 523 342 869 529 945 571 739 459 570 368 582 374 600 384 790 487 958 577 468 313 973 586 823 505 856 522 868 529 944 570 408 281 366 258 691 433 800 492 423 288
76 20 7580 715 446 660 417 544 354 991 595 936 566 887 539 497 328 618 394 940 568 275 209 891 541 595 382 877 534 758 469 774 478 845 516 942 569 610 390 887 539 919 556
77 20 8061 959 578 901 547 766 474 599 383 963 580 967 582 801 493 279 211 714 446 991 595 954 575 764 473 943 569 970 584 606 387 986 593 734 457 806 495 562 364 857 523
78 20 7857 877 534 1000 600 981 590 922 558 942 569 598 383 958 577 619 395 780 482 611 390 844 516 438 297 891 541 973 586 501 331 835 511 695 436 492 326 977 588 780 482
79 20 8462 675 425 727 453 744 462 987 593 736 458 993 596 962 580 896 544 996 598 984 592 793 489 698 437 496 328 854 521 958 578 946 571 917 555 735 457 985 592 842 515
80 20 7520 841 515 917 555 558 362 798 491 789 486 644 408 944 570 946 571 289 216 530 346 804 495 676 425 951 574 550 357 960 579 957 577 936 566 534 349 888 540 528 345
81 20 8083 733 456 839 514 962 580 945 571 719 448 702 439 982 591 610 390 524 343 870 530 705 441 724 451 705 441 819 502 888 540 953 575 674 424 922 558 981 590 909 551
82 20 7698 814 500 953 575 922 558 952 574 705 441 837 512 834 511 436 295 523 343 846 517 790 487 956 576 674 424 780 481 700 438 717 447 969 584 806 496 705 441 477 318
83 20 8322 775 479 883 537 872 531 791 487 970 584 473 316 974 586 839 513 903 548 650 411 840 514 983 591 886 539 709 443 978 589 816 501 828 507 908 550 681 428 885 538
84 20 8203 740 460 853 521 931 563 874 532 760 471 955 576 981 590 994 597 660 417 796 490 824 505 765 473 795 489 817 501 857 523 846 517 720 449 996 598 436 296 806 495
85 20 7827 994 597 598 383 698 437 368 259 974 586 979 589 929 562 992 596 985 592 951 574 461 309 736 457 981 590 712 445 990 595 960 579 625 398 550 357 692 434 480 319
86 20 8333 828 507 453 305 939 567 519 340 986 593 712 445 985 592 933 564 987 593 919 556 704 440 975 587 570 368 929 562 799 492 950 573 909 551 843 515 955 576 771 477
87 20 7933 748 464 612 391 881 536 660 417 980 589 625 398 765 473 384 268 407 280 865 528 868 529 718 448 959 578 999 600 971 585 979 589 689 432 820 503 974 586 962 580
88 20 8604 996 598 947 572 750 465 969 584 970 584 969 583 792 488 734 457 886 539 938 567 853 521 873 532 636 404 901 547 908 550 947 572 489 324 927 561 963 580 760 471
89 20 8286 994 597 705 441 712 445 705 441 932 564 762 472 855 522 787 485 876 533 923 559 765 473 640 406 977 588 342 245 1000 600 993 597 816 501 994 597 810 498 985 592
90 20 7821 809 497 323 234 825 506 990 595 724 451 892 542 693 434 900 546 721 450 846 517 549 357 964 581 796 490 819 502 991 596 339 243 910 552 897 545 912 553 742 461
91 20 7540 936 565 981 590 993 596 409 281 680 427 917 555 739 459 790 487 917 555 713 446 698 437 810 497 798 491 724 451 454 306 488 324 771 476 936 566 583 375 743 462
92 20 8050 900 546 965 581 376 263 543 354 946 571 665 420 963 580 890 541 995 597 851 520 870 530 773 478 963 580 796 490 499 329 849 519 935 565 771 477 584 376 966 582
93 20 7828 526 344 943 570 990 595 317 231 838 512 971 584 782 482 425 290 852 520 870 530 975 587 765 473 572 369 984 591 992 596 536 350 612 390 942 569 958 577 806 496
94 20 7528 511 336 899 546 884 538 836 512 398 275 483 321 894 543 907 550 999 600 663 418 733 456 991 596 752 467 643 407 719 449 833 510 946 571 535 349 464 311 966 582
95 20 7977 607 388 996 598 503 332 862 526 822 504 916 555 635 403 934 564 763 472 860 525 456 306 918 556 989 594 591 380 958 577 714 446 1000 600 942 569 679 427 810 498
96 20 8385 973 586 914 554 921 558 644 408 977 588 625 398 873 531 863 526 950 573 838 513 570 368 922 558 998 599 631 401 916 555 778 480 993 597 893 543 782 483 709 443
97 20 8248 954 576 910 552 957 577 917 556 950 573 863 526 657 415 979 589 540 352 822 504 866 528 951 574 890 541 941 568 567 366 798 491 864 527 658 415 770 476 643 407
98 20 8078 832 509 875 533 509 335 821 503 977 588 799 492 875 533 976 587 714 446 847 517 603 386 679 427 811 498 619 394 619 395 966 582 894 543 975 587 863 526 902 547
99 20 7752 589 378 876 533 504 332 697 437 849 519 845 517 924 559 675 425 883 537 496 328 829 508 885 538 877 534 842 515 893 543 914 554 550 357 665 420 749 465 963 580
100 20 8352 934 565 697 437 868 529 871 531 583 375 981 590 814 500 732 455 883 537 871 531 735 457 986 593 805 495 897 545 712 445 686 430 912 553 996 598 986 593 755 468
101 20 8432 973 586 777 480 861 525 972 585 794 489 975 587 970 584 961 579 867 528 533 348 911 552 831 509 791 487 766 474 999 600 902 547 834 510 497 328 704 440 947 572
102 20 8096 820 503 431 293 976 587 767 474 910 551 932 564 835 511 820 503 847 518 994 597 896 544 856 522 986 593 519 341 790 487 541 352 983 591 673 424 763 472 853 521
103 20 8691 754 467 994 597 924 559 829 508 984 591 777 480 886 539 906 550 972 585 604 387 719 449 953 575 994 597 955 576 911 552 731 455 877 534 921 558 713 445 979 589
104 20 8347 972 585 952 574 859 524 869 530 704 440 592 380 724 451 733 456 902 547 831 509 730 455 948 572 950 573 852 520 934 564 911 552 892 542 652 412 846 517 842 515
105 20 7955 871 531 800 492 261 201 919 556 871 531 697 437 722 450 548 356 970 584 996 598 843 515 984 591 787 485 964 581 414 284 755 468 875 533 797 491 980 589 856 522
106 20 8386 840 514 982 590 727 453 549 357 466 312 974 586 955 576 894 543 866 528 938 567 982 591 939 568 869 529 936 566 708 443 959 578 827 507 909 551 689 432 764 473
107 20 7801 626 398 851 520 869 529 935 565 811 498 903 548 961 579 569 367 974 586 911 552 497 328 682 428 626 399 960 579 875 533 642 407 391 272 944 570 922 558 653 413
108 20 7427 877 534 797 491 912 553 250 195 753 467 977 588 925 560 323 235 983 591 683 429 907 550 684 430 759 470 834 511 955 576 207 172 864 527 814 500 810 498 540 352
109 20 7680 796 490 670 422 548 356 665 419 720 449 638 405 918 556 1000 600 794 489 645 409 998 599 760 471 827 507 805 495 819 502 865 527 533 348 830 509 636 403 894 543
110 20 8105 763 472 987 593 871 531 519 340 917 555 632 402 845 516 824 505 755 468 955 576 675 425 948 572 331 239 818 502 956 577 847 517 927 561 828 508 858 523 954 576
111 20 7837 728 453 931 563 977 588 874 532 978 588 648 410 823 505 690 433 981 590 882 537 764 473 648 410 972 585 558 362 890 541 692 434 997 599 354 251 638 405 649 411
112 20 7892 709 443 935 565 875 533 972 585 790 487 739 459 728 453 614 392 688 432 963 580 963 580 790 487 784 484 785 484 359 254 976 587 845 516 733 456 875 533 662 418
113 20 6700 681 428 569 368 744 462 843 516 585 376 960 579 241 190 799 492 548 356 631 401 438 297 659 416 318 232 649 411 632 401 938 567 975 587 883 537 389 270 918 556
114 20 8108 981 590 812 498 943 570 965 581 661 417 900 546 971 585 660 416 863 526 898 545 912 553 564 365 797 490 993 596 998 599 279 211 796 490 644 408 783 483 796 490
115 20 7937 875 533 943 569 527 345 757 469 530 347 744 462 641 406 571 369 959 578 797 491 718 448 964 581 931 563 926 560 745 463 885 538 833 510 938 567 778 480 812 499
116 20 8066 975 586 854 522 550 357 789 486 936 565 862 526 743 461 930 562 877 534 669 422 782 482 789 486 711 444 809 497 791 487 636 403 999 600 910 552 815 500 706 442
117 20 7711 970 584 828 508 387 269 956 577 624 397 824 505 892 542 899 546 558 361 906 550 887 539 531 347 824 505 881 536 462 310 783 483 689 432 890 541 973 586 659 416
118 20 8300 943 569 766 474 893 542 513 337 744 462 820 503 797 491 999 600 894 543 937 566 786 485 467 312 785 484 853 521 967 582 797 491 962 580 875 533 954 575 848 518
119 20 7105 855 522 845 516 538 351 872 531 678 426 735 457 871 531 760 471 423 289 896 544 914 554 814 500 494 327 661 417 801 493 650 411 533 348 378 264 715 446 777 480
120 20 8139 657 415 859 524 901 547 780 481 744 462 997 599 609 389 863 526 770 476 568 367 928 561 925 560 606 388 968 583 624 397 906 549 884 537 770 476 940 568 980 589
121 20 7574 974 586 967 582 521 341 940 568 791 487 934 565 789 486 690 433 420 287 743 462 565 365 838 513 771 477 702 439 958 578 506 333 819 502 585 376 824 505 811 498
122 20 8432 990 595 672 423 882 536 836 511 974 586 839 513 822 504 957 577 667 420 979 589 883 537 903 548 440 298 857 523 907 550 768 475 808 497 916 555 782 483 982 591
123 20 8412 669 422 679 427 979 589 812 499 768 475 904 549 846 517 908 550 872 531 762 472 834 511 814 500 981 590 930 562 965 582 969 583 755 468 912 553 585 376 881 536
124 20 8601 792 488 785 484 696 436 849 518 967 582 973 586 771 476 854 521 980 589 854 521 844 516 849 519 674 424 932 564 983 591 995 598 945 570 939 567 607 388 914 554
125 20 8083 991 595 894 543 785 484 969 583 633 402 851 520 899 546 875 533 154 144 777 480 793 489 766 474 962 580 557 361 910 552 944 570 880 535 652 412 981 590 893 543
126 20 7878 918 556 930 563 762 472 953 575 782 482 752 466 916 555 710 443 751 466 824 505 898 545 238 189 639 405 805 495 925 560 557 361 859 524 847 518 912 553 778 481
127 20 8224 872 531 691 434 870 530 943 570 653 413 848 518 883 537 999 600 960 579 895 543 938 567 974 586 820 503 760 471 967 583 731 455 718 448 773 478 912 553 241 190
128 20 7918 736 458 996 598 963 580 637 404 957 577 985 592 909 551 798 491 793 488 981 590 421 288 490 325 784 483 871 531 766 474 722 450 587 377 977 588 665 420 798 491
129 20 7482 527 345 761 471 556 360 900 546 857 523 562 364 962 580 930 562 758 470 705 441 528 345 870 530 404 279 768 475 701 439 552 358 717 448 992 596 917 556 997 598
130 20 7435 557 361 906 550 131 131 847 518 659 416 702 439 927 561 725 452 896 544 702 439 819 502 810 498 773 477 791 487 931 563 897 545 848 518 834 510 722 450 394 273
131 20 8240 784 484 895 543 966 582 955 576 786 484 984 592 955 576 896 544 995 597 739 459 777 480 401 277 876 533 791 487 756 468 787 485 812 498 850 519 936 566 540 352
132 20 7856 388 270 970 584 998 599 946 571 999 600 700 438 865 528 428 291 771 476 712 445 734 457 899 546 587 377 828 507 910 552 871 530 721 450 817 501 862 526 707 442
133 20 8337 707 442 835 511 926 560 719 448 861 525 996 598 942 569 841 515 987 593 923 558 813 499 865 527 873 532 874 532 568 367 974 586 687 431 902 547 443 299 939 567
134 20 8121 660 417 935 565 669 422 700 438 843 516 848 518 847 517 941 568 996 598 835 511 794 489 966 582 791 487 976 587 593 380 531 347 925 560 536 350 932 564 924 559
135 20 8750 969 583 941 568 769 476 841 514 670 422 959 578 985 592 981 590 879 535 787 485 999 599 903 548 970 584 777 480 962 580 883 537 712 445 745 462 798 491 970 584
136 20 8160 975 587 910 552 673 424 910 552 744 462 939 567 785 484 456 306 809 497 870 530 988 594 933 564 941 569 700 438 938 567 679 427 574 370 707 442 905 549 884 538
137 20 7935 826 506 938 567 863 526 459 308 786 485 700 438 914 554 768 475 889 540 789 486 984 592 946 571 910 552 596 382 986 593 374 262 503 332 675 425 985 592 980 590
138 20 7345 474 316 596 382 870 530 672 423 991 595 806 496 701 439 671 423 759 470 808 497 675 425 979 589 633 402 408 280 742 461 892 542 726 452 846 517 719 448 723 450
139 20 8219 910 552 742 461 760 471 961 579 976 587 817 501 505 333 771 477 601 385 836 512 933 564 692 434 993 596 869 529 899 546 483 321 930 562 999 600 919 556 842 515
140 20 8013 770 476 545 355 946 571 424 289 862 526 635 403 911 552 858 523 602 385 726 452 954 575 826 506 961 579 860 524 725 452 815 501 836 512 877 534 894 543 1000 600
141 20 7683 849 519 296 220 650 411 521 342 526 344 656 415 761 471 938 567 936 566 680 427 762 472 968 583 795 489 954 575 771 477 934 565 953 575 845 517 826 506 746 463
142 20 8585 567 366 994 597 830 509 915 554 753 467 950 573 934 565 933 564 752 466 962 580 980 589 847 517 710 444 872 531 893 542 770 476 968 583 722 450 937 566 881 536
143 20 8011 942 569 578 372 742 461 568 367 666 420 772 477 657 415 971 585 837 512 911 552 989 594 700 438 986 593 910 552 926 560 749 465 785 484 570 368 970 584 794 489
144 20 8263 595 382 875 533 620 395 988 594 950 573 978 588 674 424 543 353 918 556 790 487 894 543 859 524 840 514 911 552 861 525 813 499 859 524 898 545 854 522 806 496
145 20 7929 751 466 913 553 585 376 934 565 798 491 937 566 937 566 874 532 847 518 731 455 754 468 764 473 807 496 930 562 736 458 814 500 927 561 316 231 940 568 563 364
146 20 7353 893 542 509 335 872 531 902 547 552 358 823 505 687 431 811 498 932 564 784 484 558 362 913 553 953 575 664 419 345 247 779 481 577 372 931 563 567 366 655 414
147 20 8292 627 399 478 318 820 503 993 597 514 338 792 488 914 554 925 560 929 562 619 395 923 559 978 589 847 518 867 528 976 587 882 536 974 586 694 435 951 574 882 536
148 20 7933 810 498 835 511 586 377 799 492 998 599 955 576 974 586 739 459 729 454 616 393 954 575 813 499 981 590 645 409 777 480 870 530 488 323 630 400 815 500 852 521
149 20 7803 973 586 967 582 741 461 851 520 941 568 756 468 579 373 841 514 706 441 842 515 843 515 908 551 989 594 988 594 614 392 590 379 596 382 571 368 837 512 474 316
150 20 8057 978 588 976 587 793 489 863 526 935 565 904 548 786 485 931 563 645 409 956 576 392 272 771 476 918 556 670 422 796 490 973 586 536 350 649 410 880 536 763 472
151 20 7762 965 581 981 590 987 593 911 552 957 577 493 327 657 415 994 597 514 338 992 596 549 357 821 503 925 560 734 456 343 246 838 513 928 561 998 599 288 216 650 411
152 20 7996 993 596 745 462 733 456 888 540 560 363 909 551 577 372 914 554 787 485 986 593 865 528 490 325 743 461 755 468 986 593 910 552 627 399 615 393 924 559 985 592
153 20 8080 985 592 974 586 814 500 570 368 918 556 299 222 267 205 845 517 856 523 751 466 898 545 902 547 886 539 901 547 857 523 835 511 862 526 996 598 878 534 867 528
154 20 7890 631 401 918 556 862 525 483 321 814 500 970 584 556 360 937 566 615 393 452 305 928 562 929 562 898 545 751 466 875 533 632 402 975 587 963 580 829 508 762 472
155 20 8199 681 428 714 446 943 569 527 345 946 571 967 583 995 598 618 394 940 568 606 387 879 535 592 380 879 535 888 540 917 556 726 452 902 547 864 527 972 585 842 515
156 20 7891 745 462 245 193 873 532 974 586 887 539 671 423 833 510 942 569 782 482 944 570 928 561 624 397 741 460 540 352 691 433 901 547 709 443 862 526 978 588 912 553
157 20 8611 502 331 917 556 817 502 897 545 924 559 896 544 987 593 964 581 775 479 802 493 903 548 976 587 432 293 943 569 985 592 1000 600 943 569 948 572 923 559 688 432
158 20 8092 928 561 817 502 822 504 898 545 718 448 829 508 589 378 922 558 421 287 775 479 1000 600 897 544 815 500 625 398 855 522 702 439 909 551 943 570 817 501 902 547
159 20 8407 936 566 893 542 897 544 781 482 724 451 817 502 690 433 862 526 843 515 858 524 977 588 501 331 938 567 988 594 784 484 821 503 986 592 988 594 776 479 754 468
160 20 7804 871 530 906 549 996 598 751 466 718 448 805 495 533 348 743 462 379 265 967 582 928 561 985 592 916 555 437 296 877 534 688 432 998 599 578 372 644 408 888 540
161 20 7367 617 393 466 312 805 495 838 513 692 434 674 424 763 472 887 539 783 483 736 458 819 502 485 322 884 538 935 565 825 506 448 302 582 374 782 482 877 534 836 512
162 20 7849 736 458 725 452 575 371 723 451 948 572 899 546 727 453 805 495 895 544 588 378 560 363 824 505 909 551 973 586 838 513 699 438 879 535 476 317 989 595 930 562
163 20 8098 877 534 921 558 948 572 808 497 740 460 893 543 569 367 370 260 817 501 781 482 786 485 868 529 847 518 988 594 943 570 761 471 708 443 815 500 915 554 842 515
164 20 8273 785 484 776 479 960 579 938 567 922 558 320 233 968 583 977 588 934 565 694 435 852 520 999 600 962 580 955 576 998 599 529 346 733 456 681 428 583 375 981 590
165 20 7561 977 588 423 289 704 440 816 501 374 262 995 598 936 566 872 531 500 330 915 554 669 422 991 595 432 293 946 571 724 451 855 522 665 419 581 374 915 555 833 510
166 20 8131 904 549 901 547 916 555 883 537 857 523 942 569 934 565 464 311 848 518 944 570 534 349 958 578 816 501 831 509 903 548 886 539 783 483 565 365 823 505 570 368
167 20 7994 873 531 792 488 634 403 750 465 174 154 828 507 802 493 839 513 752 466 928 561 833 510 746 463 800 492 949 573 996 598 948 572 605 387 959 578 909 551 872 531
168 20 8270 928 561 765 473 655 414 1000 600 745 463 850 519 749 465 620 395 988 594 750 465 968 583 909 551 863 526 707 442 862 526 988 594 612 391 840 514 990 595 752 466
169 20 7117 671 423 924 559 860 524 505 333 364 257 934 564 736 458 824 505 532 347 799 492 859 524 587 377 996 598 743 462 729 454 695 435 435 295 752 466 588 378 702 439
170 20 7922 860 525 968 583 727 453 774 478 463 311 959 578 838 513 436 296 791 487 821 503 713 445 993 597 917 555 598 383 842 515 768 475 979 589 689 432 934 565 775 479
171 20 7571 922 558 794 489 959 578 871 531 959 578 650 411 879 535 828 507 781 482 995 598 582 374 986 593 669 421 269 206 780 482 477 318 725 451 154 144 914 554 948 572
172 20 7731 705 441 909 551 999 600 952 574 807 496 194 165 1000 600 852 520 559 362 894 543 905 549 921 558 845 517 959 578 931 563 932 563 412 283 685 430 177 156 824 505
173 20 8537 935 565 862 526 935 565 827 507 980 589 784 484 763 472 998 599 994 597 956 576 481 320 681 428 875 533 767 474 996 598 899 546 552 358 890 541 976 587 924 559
174 20 8321 816 501 602 385 838 513 965 581 610 390 947 571 915 554 569 367 993 597 879 535 711 444 936 566 635 403 935 565 914 554 935 565 970 584 587 377 994 597 891 541
175 20 7808 927 561 933 564 989 594 714 446 815 500 895 544 992 596 894 543 633 402 542 353 768 475 649 411 454 305 762 472 959 578 759 470 966 582 315 230 712 444 939 567
176 20 7875 874 532 845 516 956 576 850 519 900 546 967 582 810 497 430 292 614 392 824 505 987 593 934 565 729 454 760 470 662 418 678 426 691 433 891 541 949 572 399 276
177 20 8021 886 539 841 514 912 553 984 592 792 488 890 541 842 515 496 328 932 563 628 399 848 518 760 471 591 379 415 285 710 443 967 582 841 514 803 494 939 567 965 581
178 20 7649 618 394 826 506 845 516 707 442 977 588 787 485 992 596 846 517 759 470 825 506 402 278 888 540 589 378 759 470 694 435 387 269 857 523 860 524 688 432 993 597
179 20 8048 161 147 877 534 840 514 961 579 996 598 837 512 858 524 750 465 725 452 469 313 595 381 796 490 990 595 897 545 797 490 932 563 998 599 780 481 845 517 993 597
180 20 8159 887 539 766 474 504 333 764 473 481 320 586 377 987 593 994 597 957 577 942 569 825 506 999 600 750 465 755 468 910 552 888 540 980 589 374 262 998 599 971 584
181 20 7784 462 310 801 493 782 483 590 379 814 500 857 523 639 405 651 412 906 549 701 439 871 530 800 492 694 435 809 497 862 526 970 584 967 582 992 596 816 501 584 376
182 20 7993 677 426 845 516 495 328 999 600 978 588 755 468 391 272 793 488 748 464 944 570 866 528 688 432 672 423 925 560 930 563 710 444 937 566 828 507 946 571 859 524
183 20 8435 708 442 825 506 773 478 878 535 884 538 690 433 928 561 700 438 988 594 812 499 890 541 997 599 901 547 820 503 962 580 824 505 820 503 955 576 674 424 842 515
184 20 7343 690 433 963 580 723 451 370 260 704 440 940 568 636 404 866 528 900 546 722 450 230 184 702 439 741 461 853 521 770 476 392 272 945 570 801 493 872 531 867 528
185 20 8040 949 573 849 519 851 520 529 346 949 572 888 540 939 567 807 496 846 517 670 422 488 324 757 469 562 364 807 496 889 541 960 578 799 492 736 457 888 540 917 555
186 20 7259 210 174 984 592 916 555 872 531 580 373 924 559 243 192 245 193 919 557 876 533 658 415 737 458 828 507 784 484 592 380 894 543 791 488 571 368 951 574 944 570
187 20 7811 469 314 957 577 606 388 439 298 960 578 939 567 910 552 628 400 989 595 986 593 864 527 552 358 515 338 749 465 732 456 904 548 895 544 997 599 922 558 609 389
188 20 8120 842 515 464 311 818 502 968 583 574 370 815 500 999 600 887 539 425 290 915 554 738 459 733 456 940 568 630 400 974 586 825 506 926 560 934 565 984 592 849 519
189 20 8338 896 544 780 482 971 584 812 499 971 584 813 499 576 371 983 591 976 587 894 543 853 521 852 520 696 436 919 556 783 483 893 543 900 546 323 235 882 536 903 548
190 20 8051 793 488 651 412 914 554 635 403 839 514 621 396 873 532 855 522 824 505 425 289 920 557 951 574 938 567 769 475 762 472 865 527 712 444 951 574 942 569 863 526
191 20 8208 731 455 455 306 991 596 982 590 888 540 725 452 945 571 954 575 953 575 735 457 820 503 969 583 774 478 818 502 699 437 685 430 917 555 990 595 551 358 835 511
192 20 7752 873 531 750 465 653 413 624 397 728 454 902 547 844 516 791 488 981 590 391 272 869 530 917 555 892 542 959 578 542 353 753 467 746 463 916 555 617 393 756 469
193 20 8268 933 564 949 573 855 522 832 509 956 576 870 530 921 558 515 338 969 584 977 588 721 450 631 401 987 593 555 360 814 500 813 499 981 590 898 545 765 473 594 381
194 20 7870 488 324 766 474 926 560 474 316 425 290 975 587 671 423 723 451 769 475 975 587 788 486 819 502 679 427 950 573 901 547 998 599 960 578 946 571 642 407 865 527
195 20 7655 894 543 977 588 815 500 997 599 580 374 654 414 425 290 502 331 650 411 914 554 991 595 922 558 564 365 759 470 582 374 632 402 980 590 689 432 950 573 834 511
196 20 7846 779 481 930 562 493 326 921 558 565 365 767 475 998 599 353 251 544 354 755 468 958 578 754 467 852 520 614 392 960 578 602 385 971 585 924 559 999 600 954 575
197 20 8753 879 535 993 596 927 561 868 529 944 570 976 587 979 589 982 590 840 514 885 538 888 539 890 541 582 374 578 372 982 591 905 549 858 524 701 439 985 592 865 528
198 20 7878 501 331 990 595 948 572 775 479 752 467 709 443 813 499 872 531 725 451 517 339 584 376 519 341 762 472 987 593 1000 600 969 584 864 527 830 508 906 549 734 457
199 20 7819 971 584 959 578 655 414 908 551 756 469 755 468 839 513 814 500 842 515 910 552 750 465 572 369 817 501 863 526 905 549 848 518 272 207 790 487 454 305 959 578
200 20 7935 952 574 915 554 918 556 759 470 463 310 847 517 561 363 816 501 650 411 787 485 733 456 806 495 796 490 853 521 777 480 926 560 838 513 880 535 829 508 764 473
201 20 8055 938 567 938 567 718 448 846 517 885 538 800 492 856 522 995 597 461 309 977 588 920 557 975 587 910 552 552 359 752 466 535 349 809 497 920 557 520 341 804 494
202 20 7835 707 442 529 346 983 591 889 540 959 578 262 201 764 473 979 589 877 534 734 456 835 511 934 564 742 461 600 384 901 547 705 441 870 530 596 382 960 579 844 516
203 20 7376 607 388 855 522 740 460 882 537 584 375 804 494 914 554 716 447 491 325 753 467 522 342 836 512 474 316 757 469 932 563 711 444 963 580 934 564 757 469 521 342
204 20 8467 959 578 996 598 825 506 876 534 997 599 956 577 753 467 741 460 850 519 774 478 562 363 895 544 714 446 951 574 745 462 919 556 905 549 954 575 767 475 795 489
205 20 7893 684 429 855 522 955 576 707 442 862 526 979 589 786 485 638 405 738 459 912 553 570 368 925 560 910 552 764 473 664 419 888 540 519 340 964 581 667 421 799 492
206 20 7293 989 594 933 564 845 517 464 311 820 503 536 350 742 461 894 543 906 550 376 263 937 566 856 522 674 424 669 421 582 375 370 260 553 359 724 451 935 565 782 483
207 20 7920 764 473 490 325 958 578 871 531 935 565 535 349 944 570 639 405 734 456 776 479 857 523 619 395 996 598 1000 600 829 508 700 438 645 408 922 558 683 429 944 570
208 20 7963 976 587 827 507 373 262 737 458 947 571 725 452 830 508 975 587 957 577 350 249 375 263 910 551 908 550 951 574 420 287 998 599 934 565 792 488 964 581 977 588
209 20 8147 751 466 969 583 823 505 463 310 892 542 900 546 945 570 862 526 744 462 892 542 923 559 851 520 965 581 787 485 502 331 942 569 706 442 811 498 792 488 775 479
210 20 7667 660 417 976 587 526 344 837 512 767 474 950 573 986 593 710 444 955 576 894 543 768 475 757 469 184 160 655 414 977 588 902 548 824 505 909 551 648 410 449 303
211 20 8456 719 449 919 557 714 446 840 514 710 444 939 567 735 457 821 504 874 532 925 560 996 598 521 342 950 573 978 589 685 430 950 573 918 556 832 509 989 594 898 545
212 20 8469 959 578 915 554 900 546 785 484 927 561 953 575 597 383 863 526 868 529 883 537 894 543 986 593 859 524 717 447 889 540 962 580 688 432 501 331 853 521 940 568
213 20 8375 927 561 850 519 610 389 734 457 754 467 609 389 964 581 927 561 941 568 632 401 943 569 968 583 954 575 889 540 921 558 897 544 900 546 999 600 919 556 412 283
214 20 8046 882 536 914 554 548 356 533 348 990 595 806 496 864 527 671 422 601 385 720 449 828 508 947 572 779 481 1000 600 984 592 905 549 649 411 884 538 927 561 661 417
215 20 7985 843 515 689 432 716 447 831 509 854 521 983 591 588 378 922 558 570 368 509 335 676 425 789 486 964 581 943 569 749 465 890 541 696 436 861 525 987 593 911 552
216 20 7628 878 535 745 463 730 455 947 572 730 455 848 518 651 412 859 524 977 588 810 498 558 362 590 379 572 369 343 245 817 502 903 548 673 424 864 527 838 513 923 559
217 20 8127 930 562 958 578 341 244 753 467 977 588 788 486 934 565 897 544 874 532 707 442 746 463 956 577 701 439 580 374 981 590 896 544 650 411 891 541 999 600 696 436
218 20 8348 932 564 885 538 977 588 966 582 770 476 808 497 340 244 724 451 992 596 559 362 993 596 942 569 903 548 979 589 948 572 996 598 468 313 741 461 833 510 941 568
219 20 7753 714 446 707 442 977 588 887 539 936 565 889 540 965 581 983 591 606 388 420 287 827 507 855 522 522 342 707 442 878 534 600 384 604 386 611 390 850 519 969 583
220 20 7709 746 463 395 273 931 563 816 501 973 586 653 413 668 421 923 559 807 496 958 577 917 555 963 580 867 528 923 558 652 412 866 528 95 112 989 594 849 519 428 291
221 20 7970 791 487 896 544 819 503 959 578 455 306 990 595 543 353 876 533 857 523 937 566 445 301 985 592 847 518 710 443 852 520 817 501 946 571 752 466 783 483 681 428
222 20 7950 809 497 563 364 600 384 937 566 910 552 736 458 763 472 702 439 727 453 597 383 855 522 939 567 880 535 709 443 858 524 903 548 648 410 953 575 963 580 848 518
223 20 8237 897 545 611 390 825 506 710 444 526 344 975 587 973 585 997 599 655 414 991 596 958 578 672 423 680 427 928 561 873 532 614 392 974 586 922 558 733 456 960 578
224 20 7007 950 573 661 417 958 578 688 432 840 514 818 502 950 573 707 442 898 545 471 314 779 481 183 159 308 227 668 421 609 389 800 492 537 350 464 311 870 530 856 523
225 20 8221 754 467 859 524 918 556 773 477 892 542 775 479 694 435 815 500 844 516 940 568 547 356 684 430 903 548 928 561 961 579 904 548 967 582 847 517 717 447 720 449
226 20 8517 908 551 984 592 852 520 734 456 663 418 986 593 754 467 882 536 917 555 861 525 999 600 965 581 777 480 581 374 777 480 796 490 850 519 908 550 882 537 959 578
227 20 7555 872 531 954 576 670 422 846 517 722 450 755 468 458 308 919 556 517 339 947 571 828 507 675 425 675 424 905 549 850 519 449 303 860 525 990 595 280 211 939 567
228 20 8021 1000 600 334 241 994 597 258 200 311 228 956 576 820 503 842 515 999 600 932 563 987 593 830 508 957 577 886 539 873 532 692 434 852 520 715 447 966 582 838 513
229 20 7997 959 578 769 476 962 580 543 354 867 529 921 557 646 409 745 462 918 556 803 494 681 428 685 430 614 392 983 591 757 469 484 321 952 574 929 562 940 568 836 511
230 20 7809 883 537 856 522 965 581 881 536 927 561 577 372 723 451 877 534 552 359 650 411 977 588 823 504 980 590 630 400 647 410 852 520 853 521 886 539 388 270 691 433
231 20 8178 675 425 715 446 931 563 726 452 965 582 970 584 651 412 770 476 949 573 562 364 978 588 651 412 945 570 851 520 421 288 900 546 993 596 922 558 852 520 929 562
232 20 7716 944 570 772 477 559 362 947 572 890 541 517 340 963 580 879 535 546 355 955 576 707 442 958 578 344 246 779 481 711 444 553 359 718 448 809 497 976 587 906 550
233 20 8166 902 547 962 580 809 497 523 342 741 460 926 560 708 442 939 567 393 272 727 453 978 588 938 567 865 527 488 324 969 583 839 513 986 593 933 564 891 541 816 501
234 20 8384 820 503 767 475 789 486 934 565 895 544 904 548 431 293 939 567 718 448 924 559 955 576 824 505 907 550 874 532 804 494 792 488 863 526 897 545 1000 600 731 455
235 20 7734 927 561 699 438 643 408 764 473 796 490 512 337 576 371 910 551 787 485 795 489 706 442 929 562 987 593 753 467 349 249 774 478 878 535 992 596 738 459 954 575
236 20 8083 702 439 416 285 933 564 998 599 948 572 993 596 898 545 943 570 706 441 983 591 713 445 672 423 640 406 873 532 907 550 991 595 956 576 701 439 283 213 910 552
237 20 7250 683 429 650 411 801 493 807 496 648 410 763 472 757 469 924 559 577 372 631 401 752 466 762 472 604 387 804 494 631 401 648 410 921 557 330 238 969 583 839 513
238 20 7893 977 588 503 332 623 397 513 337 829 508 866 528 964 581 938 567 698 437 791 487 440 298 842 515 937 566 859 524 562 364 870 530 755 468 879 535 990 595 951 574
239 20 7807 968 583 829 508 877 534 682 428 849 519 692 434 645 408 812 499 876 533 1000 600 685 430 653 413 826 506 887 539 648 410 628 399 680 428 622 396 782 482 973 585
240 20 7680 776 479 964 581 644 408 580 373 821 503 995 598 652 412 886 538 972 585 984 592 940 568 455 306 538 351 278 211 993 597 934 565 351 250 946 571 952 574 699 438
241 20 8009 807 496 824 505 999 600 794 489 780 481 710 444 976 587 742 461 728 453 891 541 883 537 554 359 764 473 732 456 802 493 922 558 981 590 313 230 876 533 940 568
242 20 7832 800 492 733 456 741 460 991 595 942 569 865 528 821 504 711 444 871 530 649 411 465 312 760 471 871 530 598 383 957 577 696 436 823 505 804 494 674 424 893 543
243 20 7808 994 597 947 572 817 502 996 598 992 596 760 471 795 489 703 440 982 590 870 530 410 282 966 582 477 318 692 434 287 215 647 410 927 561 598 383 802 493 955 576
244 20 8199 853 521 987 593 906 549 953 575 720 449 872 531 761 471 557 361 656 415 782 482 867 528 987 593 854 522 724 451 821 503 590 379 981 590 700 438 938 567 890 541
245 20 8202 707 442 814 500 816 501 639 405 593 381 746 463 979 589 428 291 686 430 872 531 955 576 866 528 954 576 868 529 819 502 985 592 822 504 998 599 867 528 991 595
246 20 7966 862 526 379 265 302 223 908 551 840 514 931 563 742 461 988 594 659 416 702 439 927 561 589 379 721 450 973 586 995 598 975 587 744 462 834 510 958 577 904 548
247 20 7673 936 566 485 322 911 552 910 552 416 285 885 538 284 214 710 443 931 563 656 414 545 354 913 553 978 589 657 415 810 498 860 525 799 492 876 533 965 582 819 503
248 20 8405 778 480 968 583 961 579 410 281 776 479 996 598 922 558 959 578 660 417 715 446 662 418 877 534 938 567 912 553 845 516 724 451 984 591 853 521 986 592 885 538
249 20 8014 419 287 763 472 619 394 914 554 826 506 838 513 970 584 841 514 643 407 670 422 970 584 908 551 974 586 628 399 946 571 900 546 541 353 818 502 851 520 989 594
250 20 7859 744 462 593 381 627 399 949 572 601 385 796 490 353 251 872 531 955 576 882 537 686 431 958 577 928 562 1000 600 917 555 836 512 843 516 622 396 835 511 722 450
251 20 8455 973 585 856 522 668 421 950 573 705 441 717 448 953 575 968 583 816 501 741 460 644 408 976 587 918 556 985 592 993 597 741 460 627 399 982 590 992 596 706 441
252 20 7613 859 524 931 563 750 465 927 561 900 546 822 504 536 349 895 543 950 573 645 409 416 285 821 503 840 514 757 469 448 302 662 418 368 259 994 597 873 532 833 510
253 20 8129 842 515 720 449 850 519 699 438 906 550 999 600 831 509 706 441 845 516 685 430 939 567 675 425 904 548 840 514 640 406 590 379 783 483 936 566 895 543 973 586
254 20 7930 755 468 958 578 893 542 984 592 589 378 555 360 793 489 955 576 308 227 938 567 834 511 581 374 926 560 998 599 946 571 838 513 943 569 962 580 344 246 760 471
255 20 8506 959 578 910 552 976 587 747 463 670 422 938 567 544 354 531 347 995 598 949 572 937 566 850 519 785 484 990 595 821 504 967 582 963 580 797 490 868 529 815 501
256 20 8104 790 487 829 508 884 538 884 538 813 499 939 567 964 581 964 581 810 498 888 540 691 433 867 529 965 581 935 565 885 538 735 457 786 485 408 281 598 383 573 370
257 20 8752 906 549 846 517 953 575 915 554 960 578 840 514 987 593 489 324 990 595 627 399 984 592 985 592 724 451 858 523 996 598 891 541 959 578 954 575 893 542 747 464
258 20 8512 960 579 617 394 924 559 687 431 992 596 949 573 863 526 992 596 967 583 998 599 766 474 676 425 870 530 774 478 645 409 978 588 776 479 889 540 965 581 736 458
259 20 7570 725 452 481 320 644 408 986 593 788 486 611 390 984 591 893 542 671 423 950 573 808 496 989 594 787 485 652 412 269 205 993 596 750 465 603 386 649 411 907 550
260 20 8030 569 368 431 293 984 592 968 583 629 400 924 559 828 507 783 483 868 529 931 563 915 554 840 514 922 558 943 569 856 522 797 491 709 443 757 469 914 554 492 326
261 20 7769 801 493 650 411 861 525 779 481 991 595 812 499 743 462 566 366 467 312 921 558 815 500 730 454 757 469 680 428 997 599 868 529 717 448 912 553 624 397 847 518
262 20 8253 814 500 882 537 999 600 872 531 625 398 395 274 963 580 793 488 806 495 703 440 488 324 639 405 850 519 948 572 998 599 996 598 959 578 926 561 919 557 932 563
263 20 8349 939 567 887 539 889 540 902 547 983 591 723 450 821 503 885 538 959 578 824 505 814 500 972 585 947 572 871 531 801 493 840 514 627 399 849 518 317 231 849 519
264 20 7772 971 584 520 341 859 524 988 594 877 534 247 194 747 464 552 358 644 408 883 537 678 427 909 551 813 499 560 363 968 583 807 496 908 550 754 468 910 552 950 573
265 20 8005 787 485 801 493 614 392 834 511 980 589 920 557 950 573 802 493 797 491 740 460 890 541 921 557 497 329 640 406 966 582 823 505 640 406 907 550 770 476 732 456
266 20 8721 669 421 940 568 767 474 902 547 769 475 995 597 973 585 648 410 707 442 903 548 940 568 879 535 926 560 925 560 968 583 897 545 847 518 933 564 864 527 991 595
267 20 7574 811 498 852 521 886 539 569 368 599 384 879 535 932 564 651 412 758 469 644 408 933 564 905 549 179 157 666 420 984 592 854 521 957 577 691 433 442 299 956 576
268 20 8420 825 506 782 482 726 452 865 527 994 597 763 472 845 516 736 457 693 434 860 525 917 555 821 503 952 575 966 582 912 553 840 514 555 360 979 589 833 510 976 587
269 20 7729 995 597 902 547 381 266 710 444 555 360 900 546 803 494 974 586 872 531 1000 600 634 403 769 476 414 284 984 592 705 441 794 489 811 498 961 579 578 372 716 447
270 20 7541 944 570 976 587 845 517 910 552 960 579 706 441 899 546 759 470 929 562 518 340 950 573 409 281 606 387 916 555 179 157 918 556 785 484 873 532 476 318 525 344
271 20 8416 779 481 832 510 954 575 922 558 774 478 993 596 967 582 924 559 913 553 500 330 888 540 838 513 700 438 680 428 905 549 839 513 994 597 711 444 746 463 974 586
272 20 7757 835 511 891 541 864 527 546 355 550 357 701 439 726 452 961 579 952 574 929 562 977 588 828 508 713 445 726 452 907 550 409 281 748 464 808 497 547 356 897 545
273 20 7592 676 425 530 346 794 489 366 258 741 460 686 431 728 453 754 467 692 434 865 527 967 582 1000 600 390 271 757 469 955 576 756 469 625 398 991 595 962 580 949 573
274 20 7766 450 303 468 313 693 434 925 559 995 598 335 241 929 562 886 539 605 387 791 487 740 460 937 566 847 518 596 382 846 517 917 555 910 551 816 501 895 544 951 574
275 20 7573 710 443 789 486 880 535 549 357 679 427 938 567 936 566 743 461 842 515 975 587 853 521 217 177 786 485 669 422 594 381 955 576 486 323 834 510 989 594 723 451
276 20 7971 841 515 901 547 615 393 840 514 917 555 569 367 943 569 625 398 987 593 695 436 627 399 734 457 663 418 796 490 905 549 901 547 934 564 498 329 972 585 979 589
277 20 8038 888 540 715 447 994 597 790 487 667 420 977 588 654 413 830 508 958 578 959 578 710 444 896 544 874 532 976 588 733 456 457 307 747 464 943 569 839 513 469 313
278 20 7270 958 578 711 444 536 350 636 404 999 600 504 332 292 218 360 255 943 570 622 396 916 555 833 510 954 575 855 522 716 447 764 473 687 431 661 417 986 593 607 388
279 20 7522 813 499 492 326 479 319 805 495 610 389 622 396 981 590 721 450 860 525 908 551 932 563 648 410 617 393 845 516 758 469 891 541 858 524 517 339 979 589 708 442
280 20 7350 687 431 952 574 863 526 594 381 909 551 879 535 705 441 918 556 875 533 670 422 903 548 431 293 473 316 291 218 413 283 836 512 909 551 664 419 729 454 999 600
281 20 7729 879 535 625 398 839 513 434 295 705 441 412 283 940 568 719 448 896 544 904 549 518 340 820 503 675 425 984 592 1000 600 877 534 855 522 798 491 887 539 692 434
282 20 7790 891 541 970 584 644 408 835 511 806 496 999 600 564 365 761 471 430 292 847 518 984 591 990 595 964 581 884 538 497 329 640 406 556 360 611 390 903 548 805 495
283 20 8286 778 480 990 595 941 568 550 357 953 575 970 584 977 588 807 496 497 329 968 583 757 469 972 585 976 587 777 480 831 509 995 598 598 383 919 557 568 367 748 464
284 20 8222 971 585 836 512 932 564 781 482 834 511 827 507 936 565 740 460 697 437 688 432 854 521 975 587 867 529 587 377 762 471 941 568 651 412 944 570 775 479 847 518
285 20 7626 591 379 825 506 854 521 948 572 839 513 987 593 949 573 503 332 987 593 723 451 758 470 815 500 527 345 452 304 485 322 909 551 823 504 993 597 950 573 334 241
286 20 8247 745 463 759 470 851 520 601 385 681 428 754 468 752 466 995 598 980 590 955 576 772 477 878 534 710 444 838 513 836 511 802 493 890 541 858 523 962 580 875 533
287 20 7095 562 364 655 414 643 408 848 518 485 322 694 435 486 322 751 466 924 559 389 270 509 335 656 414 982 591 682 429 934 564 789 486 816 501 723 451 958 578 705 441
288 20 8211 632 402 1000 600 983 591 998 599 932 563 537 350 996 598 991 596 989 595 876 533 548 356 727 453 728 454 1000 600 804 494 595 381 997 599 669 421 630 400 790 487
289 20 7955 741 461 749 465 924 559 851 520 642 407 942 569 747 464 944 570 915 554 986 592 752 466 988 594 908 551 238 189 997 599 858 523 639 406 305 225 934 564 850 519
290 20 7064 937 566 964 581 762 472 604 386 879 535 425 290 828 507 225 182 688 432 363 256 820 503 836 512 972 585 593 380 424 289 579 373 848 518 952 574 924 559 506 333
291 20 8119 679 427 670 422 738 458 807 496 773 477 920 557 769 475 999 599 770 476 890 541 608 389 924 559 989 594 698 437 858 524 759 470 960 579 983 591 755 468 690 433
292 20 7913 875 533 725 452 580 373 650 411 946 571 897 544 755 468 732 455 921 558 727 453 697 437 868 529 505 333 759 470 916 555 845 516 869 529 952 574 631 401 977 588
293 20 7572 498 329 683 429 984 592 881 536 883 537 987 593 908 551 877 534 656 415 428 291 859 524 917 555 615 392 594 381 599 383 719 448 697 437 683 429 973 586 703 440
294 20 8291 794 489 794 489 874 532 957 577 540 352 648 410 927 561 790 487 721 449 880 535 962 580 990 595 606 387 998 599 846 517 980 589 786 485 816 501 775 479 898 545
295 20 7874 964 581 996 598 537 350 395 274 982 590 721 449 805 495 571 369 900 546 907 550 520 341 987 593 739 459 968 583 958 577 751 466 436 296 984 591 790 487 837 512
296 20 8239 703 440 861 525 879 535 868 529 843 516 908 550 710 444 850 519 970 584 609 389 858 524 819 502 770 476 918 556 746 463 925 560 925 560 444 300 915 554 958 578
297 20 8201 317 232 809 497 777 480 698 437 979 589 922 558 797 490 971 585 857 523 803 494 898 545 905 549 902 547 1000 600 980 589 448 302 882 536 759 470 942 569 757 469
298 20 7889 998 599 808 497 772 477 631 401 704 440 888 540 815 500 660 417 901 547 961 579 916 555 787 485 930 563 370 260 773 478 890 541 867 528 737 458 917 555 453 305
299 20 8261 291 217 941 569 963 580 773 478 748 464 842 515 977 588 747 464 841 515 972 585 784 483 909 551 934 564 621 396 928 561 985 592 678 426 827 507 844 516 918 556
300 20 7867 852 521 966 582 595 382 774 478 888 540 926 560 718 448 845 517 711 444 551 358 783 483 935 565 972 585 906 549 465 312 837 512 740 460 744 462 747 464 779 481
301 20 7535 874 532 958 578 972 585 742 461 417 285 888 540 806 496 968 583 680 427 466 312 424 289 979 589 714 446 852 520 830 508 451 304 683 429 911 552 761 471 694 435
302 20 8193 879 535 583 375 891 542 873 532 867 528 831 509 820 503 453 305 920 557 919 556 852 520 973 585 858 523 788 486 989 594 825 506 847 518 890 541 769 476 559 362
303 20 8419 943 569 997 599 912 552 949 573 906 550 914 554 938 567 914 554 607 388 899 546 707 442 690 433 720 449 931 563 891 541 989 594 830 508 521 342 790 487 790 487
304 20 8022 741 460 665 419 707 442 776 480 811 498 987 593 914 554 652 412 875 533 925 560 965 581 677 426 737 458 945 571 961 579 839 513 504 333 587 377 925 560 851 520
305 20 8084 972 585 915 554 772 477 908 551 940 568 1000 600 647 409 713 445 629 400 854 521 536 350 812 499 996 598 692 434 896 544 817 501 548 356 827 507 964 581 731 455
306 20 7714 858 523 953 575 763 472 522 342 587 377 619 394 776 479 647 410 372 261 803 494 923 559 421 288 953 575 898 545 891 541 960 578 916 555 690 433 894 543 983 591
307 20 8840 813 499 937 566 848 518 930 562 775 479 861 525 977 588 731 455 919 556 862 526 842 515 867 528 962 580 835 511 850 519 872 531 944 570 966 582 957 577 933 564
308 20 8325 625 398 875 533 843 516 862 526 981 590 652 413 712 445 953 575 897 545 759 470 833 510 889 540 934 565 730 454 940 568 972 585 616 393 779 481 806 496 993 596
309 20 8085 738 459 848 518 997 599 710 444 948 572 687 431 480 320 570 368 822 504 943 570 998 599 901 547 661 417 825 506 961 579 952 575 730 454 589 378 869 529 941 568
310 20 7230 988 594 900 546 492 326 324 235 993 596 454 305 721 450 606 388 1000 600 810 498 874 532 597 383 902 547 537 350 716 447 972 585 312 229 753 467 554 360 956 577
311 20 7529 925 560 506 334 625 398 788 485 295 219 988 594 301 223 727 453 862 526 901 547 857 523 923 559 974 586 865 527 517 339 587 377 990 595 937 566 618 394 872 531
312 20 8452 971 585 833 510 890 541 991 595 851 520 964 581 875 533 726 452 868 529 641 406 621 395 848 518 911 552 573 370 761 471 889 540 942 569 826 506 940 568 984 591
313 20 8001 865 527 646 409 845 517 888 540 951 574 770 476 974 586 746 463 545 354 887 539 844 516 733 456 903 548 646 409 864 527 789 486 760 471 877 534 486 322 983 591
314 20 8009 933 564 975 587 670 422 703 440 854 521 688 432 971 585 919 556 827 507 795 490 776 479 863 526 984 591 703 440 837 512 698 437 562 364 866 528 633 402 761 471
315 20 8404 827 507 959 578 997 599 949 573 379 265 918 556 942 569 939 567 843 515 905 549 845 517 982 591 932 564 896 544 897 545 531 347 697 436 771 476 642 407 958 578
316 20 7558 901 547 854 521 933 564 593 381 663 418 872 531 503 332 736 458 870 530 856 522 527 345 986 593 317 232 817 501 792 488 597 383 998 599 644 408 901 547 757 469
317 20 7971 856 522 812 499 474 316 781 482 532 347 962 580 927 561 861 525 516 339 919 556 922 558 880 536 981 590 975 587 791 487 753 467 674 424 698 437 997 598 632 402
318 20 7958 659 416 577 372 999 600 918 556 485 322 968 583 825 506 824 505 898 545 472 315 452 304 748 464 849 518 911 552 879 535 922 558 733 456 952 574 949 572 896 544
319 20 8473 996 598 671 423 738 459 984 592 924 559 548 356 910 551 759 470 981 590 902 547 912 553 973 585 959 578 942 569 988 594 956 577 742 461 950 573 258 200 854 521
320 20 7447 584 375 974 586 669 421 838 513 932 564 745 462 426 290 812 498 498 329 713 445 446 301 899 546 751 466 790 487 952 574 981 590 780 482 796 490 681 428 627 399
321 20 7446 921 557 881 536 786 484 368 259 682 428 396 274 767 474 893 542 682 428 850 519 829 508 812 499 798 491 818 502 949 573 997 599 818 502 424 289 704 440 517 340
322 20 7729 755 468 979 589 961 579 786 485 821 504 927 561 596 382 562 363 940 568 499 329 673 424 875 533 288 216 683 429 985 592 863 526 998 599 958 577 838 513 471 315
323 20 7695 640 406 762 472 954 575 946 571 821 503 983 591 815 500 364 257 855 522 780 482 654 413 846 517 430 292 577 372 621 395 845 517 918 556 960 579 844 516 776 479
324 20 7844 501 331 971 585 782 482 870 530 879 535 503 332 707 442 957 577 994 597 843 516 369 259 957 577 524 343 634 402 926 560 745 462 934 565 841 514 854 521 898 545
325 20 7971 784 484 951 574 775 479 771 476 480 320 717 448 828 507 863 526 953 575 717 448 664 419 960 579 970 584 743 462 857 523 751 466 910 552 403 278 973 585 872 531
326 20 7544 859 524 870 530 899 546 612 391 756 469 975 587 464 311 718 448 752 466 994 597 679 427 379 265 808 497 843 516 948 572 810 498 496 328 805 495 987 593 434 295
327 20 7660 927 561 670 422 700 438 764 473 797 491 276 209 913 553 886 539 783 483 900 546 825 506 940 568 509 335 992 596 807 496 731 455 476 317 837 512 897 545 690 433
328 20 7882 944 570 820 503 871 531 812 499 448 302 978 588 913 553 705 441 749 465 369 259 967 582 923 559 473 315 915 554 847 517 831 509 750 465 717 448 870 530 863 526
329 20 7726 535 349 819 503 593 381 526 344 877 534 875 533 998 599 967 583 648 410 776 479 737 458 825 506 679 427 893 543 803 494 972 585 891 541 627 399 889 540 522 342
330 20 8244 916 555 800 492 998 599 947 572 317 231 878 534 872 531 872 531 982 590 714 446 815 500 971 585 928 561 965 582 837 512 603 386 456 306 744 462 938 567 936 566
331 20 8421 928 561 950 573 924 559 937 566 834 511 971 584 960 579 487 323 914 554 698 437 581 374 980 589 991 596 946 571 683 429 985 592 621 396 717 448 908 551 827 507
332 20 8438 931 563 886 539 793 489 878 535 869 530 969 583 874 532 996 598 610 390 603 386 944 570 695 435 937 566 933 564 913 553 889 540 900 546 703 440 852 521 701 439
333 20 7867 702 439 808 496 996 598 890 541 920 557 459 308 904 548 541 352 903 548 292 218 574 370 946 571 866 528 850 519 776 479 870 530 849 519 982 590 670 422 937 566
334 20 8036 307 226 924 559 709 443 961 579 968 583 892 542 908 550 906 550 894 543 767 474 928 561 828 507 822 504 520 341 921 558 752 466 947 572 622 396 857 523 640 406
335 20 8408 761 471 887 539 817 501 930 562 959 578 968 583 600 384 866 528 671 422 610 390 949 573 779 481 827 507 717 448 961 579 845 517 972 585 905 549 956 576 837 512
336 20 7978 901 547 733 456 863 526 900 546 547 356 934 565 902 547 948 572 893 543 993 596 974 586 461 309 835 511 632 402 890 541 523 343 822 504 486 322 855 522 864 527
337 20 8194 638 405 955 576 933 564 849 518 736 458 926 560 967 583 478 319 994 597 631 401 476 318 714 446 910 551 990 595 998 599 906 550 778 480 775 479 953 575 782 482
338 20 7632 895 544 811 498 826 506 741 461 824 505 584 375 532 348 959 578 946 571 827 507 294 219 787 485 993 596 540 352 536 350 697 437 902 547 863 526 736 458 972 585
339 20 7016 552 358 855 522 922 558 951 574 176 155 568 367 711 444 689 432 665 419 519 340 629 400 799 492 865 527 868 529 728 453 735 457 807 496 851 520 813 499 329 238
340 20 8037 864 527 756 469 1000 600 896 544 354 251 871 531 868 529 804 494 988 594 928 561 759 470 883 537 626 398 996 598 842 515 970 584 548 356 549 357 647 410 926 560
341 20 7782 697 437 962 580 994 597 528 345 718 448 976 587 869 530 550 357 947 572 946 571 755 468 993 596 711 444 886 539 600 384 628 399 708 443 631 401 740 460 726 452
342 20 7991 746 463 573 370 940 568 962 580 905 549 991 596 986 592 961 579 788 486 783 483 813 499 729 454 694 435 519 340 716 447 429 292 861 525 944 570 735 457 908 550
343 20 8134 712 445 984 592 932 564 719 449 867 528 764 473 940 568 581 374 974 586 926 560 511 336 550 357 975 587 910 551 965 581 985 592 642 407 921 558 621 396 790 487
344 20 7535 927 561 786 484 963 580 372 261 361 255 641 406 652 412 908 551 935 565 450 303 932 564 412 283 968 583 860 524 990 595 760 471 749 465 850 519 662 418 892 542
345 20 8486 869 530 938 567 962 580 603 386 913 553 908 551 711 444 773 478 927 561 976 587 768 475 824 505 968 583 819 502 873 531 904 549 789 486 989 594 569 368 890 541
346 20 8008 803 494 758 469 986 593 721 450 849 519 918 556 780 482 733 456 821 503 831 509 876 533 970 584 799 491 427 291 940 568 967 582 925 560 429 292 858 524 626 399
347 20 7601 396 274 633 402 683 429 951 574 921 557 664 419 998 599 878 534 653 413 762 471 902 547 613 391 815 500 887 539 725 452 762 472 956 576 768 475 784 483 451 304
348 20 7364 805 495 641 407 548 356 486 323 673 423 978 589 785 484 957 577 883 537 954 575 779 481 846 517 506 333 807 496 935 565 634 403 498 329 710 444 975 587 329 238
349 20 7915 926 560 579 373 889 540 539 351 859 524 882 536 948 572 927 561 683 429 681 428 878 534 800 492 989 595 555 360 879 535 983 591 884 537 953 575 166 150 831 509
350 20 8031 811 498 868 529 698 437 935 565 907 550 937 566 671 423 966 582 695 436 899 546 852 521 657 415 744 462 583 375 778 480 992 596 776 479 941 569 796 490 556 361
351 20 8224 914 554 580 374 723 451 886 539 891 541 934 565 916 555 681 428 884 537 667 420 995 597 784 484 592 380 748 464 925 560 877 534 940 568 918 556 688 432 905 549
352 20 8281 936 566 993 596 562 364 934 565 930 562 862 525 740 460 862 526 811 498 422 288 924 559 939 567 990 595 770 476 965 581 943 569 870 530 846 517 768 475 496 328
353 20 7751 775 479 834 511 452 304 521 341 892 542 807 496 874 532 789 487 739 459 619 394 978 588 773 478 968 583 994 597 509 335 834 511 961 579 732 456 863 526 588 378
354 20 7565 603 386 514 338 934 565 864 527 967 582 574 370 643 407 796 490 532 348 966 582 840 514 937 566 568 367 642 407 718 448 716 447 887 539 926 560 616 393 887 539
355 20 8198 856 522 954 576 670 422 360 254 755 468 702 439 916 555 990 595 915 555 901 547 932 564 913 553 899 546 640 406 702 439 952 574 950 573 655 414 740 460 995 597
356 20 8191 697 436 786 485 668 421 947 571 447 301 806 495 760 470 894 543 807 496 806 495 923 559 845 516 853 521 879 535 993 597 942 569 822 504 703 440 987 593 818 502
357 20 7609 825 506 958 578 910 551 729 454 629 400 589 378 813 499 781 482 770 476 516 339 904 548 645 408 954 575 742 461 438 297 944 570 963 581 718 448 570 368 820 503
358 20 7778 573 370 832 510 648 410 984 592 975 587 694 435 790 487 846 517 874 532 838 513 384 268 925 560 791 488 995 597 662 418 905 549 901 547 457 307 892 542 590 379
359 20 7399 669 422 383 267 927 561 814 500 623 397 821 504 933 564 587 377 966 582 395 273 871 531 842 515 904 548 921 557 905 549 830 508 111 120 812 499 964 581 520 341
360 20 7951 642 407 706 441 991 595 620 395 634 403 985 592 975 587 765 474 843 516 979 589 589 378 933 564 474 316 804 494 985 592 968 583 552 359 891 541 566 366 1000 600
361 20 8257 822 504 903 548 883 537 701 439 751 466 573 370 764 473 564 365 841 514 947 572 963 580 987 593 852 521 735 457 934 564 897 545 889 540 863 526 719 448 927 561
362 20 8220 912 553 681 428 414 284 822 504 973 585 717 447 976 587 782 483 737 458 920 557 205 171 965 581 958 577 864 527 785 484 914 554 912 553 923 558 989 594 991 596
363 20 8280 984 591 964 581 962 580 919 557 896 544 765 473 868 529 850 519 849 519 586 377 481 320 981 590 609 389 854 521 911 552 920 557 664 419 821 504 927 561 749 464
364 20 7579 934 564 995 598 886 539 473 316 656 415 767 474 433 294 721 449 929 562 789 487 573 369 603 386 930 563 920 557 966 582 464 311 757 469 903 548 661 417 798 491
365 20 8076 643 407 564 365 840 514 917 556 930 562 875 533 952 574 786 484 876 533 897 545 931 563 708 442 876 534 879 535 958 577 784 483 675 425 791 488 554 359 716 447
366 20 8476 955 576 955 576 674 424 853 521 989 594 909 551 515 338 891 542 944 570 940 568 593 380 774 478 919 557 967 582 976 587 910 552 641 407 969 584 991 595 588 378
367 20 8011 770 476 832 510 978 588 856 523 801 493 892 542 842 515 679 427 918 556 490 325 693 434 528 345 990 595 616 393 901 547 857 523 698 437 966 582 719 449 996 598
368 20 8309 702 439 658 416 801 493 970 584 824 505 830 509 924 559 527 345 938 567 581 374 994 597 921 558 884 538 838 513 869 530 1000 600 859 524 893 543 959 578 647 409
369 20 8491 716 447 715 446 784 484 970 584 833 510 832 510 849 519 947 572 470 314 965 581 904 549 732 456 907 550 972 585 882 536 929 562 671 423 940 568 997 598 968 583
370 20 7296 457 307 668 421 980 590 375 263 564 365 469 314 991 595 617 393 851 520 829 508 888 540 728 453 478 318 853 521 804 494 784 483 903 548 508 335 962 580 883 537
371 20 7836 452 304 859 524 616 393 884 538 768 475 972 585 732 456 974 586 748 464 243 191 906 549 960 578 931 563 762 472 984 592 553 359 970 584 906 550 728 454 724 451
372 20 7877 567 366 551 358 903 548 908 551 948 572 801 493 804 494 766 474 762 472 892 542 829 508 475 317 857 523 884 537 809 497 539 351 975 587 966 582 949 573 570 368
373 20 7524 698 437 899 545 946 571 713 445 538 351 630 400 962 580 600 384 714 446 734 457 945 571 823 505 717 448 797 491 730 455 803 494 514 338 741 460 981 590 563 364
374 20 7187 526 344 599 384 778 480 967 582 919 556 861 525 927 561 545 355 967 582 843 515 774 478 736 457 359 254 986 592 803 494 447 301 543 353 566 366 406 280 822 504
375 20 7256 803 494 854 521 841 514 476 317 807 496 661 417 651 412 946 571 748 464 958 577 871 530 841 514 658 416 656 414 582 375 963 580 331 239 175 154 982 590 709 443
376 20 8093 938 567 738 459 976 587 807 496 647 410 868 529 812 499 940 568 912 553 617 393 930 562 943 569 861 525 964 581 755 468 860 525 947 572 372 261 835 511 465 311
377 20 7560 859 524 760 471 340 244 435 295 998 599 992 596 604 386 895 543 853 521 874 532 633 402 671 423 934 565 482 320 734 457 787 485 728 453 796 490 932 563 813 499
378 20 7888 632 401 889 540 760 470 723 451 774 478 994 597 959 578 731 455 882 536 848 518 713 446 770 476 984 592 897 545 893 542 844 516 931 563 555 360 531 347 467 312
379 20 8048 863 526 595 381 694 435 731 455 802 493 945 571 981 590 1000 600 928 561 978 588 789 486 996 598 959 578 313 229 637 404 762 472 538 351 950 573 989 594 647 410
380 20 7763 764 473 938 567 555 360 475 317 703 440 961 579 845 517 688 432 961 579 870 530 991 595 993 596 630 400 724 451 534 349 917 555 685 430 799 492 558 362 935 565
381 20 7812 645 409 956 576 579 373 792 488 919 557 669 422 702 439 620 395 842 515 918 556 438 297 821 504 982 591 872 531 749 465 900 546 924 559 967 582 847 518 482 321
382 20 7931 652 412 557 361 448 302 786 485 533 348 882 536 998 599 918 556 937 566 990 595 800 492 916 555 808 497 495 328 752 466 719 448 985 592 704 441 990 595 993 597
383 20 7891 846 517 783 483 806 496 841 515 605 387 705 441 661 417 550 357 931 563 846 517 820 503 981 590 467 312 735 457 944 570 965 581 671 423 996 598 857 523 773 478
384 20 8363 921 558 676 426 982 591 952 575 818 502 674 424 925 560 747 464 961 579 931 563 798 491 466 312 915 554 952 574 746 463 995 597 455 306 991 595 984 592 837 512
385 20 7501 709 443 868 529 764 473 970 584 617 393 985 592 945 570 489 324 998 599 851 520 475 317 885 538 751 466 748 464 860 525 412 283 763 472 641 406 716 447 556 361
386 20 7941 976 587 899 545 749 465 778 480 897 545 784 483 941 568 636 404 934 565 923 559 450 303 816 501 978 588 320 233 789 486 862 525 691 433 991 595 491 325 978 588
387 20 8502 968 583 993 596 867 528 773 478 843 516 926 560 393 272 764 473 859 524 974 586 836 511 784 483 998 599 973 586 595 381 910 552 842 515 805 495 930 562 971 585
388 20 8053 947 572 432 293 763 472 980 589 739 459 667 420 999 599 707 442 774 478 927 561 996 598 751 466 632 401 992 596 688 432 497 329 782 483 936 566 936 566 962 580
389 20 8080 847 518 943 570 944 570 666 420 499 330 872 531 798 491 986 593 706 441 953 575 497 329 612 391 1000 600 663 418 903 548 884 538 978 589 894 543 871 531 645 408
390 20 8268 924 559 940 568 854 521 950 573 743 461 997 599 311 228 714 446 777 480 923 559 796 490 690 433 588 378 908 551 989 594 832 509 934 565 907 550 821 503 938 567
391 20 7545 689 432 658 416 849 518 724 451 432 294 628 399 771 476 787 485 825 506 725 452 832 510 944 570 688 432 935 565 507 334 718 448 734 457 912 553 772 477 961 579
392 20 6530 960 579 567 367 483 321 845 517 365 257 646 409 829 508 968 583 578 372 547 355 463 310 865 527 524 343 743 462 767 474 402 277 307 226 692 434 678 427 831 509
393 20 8184 908 551 988 594 741 460 910 552 996 598 420 287 532 348 917 555 917 555 723 450 606 388 957 577 894 543 810 498 808 496 915 554 920 557 783 483 735 457 888 540
394 20 8316 868 529 959 578 873 532 965 581 872 531 844 516 846 517 987 593 657 415 839 513 880 535 796 490 662 417 772 477 631 401 831 509 686 431 912 552 916 555 836 512
395 20 7722 855 522 576 371 466 312 753 467 572 369 793 488 818 502 699 437 889 540 464 311 938 567 738 459 857 523 749 465 968 583 864 527 933 564 627 399 989 594 897 545
396 20 8576 713 445 970 584 898 545 808 497 839 513 718 448 902 547 980 589 956 576 986 593 923 558 937 566 978 589 831 509 990 595 920 557 809 497 451 304 666 420 878 534
397 20 7799 622 396 846 517 999 600 329 238 722 450 991 596 981 590 823 505 786 484 546 355 883 537 654 413 792 488 528 345 834 510 809 497 983 591 852 520 799 492 819 503
398 20 7831 463 310 993 596 974 586 880 535 752 466 920 557 634 402 955 576 867 528 874 532 904 549 345 246 952 574 806 496 953 575 455 306 862 526 542 353 986 593 545 355
399 20 8918 931 563 713 445 982 591 853 521 999 600 943 569 968 583 748 464 854 521 923 559 996 598 922 558 923 559 787 485 977 588 830 508 990 595 694 435 914 554 890 541
400 20 8019 994 597 782 483 874 532 949 573 595 381 920 557 636 404 485 322 806 496 871 530 864 527 949 573 918 556 894 543 1000 600 912 553 720 449 286 215 854 521 730 455
