1 20 7618 144 138 808 497 586 376 602 385 856 523 951 574 977 588 731 455 543 353 690 433 852 520 978 588 790 487 937 566 741 460 877 534 675 425 956 576 951 574 592 380
2 20 7706 962 580 813 499 780 482 867 529 768 475 666 420 643 407 731 455 839 513 773 477 886 539 906 549 866 528 412 283 628 399 754 468 605 387 770 476 948 572 796 490
3 20 7843 676 425 890 541 324 235 660 417 980 590 586 377 933 564 990 595 875 533 944 570 777 480 701 439 825 506 841 515 925 560 807 496 631 401 789 486 822 504 711 444
4 20 7785 947 572 870 530 789 486 990 595 573 369 879 535 940 568 962 580 994 597 317 231 817 501 599 384 324 235 788 486 898 545 632 402 963 580 660 417 774 478 855 522
5 20 7541 928 561 489 324 839 513 348 248 963 580 557 361 875 533 836 512 501 331 730 454 448 302 884 538 904 549 961 579 594 381 912 553 921 557 799 492 898 545 695 435
6 20 7858 724 451 826 506 877 534 959 578 904 548 798 491 711 444 935 565 595 382 820 503 779 481 903 548 297 221 790 487 979 589 754 467 909 551 967 583 613 391 576 371
7 20 6697 871 530 617 393 451 304 925 560 241 190 724 451 525 343 779 481 931 563 749 465 526 344 820 503 913 553 904 549 436 296 665 419 906 549 558 361 381 266 472 315
8 20 7414 849 519 948 572 898 545 332 239 674 424 687 431 599 384 693 435 734 457 846 517 967 583 965 581 899 546 462 309 687 431 676 425 637 404 551 358 757 469 968 583
9 20 8307 970 584 607 388 944 570 714 446 764 473 587 377 892 542 979 589 776 480 931 563 741 460 907 550 976 587 494 327 747 464 793 488 858 524 966 582 997 598 972 585
10 20 7911 642 407 978 588 762 472 218 178 942 569 871 530 932 564 756 468 635 403 720 449 983 591 991 595 474 316 924 559 909 551 674 424 851 520 914 554 738 459 909 551
11 20 7725 946 571 871 530 928 561 895 543 840 514 850 519 454 305 578 372 533 348 913 553 921 557 771 477 695 436 787 485 976 587 803 494 188 162 700 438 946 571 856 522
12 20 6947 31 77 1000 600 927 561 401 277 636 404 538 351 919 557 490 325 755 468 670 422 513 337 979 589 838 513 784 484 998 599 895 543 515 338 730 454 880 536 395 273
13 20 7295 426 290 463 310 675 425 643 408 585 376 969 584 467 312 947 572 943 569 654 413 874 532 931 563 879 535 996 598 103 116 958 578 703 440 812 499 749 465 813 499
14 20 7727 846 517 877 534 801 493 350 249 960 579 632 401 952 574 706 442 493 326 849 519 940 568 840 514 737 458 726 452 675 425 982 591 638 405 982 590 806 496 662 417
15 20 7433 415 284 310 228 813 499 545 355 427 291 941 568 998 599 961 579 865 527 753 467 726 452 473 316 914 554 742 461 935 565 621 395 662 418 939 567 998 599 828 507
16 20 6945 863 526 608 388 928 561 648 410 884 538 272 207 653 413 341 244 816 501 540 352 713 445 663 418 826 506 461 309 964 581 741 460 991 595 577 372 558 361 843 516
17 20 7124 989 594 760 471 869 529 894 543 522 342 625 398 449 302 915 554 911 552 428 291 550 357 544 354 664 419 711 444 880 536 849 519 538 351 959 578 199 168 992 596
18 20 7203 607 388 840 514 710 444 489 324 642 407 798 491 930 563 640 406 844 516 667 421 259 200 889 540 862 525 830 508 583 375 880 535 934 565 569 368 709 443 724 451
19 20 7353 466 312 813 499 795 489 756 469 944 570 350 249 890 541 407 280 945 571 689 432 718 448 618 394 985 592 744 462 877 534 334 241 996 598 828 507 741 460 811 498
20 20 7581 378 264 853 521 855 522 714 446 937 566 888 540 850 519 493 326 996 598 844 516 858 524 794 489 487 323 818 502 637 404 888 540 638 405 983 591 277 210 975 587
21 20 7397 769 475 711 444 858 524 946 571 780 482 931 563 889 540 807 496 908 551 665 419 522 342 880 536 980 590 650 411 818 502 375 263 445 300 275 209 891 541 694 435
22 20 7542 650 411 552 358 902 547 682 429 955 576 780 481 893 543 927 561 693 435 547 356 591 380 758 469 832 510 847 518 838 513 850 519 824 505 433 294 629 400 902 547
23 20 7605 729 454 883 537 378 264 802 493 973 586 737 458 629 400 685 430 998 599 766 474 824 505 594 381 757 469 351 250 836 512 994 597 900 546 721 450 709 443 945 570
24 20 8113 783 483 801 493 960 579 907 550 815 500 620 395 798 491 798 491 756 469 995 598 866 528 876 533 850 519 977 588 956 576 891 541 666 420 558 361 636 404 718 448
25 20 7566 820 503 690 433 646 409 340 244 863 526 865 527 979 589 961 579 703 440 537 350 953 575 834 510 886 539 950 573 582 374 453 305 873 532 856 523 366 258 976 588
26 20 7433 941 568 671 422 658 416 962 580 393 273 711 444 863 526 502 331 486 323 977 588 790 487 813 499 540 352 876 533 933 564 890 541 420 287 941 568 903 548 596 382
27 20 7803 403 278 824 505 487 323 905 549 708 442 904 549 947 571 808 497 930 562 809 497 418 286 884 538 779 481 785 484 810 497 691 433 906 549 909 551 797 491 903 548
28 20 7475 954 575 892 542 969 584 663 418 226 183 726 452 816 501 881 536 780 482 653 413 430 292 960 579 874 532 585 376 906 549 802 493 401 277 648 410 912 553 872 531
29 20 6949 747 463 656 414 958 578 801 493 248 194 615 392 950 573 610 389 866 528 839 514 695 436 636 404 792 488 1000 600 274 208 777 480 494 327 789 486 367 259 784 484
30 20 6894 578 372 1000 600 593 381 710 444 748 464 550 357 690 433 550 357 248 194 571 368 996 598 975 587 765 473 729 454 954 576 197 167 765 473 824 505 567 366 779 481
31 20 7693 902 547 974 586 726 452 802 493 673 423 919 556 680 427 798 491 967 583 957 577 676 425 857 523 325 236 982 591 597 383 505 333 719 448 873 532 866 528 589 378
32 20 7456 535 349 763 472 804 495 736 458 804 494 509 335 951 574 738 459 838 513 588 378 421 288 852 520 805 495 913 553 960 579 667 420 948 572 473 315 706 442 901 547
33 20 8212 948 572 859 524 802 493 901 547 330 238 937 566 534 348 883 537 962 579 570 368 928 561 699 437 884 538 871 531 939 567 846 517 909 551 664 419 978 589 980 589
34 20 7920 846 517 798 491 882 537 934 565 689 432 914 554 635 403 838 513 669 422 966 582 772 477 757 469 817 501 904 549 919 556 781 482 772 477 747 464 902 548 298 221
35 20 7630 845 516 861 525 613 391 535 349 794 489 817 502 668 421 635 403 906 550 822 504 693 434 895 544 949 572 870 530 802 493 852 520 620 395 610 389 749 465 724 451
36 20 7590 947 572 975 586 456 306 924 559 503 332 345 247 824 505 859 524 979 589 726 452 486 323 801 493 758 470 920 557 894 543 834 511 759 470 883 537 651 412 656 415
37 20 7671 896 544 497 329 847 518 917 555 787 485 768 475 840 514 491 325 694 435 398 275 903 548 622 396 860 525 800 492 952 574 947 572 648 410 821 503 941 569 713 445
38 20 7612 965 582 630 401 943 570 887 539 536 349 754 468 689 432 843 515 858 524 849 519 918 556 919 556 976 587 616 393 560 363 622 396 433 294 473 316 887 539 866 528
39 20 7536 635 403 878 535 762 471 690 433 828 507 902 547 858 524 530 346 957 577 219 178 581 374 999 600 838 513 986 592 963 580 765 473 390 271 926 560 819 503 546 355
40 20 7505 704 441 478 318 400 276 754 468 933 564 863 526 278 210 846 517 921 557 987 593 656 415 357 253 916 555 926 561 727 453 957 577 682 428 999 600 782 483 845 517
41 20 7428 714 446 948 572 756 468 981 590 553 359 973 585 841 514 455 306 990 595 816 501 434 295 943 569 518 340 973 585 770 476 763 472 617 394 583 375 915 554 314 230
42 20 7489 631 401 798 491 539 352 978 588 399 275 580 373 781 482 958 578 494 327 666 420 799 492 799 492 489 324 810 498 715 446 797 491 916 555 986 593 977 588 866 528
43 20 7638 856 523 854 522 802 493 619 394 965 581 378 265 647 409 858 523 834 511 898 545 610 389 971 585 528 345 516 339 420 287 889 540 923 559 958 577 919 556 832 510
44 20 7391 993 597 866 528 842 515 456 306 481 320 860 525 914 554 438 297 404 279 402 277 928 562 953 575 479 319 935 565 617 393 744 462 985 592 631 401 891 541 963 580
45 20 7714 936 566 823 504 846 517 758 469 860 525 965 581 477 318 661 417 987 593 942 569 650 411 490 325 703 440 950 573 906 550 766 474 553 359 769 476 695 435 692 434
46 20 7980 836 511 968 583 682 429 895 544 575 371 852 520 370 260 952 574 541 352 946 571 902 547 940 568 975 587 835 511 975 587 413 283 717 448 992 596 936 566 659 416
47 20 7525 894 543 895 543 626 398 717 447 644 408 795 490 663 418 589 378 683 429 991 595 711 444 902 548 883 537 593 380 991 595 522 342 950 573 380 265 705 441 917 555
48 20 7761 488 324 525 344 923 559 995 598 627 399 646 409 749 464 999 600 993 596 868 529 387 269 970 584 811 498 755 468 801 493 492 326 837 512 888 539 890 541 878 534
49 20 7907 731 455 784 484 847 517 756 468 960 579 686 431 775 478 577 372 896 544 994 597 773 478 636 404 777 480 847 517 982 591 590 379 703 440 870 530 671 423 959 578
50 20 7496 941 569 572 369 688 432 827 507 769 475 486 323 529 346 733 456 827 507 922 558 598 383 999 600 824 505 967 583 342 245 672 423 450 303 927 561 946 571 974 586
51 20 7534 835 511 868 529 946 571 439 298 799 492 699 438 934 565 594 381 989 595 473 316 896 544 645 409 784 484 949 573 366 258 926 561 753 467 817 501 764 473 593 380
52 20 8088 786 484 958 577 684 430 776 479 854 521 670 422 790 487 947 572 976 587 828 507 710 443 949 572 756 469 498 329 894 543 949 573 912 553 933 564 892 542 414 284
53 20 6079 580 373 162 148 215 176 296 220 638 405 903 548 674 424 572 369 459 308 571 368 962 580 984 591 932 564 438 297 808 496 634 402 661 417 220 179 802 493 647 410
54 20 7462 879 535 916 555 362 256 665 419 869 529 796 490 717 447 944 570 745 462 993 596 865 527 102 115 892 542 832 510 635 403 668 421 853 521 941 568 491 325 760 471
55 20 8002 976 587 488 324 976 587 980 590 226 182 819 502 965 581 415 285 841 515 748 464 810 498 942 569 996 598 902 547 865 527 944 570 781 482 867 528 971 585 493 327
56 20 7857 785 484 900 546 761 471 678 426 762 472 538 351 848 518 636 403 967 583 903 548 701 439 924 559 414 284 792 488 844 516 896 544 873 532 782 482 920 557 791 487
57 20 6771 961 579 844 516 850 519 574 370 768 475 652 412 612 391 800 492 466 312 789 486 1000 600 275 208 958 578 662 417 917 555 335 241 151 142 980 590 278 211 670 422
58 20 7490 880 536 922 558 450 303 720 449 729 454 670 422 722 450 927 561 626 398 994 597 715 446 976 587 829 508 635 403 819 502 715 446 989 595 669 421 536 350 458 308
59 20 7480 1000 600 362 256 688 432 774 478 958 577 901 547 663 418 568 367 788 486 871 530 534 349 898 545 510 336 982 591 919 556 584 376 661 417 883 537 745 462 672 423
60 20 7989 804 495 890 541 810 498 789 486 757 469 796 490 629 400 913 553 608 388 978 588 674 424 1000 600 958 577 849 519 838 513 560 363 714 446 930 562 538 351 944 570
61 20 7361 745 462 844 516 773 478 850 519 564 365 302 223 945 571 564 365 996 598 986 592 749 465 827 507 728 453 655 414 834 511 622 396 203 170 885 538 958 577 693 434
62 20 8038 997 598 868 529 716 447 352 250 965 581 939 567 977 588 851 520 374 262 801 493 823 504 843 515 1000 600 918 556 486 323 886 539 831 509 837 512 623 397 990 595
63 20 7189 761 471 591 380 483 321 899 546 884 537 815 500 780 481 843 515 785 484 752 466 895 543 411 282 893 542 607 388 694 435 913 553 774 478 298 221 861 525 440 298
64 20 7864 975 587 377 264 894 543 663 418 965 581 805 495 985 592 928 561 863 526 852 520 682 428 393 273 601 385 774 478 691 433 904 548 764 473 978 588 857 523 777 480
65 20 7877 701 439 817 502 802 493 855 522 919 557 824 505 670 422 905 549 610 390 787 485 711 444 862 526 799 492 766 474 666 420 873 531 673 424 933 564 581 374 1000 600
66 20 6738 648 410 520 341 644 408 783 483 319 232 931 563 991 596 836 512 440 298 613 391 833 510 729 454 301 223 761 471 859 524 745 463 695 436 528 345 383 267 918 556
67 20 7364 704 440 644 408 960 578 377 264 725 452 960 578 920 557 982 591 540 352 902 547 908 550 858 524 422 288 583 375 644 408 458 307 688 432 997 599 470 314 987 593
68 20 7048 883 537 823 505 703 440 747 463 612 391 258 200 807 496 780 482 801 493 694 435 476 317 928 562 469 314 761 471 807 496 923 559 629 400 633 402 821 503 541 353
69 20 7628 941 568 458 308 789 486 805 495 948 572 715 447 667 420 355 252 941 568 885 538 984 592 853 521 809 497 936 566 822 504 590 379 656 414 899 546 466 312 737 458
70 20 7861 820 503 883 537 919 556 958 578 949 573 981 590 444 300 970 584 796 490 358 254 819 503 968 583 828 507 748 464 747 463 556 360 889 540 931 563 832 509 327 237
71 20 7888 655 414 834 510 918 556 818 502 916 555 800 492 757 469 944 570 682 428 556 361 548 356 977 588 963 580 830 508 612 391 797 491 813 499 779 481 900 546 678 426
72 20 7454 691 433 939 567 586 377 413 283 817 501 653 413 951 574 453 305 296 220 789 486 687 431 561 363 986 593 994 597 984 591 888 540 548 356 989 594 731 455 952 574
73 20 7583 684 430 857 523 891 541 691 433 950 573 676 425 979 589 990 595 927 561 912 553 737 458 903 548 518 340 515 339 503 332 403 278 975 587 738 459 438 297 879 535
74 20 7449 958 578 579 373 900 546 840 514 580 373 874 532 783 483 455 306 856 522 252 196 713 445 886 539 565 365 916 555 692 434 811 498 963 580 903 548 816 501 556 360
75 20 7385 829 508 809 497 805 495 511 336 711 444 591 379 648 410 867 528 517 339 431 293 819 502 931 563 958 577 952 574 684 429 982 591 989 594 159 146 578 372 999 600
76 20 7680 912 553 905 549 901 547 512 337 641 406 986 593 706 442 513 337 673 423 513 337 955 576 932 564 705 441 916 555 957 577 815 500 744 462 740 460 830 508 505 333
77 20 7872 995 598 975 587 840 514 832 510 574 370 983 591 618 394 857 523 909 551 718 448 492 326 795 490 996 598 963 580 617 394 803 494 804 494 981 590 501 331 492 326
78 20 7307 492 326 748 464 840 514 593 380 718 448 260 201 971 584 631 401 742 461 732 456 741 460 793 488 957 577 998 599 918 556 626 398 762 471 909 551 540 352 643 408
79 20 7454 936 566 796 490 864 527 992 596 924 559 689 432 997 599 375 263 818 502 885 538 232 185 955 576 847 517 765 473 817 502 506 333 856 523 816 501 418 286 420 287
80 20 8089 814 500 642 407 881 536 974 586 564 365 686 431 922 558 834 510 957 577 763 472 915 554 840 514 701 439 559 362 817 501 940 568 892 542 615 393 989 594 874 532
81 20 7470 463 310 550 357 781 482 830 509 802 493 521 342 993 597 663 418 834 510 826 506 938 567 844 516 592 380 508 335 803 494 985 592 776 479 642 407 982 591 607 388
82 20 7522 898 545 995 597 764 473 861 525 746 463 937 566 720 449 390 271 772 477 312 229 698 437 655 414 866 528 442 299 613 391 735 457 808 497 971 585 871 531 990 595
83 20 7368 727 453 884 537 691 433 852 520 821 504 709 443 810 497 950 573 809 497 975 586 196 166 292 218 954 575 848 518 629 400 638 405 878 535 882 536 995 597 197 167
84 20 7476 812 499 830 508 933 564 949 573 769 475 545 354 398 275 741 461 959 578 947 571 512 337 848 518 735 457 965 581 563 364 925 560 360 255 978 588 333 240 851 520
85 20 7989 947 572 943 570 723 451 659 416 952 574 578 372 538 350 966 582 476 318 878 534 981 590 584 375 977 588 880 535 868 529 971 585 667 420 924 559 696 436 770 476
86 20 7329 676 425 655 414 509 335 892 542 716 447 703 440 646 409 967 582 475 317 902 547 147 140 834 511 886 539 986 593 541 352 774 478 785 484 975 587 776 479 813 499
87 20 7857 845 517 721 449 983 591 635 403 926 560 402 277 812 499 567 367 649 411 988 594 920 557 894 543 797 490 583 375 677 426 896 544 827 507 827 507 866 528 899 546
88 20 7368 434 295 966 582 619 394 988 593 784 484 760 471 953 575 676 425 884 538 760 471 979 589 653 413 525 344 807 496 890 541 627 399 494 327 678 426 920 557 340 244
89 20 7328 902 547 780 481 649 411 617 393 755 468 736 458 781 482 687 431 977 588 734 457 868 529 661 417 659 416 774 478 571 369 411 282 375 263 993 597 748 464 979 589
90 20 7741 830 508 915 554 869 530 526 345 669 422 825 506 898 545 972 585 452 304 573 370 785 484 983 591 785 484 873 531 978 589 539 351 867 528 544 354 934 565 666 420
91 20 7557 962 580 997 599 910 551 481 320 891 542 670 422 701 439 832 510 706 441 538 351 576 371 851 520 358 254 633 402 764 473 876 533 611 390 936 566 891 541 931 563
92 20 7302 986 593 641 406 971 584 684 430 352 250 952 574 827 507 795 490 509 335 409 281 955 576 945 570 859 524 982 591 866 528 248 194 560 363 792 488 416 285 856 522
93 20 7728 986 593 865 528 689 432 990 595 760 471 944 570 925 560 330 239 733 456 980 589 752 466 708 443 766 474 909 551 495 327 845 517 709 443 961 579 602 386 508 335
94 20 8045 762 472 745 462 834 510 880 535 919 557 941 569 633 402 827 507 840 514 754 468 805 495 789 486 771 477 955 576 761 471 699 438 977 588 292 218 934 564 972 585
95 20 7365 650 411 958 578 532 348 524 343 961 579 347 247 529 346 973 586 769 476 785 484 361 255 482 321 795 489 292 218 967 583 990 595 930 562 982 591 926 560 977 588
96 20 8177 997 599 862 525 311 228 938 567 977 588 955 576 603 386 794 489 909 551 791 487 654 414 907 550 850 519 711 444 921 558 892 542 932 563 925 560 977 588 449 303
97 20 7244 862 526 969 584 523 342 869 529 945 571 739 459 485 322 408 280 570 368 582 374 600 384 790 487 958 577 289 217 468 313 912 553 973 586 823 505 856 522 868 529
98 20 7719 897 545 867 528 646 409 739 459 964 581 664 419 612 391 881 536 936 566 485 322 863 526 748 464 715 446 660 417 839 514 915 555 544 354 536 349 991 595 936 566
99 20 8092 445 300 813 499 965 581 902 547 676 425 896 544 966 582 810 497 978 588 370 260 987 593 812 499 825 506 977 588 785 484 845 516 773 477 985 592 902 547 473 316
100 20 7509 942 569 610 390 887 539 919 556 718 448 826 506 914 554 843 515 765 473 928 561 842 515 582 375 952 574 642 407 811 498 794 489 671 422 143 137 368 259 861 525
101 20 6866 309 227 857 523 869 530 432 293 616 393 166 150 973 586 787 485 631 401 909 551 921 558 588 378 882 536 709 443 997 599 532 348 430 292 993 597 412 283 719 449
102 20 7449 438 297 891 541 555 360 773 477 973 586 501 331 453 305 943 569 721 449 835 511 695 436 492 326 977 588 780 482 855 522 307 226 826 506 954 576 958 577 971 585
103 20 8292 744 462 987 593 514 338 924 559 736 458 993 596 962 580 604 387 896 544 848 518 996 598 984 592 793 489 698 437 496 328 854 521 958 578 946 571 917 555 735 457
104 20 7218 482 320 841 515 917 555 558 362 798 491 586 377 789 486 644 408 944 570 946 571 289 216 530 346 804 495 676 425 951 574 550 357 960 579 957 577 599 384 615 393
105 20 8043 515 338 742 461 734 456 829 508 895 544 855 522 881 536 997 599 1000 600 733 456 839 514 962 580 945 571 719 448 753 467 702 439 982 591 610 390 524 343 870 530
106 20 7221 666 420 699 438 666 420 725 452 739 459 833 510 718 448 739 459 395 274 873 532 818 502 722 450 500 330 814 500 167 151 953 575 922 558 952 574 705 441 837 512
107 20 7442 956 576 462 310 573 370 926 560 799 492 893 543 328 237 797 491 925 560 777 480 994 597 236 188 818 502 622 396 535 349 799 492 775 479 883 537 872 531 914 554
108 20 8028 938 567 619 394 974 586 985 592 236 188 692 434 800 492 914 554 614 392 741 460 978 588 940 568 660 417 873 531 772 477 961 579 837 512 625 398 959 578 939 567
109 20 7696 978 589 816 501 828 507 942 569 624 397 908 550 681 428 885 538 934 565 835 511 919 557 682 428 911 552 558 362 583 375 823 505 534 349 346 247 774 478 831 509
110 20 7884 931 563 874 532 760 471 955 576 812 499 981 590 846 517 994 597 660 417 796 490 531 347 824 505 735 457 765 473 795 489 817 501 857 523 846 517 720 449 270 206
111 20 8079 795 489 929 562 871 531 501 331 969 584 868 529 919 557 856 523 994 597 598 383 738 459 310 228 698 437 368 259 886 539 974 586 979 589 929 562 992 596 985 592
112 20 7054 412 283 751 466 829 508 897 544 585 376 816 501 877 534 284 214 576 371 738 459 585 376 507 334 902 547 444 300 945 571 941 568 877 534 862 525 828 507 453 305
113 20 8187 786 485 568 367 656 415 944 570 972 585 909 551 822 504 806 495 974 586 925 560 511 336 572 369 875 533 851 520 716 447 988 594 845 516 957 577 702 439 995 598
114 20 7455 929 562 799 492 213 175 950 573 909 551 843 515 955 576 357 253 235 187 771 477 763 472 831 509 859 524 674 424 894 543 763 472 711 444 1000 600 573 369 881 536
115 20 7862 625 398 765 473 627 399 384 268 407 280 754 468 865 528 736 458 868 529 718 448 959 578 999 600 971 585 979 589 689 432 820 503 974 586 962 580 652 412 971 584
116 20 8333 996 598 727 453 947 572 750 465 969 584 970 584 969 583 792 488 734 457 886 539 938 567 853 521 454 306 873 532 636 404 901 547 908 550 947 572 489 324 927 561
117 20 7098 707 442 192 164 628 399 994 597 705 441 712 445 705 441 932 564 762 472 855 522 787 485 876 533 838 513 701 439 603 386 923 559 765 473 452 304 419 287 640 406
118 20 7246 872 531 698 437 570 368 891 541 809 497 323 234 494 327 596 382 613 392 825 506 990 595 712 445 724 451 419 286 892 542 693 434 916 555 900 546 834 511 721 450
119 20 7253 602 385 745 463 955 576 800 492 980 589 924 559 759 470 906 549 585 376 660 417 270 206 490 325 708 443 936 565 981 590 993 596 542 353 581 374 409 281 680 427
120 20 8083 977 588 952 574 829 508 727 453 829 508 730 454 925 560 939 567 784 484 896 544 957 577 900 546 965 581 842 515 376 263 543 354 422 288 946 571 665 420 963 580
121 20 7278 963 580 936 565 949 573 748 464 812 498 940 568 255 198 786 485 478 319 801 493 361 255 869 529 823 505 537 350 897 545 256 199 526 344 943 570 990 595 686 431
122 20 7584 982 590 656 415 540 352 463 310 636 404 827 507 593 380 944 570 344 246 852 520 520 341 851 520 710 443 934 565 699 438 778 481 993 597 900 546 980 590 966 582
123 20 7658 958 577 806 496 753 467 853 521 736 458 483 321 729 454 853 521 970 584 780 481 711 444 578 373 862 526 877 534 1000 600 742 461 435 295 809 497 543 353 838 513
124 20 7063 518 340 733 456 991 596 752 467 643 407 719 449 833 510 946 571 297 221 535 349 464 311 966 582 830 509 883 537 304 225 569 367 660 417 692 434 991 596 800 492
125 20 6357 996 598 706 442 503 332 334 240 862 526 240 190 822 504 255 198 916 555 635 403 934 564 615 393 442 299 763 472 279 211 776 479 403 278 860 525 456 306 918 556
126 20 8035 478 318 740 460 963 580 547 356 691 433 701 439 960 578 626 398 789 486 997 599 973 586 914 554 921 558 644 408 977 588 625 398 873 531 863 526 950 573 838 513
127 20 7567 977 588 691 433 265 203 988 594 852 520 839 513 529 346 840 514 514 338 765 473 858 524 649 411 828 508 778 480 605 387 751 466 592 380 950 573 954 576 910 552
128 20 7656 557 361 507 334 957 577 999 600 784 483 994 597 719 448 343 245 820 503 799 492 832 509 875 533 509 335 821 503 977 588 799 492 455 306 875 533 976 587 714 446
129 20 6247 410 282 701 439 337 242 533 348 424 289 682 429 844 516 366 258 493 326 297 221 586 377 960 578 673 424 804 494 869 529 589 378 876 533 504 332 697 437 849 519
130 20 7909 514 338 368 259 802 493 647 409 922 558 750 465 947 571 672 423 758 470 956 576 962 580 960 579 679 427 896 544 979 589 955 576 840 514 973 586 862 526 376 263
131 20 7647 510 336 348 248 860 525 836 512 875 533 941 568 927 561 312 229 843 515 972 585 956 576 984 592 687 431 731 455 989 594 421 288 714 446 998 599 427 291 963 581
132 20 7701 912 553 796 490 996 598 986 593 755 468 786 484 932 564 874 532 479 319 751 466 790 487 690 433 994 597 725 452 369 259 277 210 708 442 693 435 958 578 931 563
133 20 7575 911 552 831 509 791 487 766 474 999 600 902 547 834 510 211 174 497 328 704 440 947 572 791 487 901 547 322 234 351 250 991 596 929 562 1000 600 878 534 594 381
134 20 6981 896 544 856 522 372 261 986 593 386 269 519 341 543 353 703 440 233 186 790 487 559 362 541 352 983 591 673 424 763 472 853 521 995 597 702 439 903 548 706 441
135 20 8669 994 597 924 559 829 508 984 591 709 443 777 480 886 539 906 550 972 585 604 387 719 449 953 575 994 597 955 576 911 552 731 455 877 534 921 558 713 445 979 589
136 20 7917 972 585 952 574 859 524 337 242 869 530 704 440 592 380 724 451 733 456 902 547 831 509 730 455 948 572 662 418 674 424 699 437 950 573 852 520 934 564 911 552
137 20 7227 642 407 657 415 541 352 261 201 948 572 667 420 871 531 800 492 261 201 919 556 871 531 697 437 722 450 548 356 970 584 996 598 843 515 984 591 469 314 787 485
138 20 8058 964 581 985 592 718 448 828 507 822 504 936 566 938 567 309 227 983 591 956 576 467 312 574 370 779 481 999 600 917 556 940 568 837 512 978 589 346 247 840 514
139 20 7247 925 560 528 345 152 142 854 522 830 508 851 520 989 594 366 258 767 474 753 467 667 420 953 575 807 496 982 591 645 408 253 197 834 510 993 596 479 319 867 528
140 20 7650 938 567 982 591 639 405 782 482 939 568 869 529 936 566 708 443 959 578 692 434 406 279 827 507 909 551 689 432 764 473 752 466 707 442 589 378 346 247 867 528
141 20 7552 851 520 869 529 549 357 935 565 811 498 227 183 903 548 948 572 739 459 961 579 569 367 974 586 911 552 497 328 724 451 682 428 531 347 837 512 626 399 960 579
142 20 6271 417 286 692 434 682 429 601 385 243 191 877 534 371 261 806 496 150 141 470 314 757 469 797 491 622 396 912 553 250 195 753 467 977 588 917 556 925 560 323 235
143 20 7232 914 554 964 581 892 542 782 483 709 443 992 596 802 493 768 475 286 214 568 367 611 390 864 527 702 439 771 476 796 490 670 422 847 518 548 356 665 419 313 229
144 20 7125 551 358 688 432 954 575 695 435 713 445 667 421 926 560 995 598 631 401 515 338 879 535 911 552 676 425 622 396 209 173 395 273 707 442 824 505 750 465 943 569
145 20 7150 636 403 894 543 716 447 935 565 979 589 786 485 560 362 888 540 784 483 274 208 475 317 895 543 650 411 914 554 553 359 986 593 543 353 564 365 957 577 312 229
146 20 7428 675 425 948 572 331 239 605 387 818 502 956 577 523 343 673 424 847 517 531 347 927 561 828 508 858 523 954 576 781 482 891 541 772 477 510 335 769 476 660 417
147 20 7223 745 463 823 505 690 433 981 590 882 537 764 473 414 284 648 410 972 585 558 362 890 541 692 434 997 599 613 391 354 251 638 405 649 411 968 583 189 162 980 589
148 20 7223 736 458 935 565 712 445 875 533 972 585 629 400 420 287 446 301 425 290 790 487 739 459 728 453 614 392 453 305 688 432 963 580 963 580 790 487 784 484 785 484
149 20 7374 945 571 815 500 961 579 695 436 824 505 535 349 798 491 804 494 997 599 964 581 681 428 440 298 569 368 744 462 843 516 585 376 960 579 241 190 799 492 548 356
150 20 8286 819 503 844 516 975 587 819 502 928 561 779 481 798 491 702 439 694 435 761 471 919 557 682 428 981 590 812 498 620 395 943 570 965 581 661 417 900 546 971 585
151 20 7513 630 401 796 490 305 225 975 587 907 550 596 382 837 512 804 494 993 596 637 404 764 473 908 551 1000 600 861 525 694 435 676 425 656 415 604 386 969 583 414 284
152 20 7438 835 511 888 540 827 507 581 374 939 568 399 276 915 554 744 462 813 499 876 533 840 514 839 514 908 551 630 401 856 523 462 310 622 396 435 295 782 483 685 430
153 20 7298 812 499 903 548 395 274 951 574 962 580 908 550 386 269 809 497 775 479 427 291 944 570 983 591 984 592 978 588 370 260 141 136 683 429 970 584 828 508 387 269
154 20 7210 826 506 675 425 889 540 861 525 917 555 777 480 792 488 313 229 784 484 828 507 85 106 954 576 879 535 964 581 922 558 466 312 505 333 684 430 396 274 904 548
155 20 8100 890 541 973 586 659 416 975 587 756 469 902 547 898 545 353 251 959 578 894 543 712 444 878 535 772 477 695 436 915 554 937 566 455 306 818 502 828 507 932 563
156 20 8238 967 582 797 491 159 146 962 580 641 406 875 533 954 575 848 518 632 402 970 584 951 574 1000 600 779 481 921 558 766 474 940 568 750 465 986 593 1000 600 578 372
157 20 7421 896 544 914 554 814 500 494 327 661 417 801 493 650 411 533 348 378 264 715 446 847 518 849 519 777 480 948 572 920 557 899 546 992 596 575 371 807 496 373 261
158 20 7540 609 389 863 526 770 476 568 367 725 452 928 561 925 560 606 388 968 583 624 397 906 549 457 307 884 537 770 476 170 152 940 568 980 589 996 598 487 323 905 549
159 20 7165 967 582 521 341 940 568 791 487 934 565 789 486 690 433 420 287 743 462 565 365 838 513 741 461 771 477 702 439 622 396 958 578 506 333 819 502 585 376 428 291
160 20 7178 466 312 545 355 392 272 990 595 672 423 882 536 836 511 214 176 974 586 839 513 822 504 957 577 667 420 637 404 979 589 883 537 903 548 401 277 440 298 857 523
161 20 7396 851 520 747 463 940 568 812 499 736 457 853 521 994 597 337 242 943 569 810 498 852 520 660 417 654 413 849 519 500 330 837 512 669 422 679 427 91 109 979 589
162 20 7661 806 495 927 561 327 237 688 432 626 398 770 476 792 488 785 484 507 334 696 436 849 518 967 582 973 586 640 406 771 476 854 521 980 589 854 521 844 516 666 420
163 20 7540 893 542 770 476 984 592 629 400 424 289 914 554 622 396 414 284 991 595 894 543 879 535 785 484 969 583 723 451 633 402 851 520 899 546 875 533 154 144 777 480
164 20 7381 962 580 689 433 670 422 767 474 930 562 952 574 641 407 796 490 561 363 546 355 327 237 846 517 587 377 823 505 800 492 918 556 930 563 762 472 508 335 747 463
165 20 7157 625 398 848 518 747 464 687 431 413 283 703 440 921 557 787 485 400 276 954 575 844 516 703 440 954 575 421 288 539 351 666 420 936 566 994 597 932 563 240 190
166 20 7584 778 481 978 588 968 583 979 589 920 557 726 452 871 531 541 353 688 432 507 334 669 421 972 585 971 585 731 455 587 377 798 491 269 206 977 588 736 458 502 332
167 20 7214 594 381 804 494 657 415 813 499 906 549 960 579 496 328 788 486 791 487 628 399 892 542 499 330 593 380 559 362 985 592 815 501 911 552 527 345 761 471 450 303
168 20 8085 761 471 699 438 947 571 877 534 994 597 760 471 505 333 707 442 700 438 670 422 444 300 988 594 902 547 771 477 918 556 964 581 979 589 950 573 876 534 759 470
169 20 7600 555 360 404 279 768 475 701 439 552 358 717 448 992 596 917 556 865 527 997 598 824 505 763 472 346 247 960 578 609 389 955 576 971 585 977 588 872 531 455 306
170 20 7019 819 502 810 498 773 477 791 487 931 563 897 545 848 518 834 510 825 506 676 425 722 450 777 480 220 179 394 273 920 557 624 397 466 312 589 378 314 230 809 497
171 20 7403 876 533 791 487 756 468 787 485 696 436 812 498 850 519 873 531 429 292 439 298 936 566 559 362 602 385 651 412 540 352 832 510 651 412 928 561 848 518 951 574
172 20 7270 946 571 999 600 700 438 865 528 428 291 771 476 712 445 556 360 734 457 473 316 899 546 587 377 526 344 296 220 828 507 741 460 910 552 871 530 721 450 977 588
173 20 8193 596 382 803 494 320 233 908 551 707 442 835 511 926 560 719 448 861 525 996 598 942 569 841 515 987 593 923 558 672 423 830 508 969 584 813 499 865 527 873 532
174 20 7568 784 484 858 524 968 583 915 554 872 531 906 549 541 352 846 517 909 551 416 285 408 280 728 453 946 571 472 315 660 417 935 565 669 422 700 438 843 516 761 471
175 20 6825 942 569 397 274 657 415 549 356 677 426 958 578 566 366 453 305 967 582 481 320 854 521 623 397 404 278 971 585 962 580 601 385 724 451 196 166 855 522 814 500
176 20 7501 485 322 763 472 925 560 536 350 859 524 932 564 924 559 784 484 375 263 911 552 698 437 880 535 662 418 974 586 723 451 568 367 675 425 550 357 884 538 895 544
177 20 7809 883 537 712 445 745 462 662 418 798 491 970 584 872 531 904 548 561 363 825 506 780 481 503 332 755 468 984 591 779 481 474 316 865 527 775 479 814 500 957 577
178 20 7879 870 530 827 507 988 594 933 564 706 442 941 569 700 438 938 567 679 427 885 538 574 370 707 442 905 549 745 462 884 538 890 541 351 250 995 597 864 527 376 263
179 20 7878 938 567 863 526 758 469 459 308 638 405 762 471 786 485 700 438 674 424 898 545 914 554 715 446 657 415 768 475 889 540 789 486 984 592 946 571 709 443 910 552
180 20 7430 712 445 733 456 998 599 791 487 536 350 894 543 437 296 850 519 940 568 787 485 817 502 421 288 997 599 760 470 933 564 434 295 626 398 788 486 782 483 624 397
181 20 7841 819 503 568 367 973 586 910 552 919 557 880 535 962 579 682 429 781 482 857 523 732 455 355 252 967 582 999 600 711 444 226 182 900 546 718 448 803 494 921 558
182 20 7513 846 517 719 448 723 450 641 407 974 586 948 572 417 285 610 389 685 430 916 555 743 461 926 560 298 221 393 273 829 508 979 589 925 560 999 600 635 403 821 504
183 20 8223 806 496 836 512 933 564 692 434 458 307 993 596 869 529 899 546 422 288 483 321 930 562 818 502 999 600 919 556 842 515 953 575 991 595 989 594 693 435 921 557
184 20 8061 946 571 424 289 862 526 635 403 579 373 911 552 858 523 602 385 726 452 954 575 826 506 961 579 860 524 725 452 815 501 832 509 836 512 877 534 894 543 1000 600
185 20 7251 849 519 296 220 650 411 521 342 526 344 656 415 285 214 761 471 666 420 788 486 938 567 936 566 680 427 762 472 968 583 795 489 954 575 771 477 767 474 934 565
186 20 7480 908 551 567 366 994 597 830 509 697 437 843 516 915 554 418 286 753 467 570 368 950 573 934 565 842 515 933 564 752 466 425 290 760 471 962 580 233 186 674 424
187 20 7623 446 301 975 587 212 175 982 591 742 461 860 525 817 501 293 219 862 526 750 465 608 389 925 560 778 480 979 589 664 419 915 554 933 564 986 593 942 569 578 372
188 20 7007 582 375 528 345 974 586 688 432 954 575 996 598 512 337 923 558 979 589 703 440 165 149 627 399 643 408 515 338 709 443 709 443 753 467 763 472 519 341 773 478
189 20 7340 322 234 800 492 749 465 785 484 210 173 765 474 154 143 570 368 970 584 794 489 802 493 818 502 964 581 662 418 980 590 966 582 517 340 903 548 959 578 990 595
190 20 7746 674 424 543 353 918 556 790 487 894 543 497 328 830 508 859 524 840 514 911 552 861 525 813 499 859 524 898 545 854 522 806 496 628 399 994 597 429 292 594 381
191 20 7949 937 566 937 566 874 532 847 518 731 455 754 468 764 473 807 496 930 562 736 458 814 500 927 561 316 231 940 568 563 364 946 571 872 531 837 512 375 263 992 596
192 20 7367 902 547 622 396 552 358 700 438 823 505 687 431 744 462 821 503 811 498 932 564 728 453 784 484 558 362 587 377 830 509 913 553 953 575 664 419 345 247 779 481
193 20 8119 826 506 942 569 627 399 478 318 820 503 788 486 993 597 514 338 792 488 914 554 925 560 739 459 929 562 619 395 923 559 978 589 742 461 847 518 867 528 976 587
194 20 7539 143 137 913 553 758 470 982 591 870 530 816 501 742 461 785 484 933 564 966 582 810 498 835 511 586 377 291 217 799 492 998 599 955 576 561 363 974 586 362 256
195 20 7752 494 327 740 460 830 508 932 564 675 425 883 537 723 451 695 436 813 499 754 467 751 466 947 571 937 566 782 483 824 505 718 448 634 403 933 564 907 550 533 348
196 20 8162 852 521 910 551 771 477 993 596 935 565 865 528 915 554 992 596 968 583 511 336 110 120 768 475 954 576 960 579 933 564 687 431 625 398 918 556 869 529 789 486
197 20 7017 614 392 590 379 476 317 596 382 571 368 837 512 420 287 683 429 391 271 474 316 980 590 967 582 666 420 928 562 893 542 593 381 758 470 830 508 837 512 930 563
198 20 7487 672 423 931 563 645 409 956 576 392 272 771 476 918 556 422 288 670 422 796 490 973 586 536 350 649 410 880 536 587 377 838 513 763 472 864 527 923 559 789 486
199 20 6938 981 590 674 424 987 593 911 552 957 577 493 327 368 259 657 415 994 597 514 338 992 596 549 357 809 497 821 503 610 390 284 213 925 560 377 264 240 190 734 456
200 20 7725 618 394 849 519 781 482 891 541 557 361 719 448 846 517 993 596 745 462 733 456 888 540 560 363 909 551 577 372 914 554 787 485 986 593 865 528 490 325 743 461
201 20 6923 661 417 767 474 670 422 654 413 940 568 623 397 526 345 760 471 985 592 974 586 814 500 684 430 570 368 480 319 680 428 918 556 299 222 759 470 815 500 267 205
202 20 7403 704 440 829 508 990 595 466 312 797 491 573 370 751 466 675 424 546 355 557 361 511 336 983 591 824 505 816 501 558 361 917 555 952 574 721 450 924 559 712 445
203 20 8428 996 598 902 547 878 534 867 528 975 587 429 292 807 496 977 588 638 405 978 588 685 430 753 467 890 541 977 588 830 508 987 593 444 300 984 591 880 535 980 590
204 20 7703 814 500 970 584 545 355 556 360 937 566 615 393 452 305 928 562 399 276 929 562 898 545 751 466 875 533 632 402 975 587 963 580 829 508 762 472 765 473 812 499
205 20 7407 411 282 527 345 946 571 967 583 472 315 995 598 716 447 618 394 807 496 940 568 727 453 606 387 879 535 592 380 819 502 879 535 888 540 917 556 466 312 642 407
206 20 6206 437 296 430 293 356 252 942 569 676 425 619 395 447 302 414 284 704 440 868 529 762 472 745 462 91 109 245 193 873 532 974 586 438 297 887 539 671 423 833 510
207 20 7020 584 376 903 548 750 465 907 550 571 369 508 335 800 492 246 193 841 514 170 152 889 540 502 331 917 556 427 291 817 502 897 545 924 559 896 544 624 397 868 529
208 20 7907 926 560 837 512 820 503 764 473 910 552 912 552 650 411 804 494 684 429 915 554 928 561 759 470 817 502 822 504 898 545 718 448 829 508 537 350 655 414 629 400
209 20 7573 811 498 664 419 814 500 636 403 741 460 351 250 871 530 891 541 849 519 900 546 980 590 873 532 484 322 385 268 281 212 906 550 984 592 936 566 893 542 897 544
210 20 6858 887 539 923 558 780 481 304 224 666 420 665 419 893 542 950 573 455 306 940 568 575 371 917 555 569 368 654 414 334 240 904 548 498 329 561 363 560 363 682 429
211 20 8170 887 539 986 592 710 444 988 594 776 479 754 468 739 459 841 515 906 549 732 455 847 518 834 510 734 457 948 572 897 545 934 564 731 455 1000 600 378 264 719 449
212 20 7105 689 433 379 265 967 582 928 561 985 592 916 555 437 296 817 501 775 479 877 534 402 277 688 432 998 599 578 372 644 408 888 540 487 323 356 252 591 379 809 497
213 20 6825 674 424 763 472 887 539 783 483 267 204 736 458 819 502 485 322 371 260 884 538 604 387 935 565 825 506 448 302 582 374 406 280 782 482 877 534 836 512 687 431
214 20 7282 736 458 725 452 512 337 575 371 723 451 948 572 899 546 722 450 727 453 805 495 395 274 895 544 776 479 435 295 588 378 560 363 824 505 909 551 973 586 838 513
215 20 7595 943 570 417 286 940 568 912 552 563 364 616 393 903 548 711 444 877 534 937 566 632 402 629 400 928 562 921 558 165 149 948 572 808 497 707 442 740 460 893 543
216 20 7102 955 576 842 515 615 393 986 592 982 590 652 412 453 305 561 363 864 527 877 534 795 490 615 392 809 497 247 193 713 445 842 515 580 373 783 483 528 345 506 333
217 20 7480 842 515 216 177 930 562 904 549 757 469 929 562 609 389 941 568 734 457 794 489 808 497 429 292 988 594 584 375 799 492 803 494 125 128 902 547 926 560 941 568
218 20 7271 681 428 859 524 637 404 583 375 981 590 689 433 722 450 992 596 880 535 294 219 717 448 706 442 982 590 684 430 704 440 918 556 429 292 298 221 805 495 982 591
219 20 7318 724 451 855 522 937 566 665 419 536 349 581 374 915 555 833 510 917 555 920 557 849 519 860 525 420 287 586 377 400 276 940 568 734 457 639 405 963 580 363 256
220 20 7972 944 570 534 349 958 578 816 501 831 509 846 517 903 548 886 539 871 531 783 483 565 365 823 505 570 368 247 193 721 450 929 562 893 543 870 530 962 580 992 596
221 20 7355 792 488 634 403 763 472 750 465 174 154 250 195 363 256 828 507 802 493 839 513 752 466 928 561 833 510 746 463 800 492 949 573 996 598 948 572 605 387 959 578
222 20 7824 628 399 928 561 765 473 655 414 533 348 1000 600 745 463 850 519 749 465 620 395 988 594 750 465 784 484 968 583 909 551 863 526 707 442 862 526 357 253 988 594
223 20 7404 938 567 930 563 893 542 808 496 804 495 875 533 968 583 902 547 706 442 454 305 489 324 671 423 924 559 860 524 505 333 364 257 934 564 362 256 736 458 685 430
224 20 7903 622 396 986 592 706 442 713 445 749 465 680 428 963 580 844 516 475 317 772 477 842 515 812 499 907 550 872 531 504 332 916 555 982 590 791 488 948 572 723 451
225 20 7724 588 378 702 439 567 366 927 561 860 525 964 581 850 519 809 497 681 428 645 408 997 599 892 542 755 468 973 586 836 512 740 460 396 274 774 478 813 499 680 427
226 20 7890 713 445 993 597 864 527 917 555 617 393 598 383 842 515 731 455 768 475 979 589 689 432 934 565 775 479 863 526 445 301 764 473 801 493 806 496 934 565 747 464
227 20 6750 959 578 650 411 607 388 879 535 492 326 828 507 127 129 781 482 995 598 582 374 986 593 669 421 269 206 780 482 477 318 725 451 154 144 678 426 914 554 948 572
228 20 7600 705 441 909 551 742 461 86 107 999 600 952 574 807 496 194 165 769 476 1000 600 852 520 559 362 894 543 905 549 921 558 845 517 537 350 634 403 959 578 931 563
229 20 7702 450 303 593 381 922 558 802 493 800 492 746 463 472 315 913 553 541 352 887 539 748 464 958 577 487 323 935 565 862 526 935 565 827 507 980 589 784 484 763 472
230 20 8148 479 319 854 522 776 479 988 594 866 528 777 480 474 316 575 371 931 563 861 525 972 585 814 500 951 574 710 444 950 573 913 553 983 591 820 503 770 476 832 509
231 20 7356 552 358 890 541 976 587 924 559 841 515 528 345 899 546 791 487 682 429 782 482 395 273 908 550 560 363 566 366 618 394 953 575 994 597 575 371 903 548 376 263
232 20 6931 113 121 711 444 936 566 139 136 635 403 547 356 935 565 817 501 610 389 914 554 935 565 970 584 685 430 587 377 994 597 891 541 289 216 497 329 864 527 794 489
233 20 7014 815 500 895 544 992 596 894 543 622 396 633 402 655 414 440 298 542 353 768 475 649 411 454 305 762 472 806 496 959 578 759 470 966 582 315 230 712 444 390 271
234 20 7612 973 586 953 575 961 579 996 598 874 532 845 516 645 409 956 576 850 519 900 546 967 582 138 135 313 229 577 372 810 497 430 292 614 392 824 505 729 454 870 530
235 20 8052 888 540 919 557 528 346 674 424 814 500 810 498 903 548 804 494 973 586 681 428 814 500 448 302 615 392 928 561 886 539 841 514 912 553 984 592 792 488 890 541
236 20 8123 897 544 924 559 731 455 476 317 639 405 898 545 985 592 490 325 852 520 903 548 969 584 724 451 757 469 670 422 915 554 833 510 976 587 760 470 854 521 994 597
237 20 7244 628 399 848 518 760 471 591 379 415 285 710 443 967 582 148 140 841 514 803 494 939 567 613 391 965 581 935 565 949 573 987 593 543 353 399 276 783 483 665 419
238 20 7076 772 477 614 392 846 517 759 470 825 506 402 278 888 540 589 378 759 470 531 347 694 435 387 269 857 523 860 524 688 432 993 597 983 591 676 425 553 359 477 318
239 20 7946 801 493 961 579 996 598 837 512 858 524 750 465 725 452 469 313 595 381 691 434 796 490 990 595 687 431 897 545 797 490 877 534 932 563 456 306 998 599 780 481
240 20 7809 965 582 619 394 775 478 887 539 501 331 615 392 946 571 766 474 504 333 764 473 481 320 586 377 987 593 994 597 957 577 942 569 825 506 999 600 750 465 755 468
241 20 6981 627 399 675 425 834 510 318 232 972 585 696 436 647 410 868 529 703 440 845 516 909 551 462 310 801 493 782 483 590 379 400 276 814 500 857 523 639 405 523 343
242 20 7057 752 466 390 271 754 467 912 553 970 584 639 406 859 524 602 385 350 249 479 319 607 388 868 529 677 426 845 516 495 328 999 600 978 588 755 468 391 272 793 488
243 20 7437 682 428 804 495 963 580 683 429 853 521 565 365 854 521 681 428 976 587 882 536 737 458 719 448 456 306 511 336 717 447 793 488 919 556 633 402 632 402 814 500
244 20 7594 828 507 946 571 859 524 621 395 609 389 737 458 836 512 789 486 513 337 905 549 898 545 829 508 815 500 721 450 780 482 724 451 292 218 974 586 669 421 843 516
245 20 8503 777 480 988 594 812 499 890 541 893 542 997 599 901 547 820 503 691 433 849 519 808 497 962 580 824 505 820 503 955 576 674 424 842 515 870 530 853 521 780 481
246 20 7030 963 580 723 451 370 260 704 440 940 568 636 404 159 146 866 528 965 581 900 546 983 591 722 450 230 184 702 439 741 461 853 521 770 476 645 409 797 491 392 272
247 20 8360 927 561 866 528 655 414 905 549 941 568 750 465 970 584 542 353 955 576 951 574 650 411 904 548 897 545 864 527 816 501 949 573 849 519 851 520 529 346 949 572
248 20 8056 845 517 838 513 741 460 586 377 941 568 631 401 893 542 940 568 917 555 953 575 983 591 998 599 725 452 210 174 635 403 984 592 916 555 872 531 580 373 924 559
249 20 7176 722 450 605 387 556 361 548 356 793 488 791 488 788 486 541 353 985 592 945 571 834 510 959 578 533 348 339 243 351 250 996 598 990 595 832 510 684 430 560 362
250 20 8183 944 570 987 593 789 486 696 436 917 555 786 484 810 498 788 486 917 555 877 534 551 358 638 405 903 548 951 574 861 525 875 532 777 480 704 440 860 525 736 457
251 20 8000 280 211 515 338 749 465 776 479 732 456 904 548 519 340 895 544 997 599 922 558 609 389 921 557 962 580 921 558 924 559 809 497 973 586 979 589 634 402 980 590
252 20 7737 535 349 425 290 915 554 738 459 733 456 940 568 630 400 974 586 586 377 825 506 926 560 934 565 984 592 849 519 993 596 715 447 645 408 369 259 843 516 915 554
253 20 7847 576 371 983 591 976 587 751 466 784 484 894 543 992 596 212 175 853 521 852 520 696 436 919 556 783 483 858 524 664 419 893 543 900 546 323 235 882 536 903 548
254 20 7450 793 488 651 412 914 554 635 403 839 514 621 396 873 532 855 522 323 235 824 505 425 289 920 557 538 351 656 415 951 574 938 567 748 464 769 475 762 472 865 527
255 20 7435 658 416 457 307 731 455 455 306 597 383 991 596 982 590 888 540 637 404 725 452 876 533 945 571 648 410 554 359 954 575 953 575 852 520 735 457 412 283 820 503
256 20 7352 900 546 933 564 912 553 336 242 803 494 958 578 972 585 394 273 860 525 809 497 972 585 810 498 476 318 873 531 635 403 750 465 653 413 624 397 728 454 306 225
257 20 7905 985 592 864 527 936 566 703 440 876 533 652 413 940 568 785 484 931 563 506 333 701 439 966 582 987 593 724 451 849 519 242 191 810 498 738 459 994 597 621 395
258 20 7695 753 467 564 365 731 455 746 463 916 555 617 393 756 469 956 576 819 503 502 331 713 445 983 591 760 471 960 579 675 425 997 599 909 551 914 554 826 506 293 219
259 20 7651 757 469 956 576 870 530 908 550 921 558 515 338 969 584 977 588 803 494 721 450 631 401 214 176 541 352 987 593 555 360 814 500 813 499 981 590 472 315 898 545
260 20 6879 703 440 744 462 573 370 712 445 691 433 813 499 870 530 378 264 803 494 488 324 766 474 592 380 892 542 926 560 474 316 425 290 975 587 671 423 540 352 723 451
261 20 7771 733 456 897 545 672 423 992 596 938 567 751 466 885 538 665 419 331 239 921 558 690 433 900 546 823 505 524 343 814 500 473 316 877 534 781 482 1000 600 875 533
262 20 7476 865 527 966 582 706 442 967 583 468 313 701 439 959 578 318 232 910 552 771 477 299 222 702 439 939 567 806 496 849 519 744 462 520 341 994 597 754 467 715 446
263 20 7406 536 349 914 554 487 323 991 595 922 558 564 365 759 470 582 374 632 402 472 315 980 590 689 432 950 573 834 511 977 588 218 178 528 345 990 595 809 497 979 589
264 20 8032 958 578 754 467 852 520 614 392 960 578 602 385 971 585 924 559 999 600 954 575 892 542 543 353 874 532 802 493 279 211 488 324 899 545 884 538 903 548 913 553
265 20 8013 888 539 890 541 582 374 578 372 982 591 905 549 858 524 551 358 701 439 985 592 865 528 972 585 961 579 871 530 942 569 906 550 789 486 913 553 366 258 521 341
266 20 7458 864 527 830 508 906 549 290 217 734 457 989 594 618 394 831 509 815 500 685 430 484 322 400 276 799 492 897 545 787 485 960 579 536 350 859 524 758 470 874 532
267 20 6661 755 468 261 201 747 464 839 513 814 500 842 515 910 552 750 465 454 305 813 499 561 363 572 369 817 501 207 172 646 409 447 301 863 526 905 549 848 518 272 207
268 20 7253 699 438 732 456 609 389 952 574 457 307 915 554 918 556 759 470 463 310 847 517 561 363 816 501 650 411 807 496 787 485 733 456 591 380 806 495 796 490 609 389
269 20 8284 834 511 866 528 861 525 897 545 808 497 754 467 924 559 964 581 883 537 923 558 560 363 650 411 938 567 938 567 718 448 846 517 663 418 885 538 800 492 856 522
270 20 7935 775 478 659 416 813 499 837 512 399 276 989 594 997 599 917 555 521 342 833 510 714 446 966 582 947 572 832 510 604 386 707 442 529 346 983 591 889 540 959 578
271 20 8207 924 559 854 521 942 569 866 528 857 523 504 333 809 497 990 595 929 562 993 596 890 541 937 566 611 390 900 546 964 581 752 466 607 388 515 339 715 446 855 522
272 20 8272 756 468 919 557 646 409 893 543 831 509 972 585 661 417 613 391 880 535 959 578 896 544 996 598 657 415 996 598 978 589 692 434 871 531 557 361 864 527 907 550
273 20 7574 963 580 934 564 757 469 521 342 884 538 475 317 162 148 963 580 831 509 849 519 785 484 609 389 971 585 855 522 974 586 447 302 759 470 878 534 779 481 752 466
274 20 7598 951 574 745 462 919 556 555 360 466 312 905 549 954 575 767 475 621 396 795 489 571 369 953 575 305 225 893 542 981 590 509 335 762 472 936 566 974 586 635 403
275 20 7547 925 560 910 552 764 473 664 419 888 540 519 340 964 581 667 421 799 492 900 546 728 454 763 472 957 577 460 309 847 518 779 481 571 369 476 317 755 468 758 470
276 20 6771 820 503 791 487 536 350 742 461 894 543 906 550 376 263 937 566 856 522 674 424 669 421 582 375 370 260 553 359 724 451 935 565 273 208 689 432 433 294 782 483
277 20 7565 490 325 764 473 490 325 958 578 871 531 935 565 535 349 944 570 699 438 639 405 734 456 776 479 792 488 857 523 502 331 619 395 996 598 1000 600 829 508 700 438
278 20 7323 986 593 702 439 929 562 813 499 661 417 976 587 827 507 373 262 737 458 298 221 683 429 897 545 947 571 725 452 830 508 975 587 957 577 350 249 352 250 628 399
279 20 7549 846 517 834 510 503 332 611 390 937 566 721 450 975 586 968 583 785 484 713 445 940 568 747 464 613 391 500 330 838 513 751 466 969 583 823 505 463 310 562 364
280 20 7224 977 588 854 521 703 440 829 508 517 339 975 587 569 368 631 401 633 402 888 540 762 472 888 540 943 569 235 187 374 262 966 582 454 305 620 395 874 532 757 469
281 20 7260 923 559 434 295 851 520 965 581 787 485 658 415 502 331 942 569 706 442 811 498 792 488 775 479 527 345 796 490 394 273 941 568 586 377 837 512 675 425 619 395
282 20 7324 757 469 184 160 655 414 802 493 977 588 768 475 381 266 902 548 824 505 909 551 648 410 449 303 561 363 945 570 621 396 818 502 879 535 926 561 701 439 941 568
283 20 7851 919 557 714 446 840 514 710 444 724 451 939 567 735 457 821 504 874 532 925 560 624 397 996 598 521 342 950 573 978 589 573 370 356 253 868 529 685 430 950 573
284 20 8104 924 559 923 558 671 423 875 533 685 430 978 588 349 248 959 578 715 446 915 554 900 546 785 484 927 561 953 575 597 383 863 526 544 354 868 529 883 537 894 543
285 20 7513 394 273 979 589 736 458 842 515 892 542 533 348 975 587 814 500 919 556 680 427 157 145 855 522 927 561 850 519 610 389 734 457 754 467 609 389 964 581 803 494
286 20 7848 846 517 672 423 881 536 495 328 827 507 809 497 872 531 964 581 778 480 535 349 644 408 749 464 919 557 957 577 882 536 914 554 548 356 533 348 990 595 882 537
287 20 7477 883 537 553 359 797 491 883 537 969 583 991 595 656 414 406 280 950 573 937 566 899 546 226 183 822 504 562 364 843 515 689 432 716 447 532 348 892 542 749 465
288 20 7726 791 487 833 510 868 529 362 256 717 448 802 493 547 355 949 573 884 538 775 479 887 539 875 533 658 415 979 589 543 354 916 555 524 343 627 399 921 557 995 597
289 20 7044 567 367 489 324 606 387 160 146 850 519 474 316 841 514 951 574 761 471 953 575 931 563 728 454 619 395 914 554 695 436 933 564 925 560 387 269 843 515 462 310
290 20 7621 903 548 673 424 864 527 838 513 923 559 869 529 923 558 828 507 706 441 858 523 796 490 268 205 366 258 838 513 752 466 924 559 728 453 714 446 894 543 577 372
291 20 7458 999 600 236 188 821 503 696 436 480 320 506 333 966 582 857 523 632 402 830 509 840 514 972 585 781 482 905 549 329 238 931 563 927 561 637 404 675 425 896 544
292 20 7402 262 202 376 263 772 477 559 362 993 596 942 569 903 548 979 589 948 572 434 295 996 598 468 313 741 461 648 410 833 510 697 437 941 568 932 563 429 292 952 574
293 20 7500 936 565 889 540 965 581 735 457 983 591 606 388 420 287 827 507 855 522 881 536 522 342 707 442 878 534 600 384 604 386 611 390 607 388 850 519 555 360 969 583
294 20 7651 746 463 395 273 931 563 816 501 840 514 973 586 407 280 653 413 668 421 987 593 923 559 807 496 958 577 917 555 597 383 547 356 963 580 686 431 621 395 867 528
295 20 7556 467 313 990 595 889 540 883 537 791 487 281 212 896 544 819 503 959 578 416 285 786 485 455 306 990 595 543 353 876 533 857 523 937 566 445 301 985 592 847 518
296 20 7434 824 505 972 585 548 356 574 370 809 497 563 364 600 384 937 566 910 552 736 458 763 472 663 418 702 439 561 363 727 453 597 383 855 522 939 567 880 535 709 443
297 20 6966 852 521 740 460 589 378 578 372 218 178 635 403 791 487 752 466 901 547 951 574 521 342 197 167 600 384 897 545 861 525 611 390 825 506 710 444 991 595 713 445
298 20 7065 873 532 963 580 695 436 834 511 996 598 512 337 403 278 787 485 315 231 673 424 653 413 977 588 982 591 627 399 258 199 980 590 742 461 193 164 717 447 950 573
299 20 8177 950 573 961 579 644 408 631 401 877 534 841 514 468 313 945 571 821 504 441 299 961 579 430 292 904 548 881 536 924 559 900 546 931 563 987 593 974 586 884 538
300 20 7400 308 227 818 502 684 429 668 421 609 389 800 492 537 350 821 503 464 311 870 530 856 523 930 563 801 493 976 587 574 370 954 575 739 460 993 597 765 473 633 402
301 20 7599 892 542 870 530 775 479 694 435 815 500 844 516 940 568 547 356 553 359 684 430 903 548 928 561 516 339 657 415 961 579 184 160 904 548 967 582 847 517 717 447
302 20 8250 908 551 485 322 984 592 852 520 877 534 852 520 734 456 663 418 986 593 754 467 882 536 917 555 861 525 999 600 965 581 777 480 581 374 777 480 796 490 850 519
303 20 7324 783 483 998 599 873 532 938 567 872 531 954 576 670 422 430 293 846 517 722 450 755 468 458 308 772 477 578 373 919 556 393 272 517 339 947 571 395 274 828 507
304 20 7505 730 455 992 596 837 512 899 546 955 576 957 577 593 381 875 533 826 506 924 559 532 347 959 578 781 482 1000 600 334 241 374 262 994 597 635 403 556 361 258 200
305 20 8276 935 565 666 420 785 484 852 520 968 583 918 556 365 257 720 449 868 529 852 520 433 294 836 512 949 572 899 546 881 536 965 581 949 573 907 550 936 566 869 529
306 20 6798 966 582 565 365 838 513 734 457 725 452 270 206 381 266 546 355 679 427 837 512 538 351 629 400 485 322 912 553 996 598 941 569 514 338 500 330 957 577 584 376
307 20 6932 685 430 514 338 614 392 983 591 757 469 627 399 484 321 952 574 929 562 568 367 940 568 836 511 794 489 588 378 508 334 570 368 741 461 569 367 600 384 605 387
308 20 7587 552 359 650 411 977 588 357 253 823 504 818 502 870 530 980 590 630 400 647 410 614 392 852 520 894 543 853 521 867 528 886 539 388 270 691 433 834 511 991 596
309 20 7662 970 584 886 538 697 437 522 342 651 412 775 478 770 476 949 573 876 533 562 364 978 588 651 412 945 570 851 520 421 288 900 546 993 596 344 246 661 417 922 558
310 20 7153 583 375 659 416 818 502 944 570 772 477 559 362 947 572 890 541 517 340 256 198 963 580 833 510 879 535 546 355 955 576 493 327 740 460 624 397 707 442 621 396
311 20 7399 927 561 865 527 724 451 751 466 623 396 690 433 902 547 962 580 521 341 416 285 825 506 809 497 523 342 741 460 662 418 954 575 926 560 321 233 791 487 865 527
312 20 8012 930 563 555 360 936 566 994 597 822 504 907 550 718 448 862 526 686 431 684 430 644 408 920 557 822 504 905 549 867 528 701 439 518 340 963 580 830 508 760 471
313 20 7963 264 203 507 334 964 581 862 526 912 553 647 410 806 495 918 556 1000 600 905 549 603 386 979 589 680 427 989 594 622 396 760 470 856 523 688 432 987 593 977 588
314 20 7920 792 488 830 508 863 526 718 448 897 545 187 161 916 555 843 516 1000 600 872 531 731 455 593 380 802 493 904 549 910 552 966 582 572 369 685 430 997 599 762 472
315 20 6735 512 337 468 313 474 316 576 371 910 551 527 345 787 485 795 489 577 372 294 219 706 442 929 562 987 593 753 467 349 249 774 478 789 486 878 535 992 596 393 273
316 20 7631 499 330 702 439 416 285 479 319 933 564 592 380 998 599 948 572 993 596 377 264 898 545 943 570 706 441 983 591 713 445 672 423 640 406 873 532 907 550 991 595
317 20 6900 738 459 715 446 683 429 736 458 650 411 801 493 807 496 648 410 763 472 757 469 924 559 577 372 631 401 535 349 283 213 752 466 762 472 604 387 804 494 631 401
318 20 6965 331 239 720 449 384 268 819 503 849 519 869 529 457 307 977 588 503 332 623 397 513 337 829 508 866 528 964 581 694 435 938 567 698 437 791 487 666 420 440 298
319 20 7485 755 468 655 414 916 555 626 398 792 488 901 547 917 556 861 525 538 351 917 556 968 583 829 508 552 358 422 288 769 475 877 534 682 428 849 519 453 305 692 434
320 20 7479 677 426 956 576 935 565 897 544 838 513 907 550 702 439 236 188 480 319 553 359 911 552 592 380 943 570 899 546 865 527 856 523 707 442 776 479 402 277 826 506
321 20 7436 661 417 986 593 873 532 807 496 952 574 705 441 974 586 511 336 568 367 920 557 802 494 900 546 583 375 587 377 241 190 770 476 336 242 795 490 925 560 976 587
322 20 7007 946 571 952 574 501 331 584 376 699 438 890 541 699 438 935 565 671 423 671 423 599 384 490 325 915 554 865 527 477 318 162 148 531 347 814 500 855 522 758 470
323 20 7027 710 444 601 385 976 587 742 461 728 453 772 477 391 272 646 409 891 541 883 537 554 359 764 473 732 456 605 387 802 493 497 329 922 558 981 590 313 230 544 354
324 20 7455 859 524 869 530 586 377 489 324 697 436 800 492 278 210 733 456 741 460 765 473 991 595 942 569 865 528 821 504 810 498 711 444 726 452 871 530 649 411 708 443
325 20 7248 891 541 573 369 682 429 945 570 998 599 498 329 418 286 922 558 692 434 96 112 570 368 917 555 579 373 994 597 947 572 209 173 817 502 996 598 992 596 760 471
326 20 7863 984 592 836 512 329 238 925 560 493 327 698 437 832 509 692 434 831 509 697 437 721 449 797 491 853 521 840 514 987 593 906 549 953 575 720 449 872 531 761 471
327 20 7587 458 308 971 584 985 592 855 522 848 518 772 477 968 583 578 372 882 537 732 455 707 442 814 500 816 501 551 358 639 405 593 381 746 463 979 589 428 291 853 521
328 20 7671 660 417 801 493 852 520 992 596 596 382 606 387 825 506 935 565 746 463 980 590 613 391 920 557 988 594 800 492 737 458 862 526 379 265 302 223 908 551 840 514
329 20 7178 645 409 458 308 347 247 664 419 700 438 908 551 636 404 857 523 835 511 550 357 703 440 975 587 880 535 754 467 638 405 888 540 905 549 400 276 695 435 919 557
330 20 8145 721 450 973 586 995 598 975 587 744 462 834 510 958 577 396 274 758 470 904 548 860 525 967 583 944 570 817 501 763 472 840 514 986 593 904 548 471 315 480 320
331 20 7353 416 285 411 282 885 538 284 214 710 443 931 563 656 414 545 354 689 432 913 553 978 589 698 437 657 415 810 498 860 525 799 492 804 495 876 533 965 582 819 503
332 20 7818 778 480 968 583 961 579 410 281 776 479 996 598 922 558 849 519 959 578 660 417 405 279 383 267 715 446 662 418 877 534 938 567 912 553 845 516 724 451 897 545
333 20 7066 790 487 417 285 960 579 490 325 694 435 606 387 566 366 598 383 419 287 763 472 619 394 914 554 826 506 838 513 788 486 721 449 970 584 841 514 643 407 670 422
334 20 7116 837 512 674 424 926 560 778 480 370 260 882 536 294 219 812 499 804 495 823 505 728 453 911 552 770 476 568 367 454 305 952 574 446 301 744 462 867 528 593 381
335 20 7854 843 515 964 581 909 551 742 461 470 314 762 472 864 527 947 572 666 420 836 512 751 466 919 557 973 585 856 522 668 421 802 493 950 573 364 257 705 441 717 448
336 20 7713 486 323 593 381 951 574 753 467 662 418 731 455 567 366 821 503 870 530 966 582 496 328 982 591 981 590 945 570 851 520 770 476 859 524 461 309 931 563 750 465
337 20 7440 881 536 508 334 970 584 981 590 857 523 725 452 556 361 833 510 659 416 784 483 676 425 561 363 913 553 523 342 514 338 655 414 813 499 949 572 847 518 676 425
338 20 6978 873 532 833 510 658 415 509 335 733 456 955 576 666 420 654 414 777 480 72 99 447 302 973 586 723 451 838 513 666 420 621 395 749 465 687 431 768 475 755 468
339 20 7271 976 587 581 374 828 507 906 549 637 404 999 599 820 503 503 332 957 577 728 454 531 347 518 340 719 449 270 206 582 375 563 364 850 519 747 464 857 523 970 584
340 20 6544 760 471 415 284 833 510 996 598 934 564 158 146 641 406 102 116 931 563 677 426 937 566 215 176 866 528 752 466 470 314 570 368 990 595 234 186 769 476 839 513
341 20 7293 797 490 868 529 668 421 815 501 746 463 911 552 878 535 391 271 948 572 611 390 419 287 751 466 760 470 771 477 877 534 730 454 868 529 961 579 471 314 345 247
342 20 7827 829 508 884 538 536 350 518 340 884 538 813 499 939 567 964 581 647 410 964 581 810 498 888 540 691 433 867 529 393 272 965 581 935 565 885 538 735 457 507 334
343 20 7961 716 447 972 585 624 397 762 472 850 519 906 549 846 517 953 575 915 554 960 578 840 514 689 433 104 117 987 593 489 324 990 595 627 399 984 592 985 592 724 451
344 20 7382 739 459 303 224 558 362 892 542 625 398 403 278 956 577 814 500 967 582 960 579 617 394 616 393 924 559 687 431 744 462 992 596 949 573 863 526 164 149 992 596
345 20 7639 773 478 403 278 758 469 968 583 915 554 829 508 936 566 415 284 995 597 424 289 725 452 805 495 481 320 945 570 644 408 986 593 788 486 611 390 984 591 893 542
346 20 7554 861 525 825 505 642 407 366 258 642 407 651 412 867 529 926 560 946 571 824 505 927 561 671 423 760 471 520 341 948 572 820 503 928 561 569 368 431 293 984 592
347 20 7369 970 584 906 549 551 358 458 307 960 578 429 292 683 429 926 560 946 571 907 550 511 336 980 589 962 580 400 276 847 518 640 406 885 538 768 475 633 402 376 264
348 20 7106 914 554 492 326 438 297 867 529 894 543 723 451 992 596 709 443 872 531 861 525 931 563 422 288 883 537 887 539 755 468 288 216 814 500 882 537 415 284 173 154
349 20 8290 914 554 286 215 934 564 993 596 913 553 959 578 873 532 872 531 666 420 536 350 863 526 740 460 923 559 786 484 939 567 887 539 889 540 902 547 983 591 723 450
350 20 7079 407 280 381 266 349 249 431 293 725 452 938 567 463 310 670 422 809 497 907 550 680 427 737 458 914 554 893 543 864 527 980 589 576 371 966 582 547 355 922 558
351 20 7316 871 531 801 493 307 226 524 343 840 514 562 364 627 399 849 518 317 231 849 519 752 466 819 503 784 483 974 586 867 528 896 544 606 387 614 392 782 483 992 596
352 20 8199 807 496 580 373 449 302 908 550 754 468 910 552 950 573 450 303 966 582 849 519 963 580 707 442 909 551 875 533 844 516 979 589 952 574 975 587 779 481 792 488
353 20 6847 797 491 129 130 521 342 740 460 688 431 890 541 921 557 497 329 640 406 966 582 544 354 823 505 640 406 907 550 395 273 770 476 732 456 843 516 458 308 794 489
354 20 8692 769 475 995 597 973 585 648 410 707 442 903 548 940 568 798 491 879 535 926 560 925 560 933 564 968 583 897 545 847 518 933 564 864 527 991 595 928 561 561 363
355 20 7124 655 414 569 368 599 384 879 535 932 564 651 412 417 285 758 469 644 408 933 564 905 549 179 157 666 420 578 373 984 592 854 521 957 577 691 433 442 299 956 576
356 20 7824 418 286 825 506 860 524 597 382 782 482 726 452 865 527 994 597 763 472 845 516 736 457 693 434 860 525 917 555 732 456 384 268 821 503 952 575 966 582 912 553
357 20 7283 637 404 962 580 918 556 686 431 635 403 904 548 593 381 901 547 545 355 995 597 902 547 381 266 507 334 710 444 575 371 555 360 900 546 803 494 974 586 484 321
358 20 7542 621 396 857 523 983 591 558 362 708 443 828 507 949 573 588 378 964 581 531 347 571 369 852 520 478 318 722 450 921 558 330 239 944 570 976 587 858 524 845 517
359 20 8167 757 469 955 576 951 574 958 577 780 481 957 577 977 588 890 541 848 518 753 467 940 568 696 436 888 540 372 261 754 467 977 588 397 275 923 559 767 474 794 489
360 20 7596 476 318 525 344 641 407 790 487 702 439 769 475 967 582 738 459 598 383 744 462 841 515 726 452 849 519 534 349 897 544 943 569 814 500 891 541 896 544 852 520
361 20 7893 680 428 905 549 839 513 994 597 711 444 746 463 974 586 916 555 854 522 779 481 952 574 902 547 684 430 635 403 606 388 630 401 928 562 847 518 849 519 355 252
362 20 7388 701 439 726 452 961 579 880 535 952 574 929 562 977 588 890 541 828 508 713 445 726 452 907 550 409 281 748 464 757 469 808 497 547 356 265 203 897 545 155 144
363 20 7711 366 258 741 460 686 431 728 453 754 467 692 434 865 527 608 389 967 582 1000 600 714 446 390 271 757 469 955 576 756 469 625 398 991 595 916 555 962 580 949 573
364 20 7175 450 303 468 313 693 434 829 508 925 559 995 598 335 241 929 562 886 539 605 387 791 487 619 395 740 460 937 566 847 518 596 382 846 517 677 426 917 555 265 203
365 20 7664 955 576 913 553 850 519 710 443 789 486 880 535 838 513 549 357 679 427 938 567 914 554 936 566 743 461 635 403 842 515 975 587 853 521 327 237 217 177 786 485
366 20 7271 274 208 950 573 887 539 925 560 519 340 562 364 841 515 901 547 615 393 840 514 917 555 468 313 569 367 943 569 625 398 987 593 695 436 627 399 734 457 663 418
367 20 8167 908 551 956 576 888 540 997 599 798 491 994 597 696 436 923 558 479 319 615 392 957 577 994 597 706 441 897 545 888 540 734 456 806 496 715 447 994 597 389 270
368 20 7450 741 461 973 586 730 455 971 585 153 143 880 535 943 570 781 482 578 372 982 590 610 390 804 494 902 547 795 490 659 416 479 319 787 485 924 559 423 289 786 484
369 20 7912 839 513 469 313 810 497 971 585 962 580 566 366 694 435 841 514 697 437 884 538 769 476 890 541 511 336 844 516 696 436 851 520 885 538 916 555 917 556 812 499
370 20 7619 529 346 916 555 833 510 954 575 828 507 855 522 872 531 716 447 589 379 672 423 700 438 764 473 687 431 661 417 764 473 986 593 607 388 606 387 852 520 848 518
371 20 7176 479 319 466 312 805 495 610 389 622 396 981 590 721 450 903 548 773 478 860 525 908 551 182 158 932 563 648 410 617 393 845 516 758 469 891 541 494 327 858 524
372 20 7858 829 508 643 407 947 572 719 448 1000 600 642 407 691 433 791 487 706 441 687 431 952 574 696 436 863 526 594 381 909 551 879 535 705 441 918 556 875 533 670 422
373 20 7249 948 572 922 558 989 594 832 510 774 478 348 248 570 368 669 422 463 310 955 576 833 510 704 441 735 457 674 424 734 457 650 411 403 278 927 561 967 582 402 277
374 20 7031 281 212 681 428 353 251 853 521 912 553 613 391 93 111 919 556 948 572 915 554 685 430 860 524 951 574 681 428 857 523 767 474 491 326 505 333 879 535 818 502
375 20 8237 887 539 692 434 913 553 640 406 960 579 725 452 802 493 688 432 905 549 910 552 811 498 974 586 778 480 990 595 941 568 408 281 550 357 953 575 970 584 977 588
376 20 7189 766 474 395 274 596 382 623 397 615 392 865 527 453 305 943 569 188 162 954 575 917 556 681 428 667 420 888 540 669 422 740 460 878 534 971 585 836 512 733 456
377 20 8010 718 448 575 370 975 587 708 443 924 559 517 339 995 598 978 588 925 560 842 515 868 529 960 579 865 528 898 545 148 140 857 523 863 526 820 503 727 453 857 523
378 20 7324 651 412 944 570 365 257 775 479 869 530 847 518 895 543 429 292 860 525 829 508 372 261 775 479 633 402 932 564 637 404 811 498 705 441 822 504 672 423 826 506
379 20 7145 949 573 503 332 887 539 682 429 894 543 987 593 723 451 758 470 815 500 402 277 527 345 544 354 452 304 485 322 405 279 909 551 823 504 993 597 602 385 950 573
380 20 7884 745 463 759 470 851 520 601 385 681 428 754 468 752 466 995 598 980 590 823 504 955 576 772 477 878 534 710 444 838 513 836 511 802 493 890 541 858 523 289 216
381 20 6883 712 445 878 534 562 364 655 414 643 408 848 518 485 322 694 435 486 322 751 466 924 559 389 270 509 335 372 261 656 414 982 591 682 429 934 564 789 486 816 501
382 20 7606 930 563 802 494 745 462 950 573 346 247 389 270 632 402 1000 600 983 591 998 599 932 563 407 280 537 350 435 295 996 598 991 596 989 595 876 533 548 356 727 453
383 20 7685 884 537 646 409 741 461 749 465 924 559 851 520 455 306 808 497 642 407 832 509 942 569 747 464 944 570 915 554 418 286 986 592 752 466 988 594 908 551 238 189
384 20 6631 304 225 937 566 612 391 964 581 762 472 830 508 604 386 593 380 493 326 879 535 425 290 828 507 926 560 225 182 688 432 677 426 644 408 689 432 363 256 820 503
385 20 7800 697 436 592 380 811 498 963 580 934 564 989 594 907 550 646 409 919 556 615 393 728 453 679 427 444 300 670 422 738 458 807 496 773 477 920 557 769 475 999 599
386 20 7062 969 583 879 535 969 583 514 338 708 442 620 395 436 296 527 345 625 398 354 251 662 418 810 498 627 399 566 366 937 566 583 375 993 597 880 536 676 425 789 486
387 20 8688 690 433 974 586 577 372 947 572 941 568 929 562 957 577 986 593 984 592 983 591 966 582 726 452 873 532 966 582 780 481 980 589 637 404 731 455 796 490 954 575
388 20 7398 697 437 868 529 505 333 759 470 916 555 765 473 845 516 869 529 952 574 631 401 286 215 977 588 592 380 883 537 681 428 791 487 852 520 352 250 807 496 769 476
389 20 7356 984 592 881 536 883 537 987 593 321 234 861 525 795 489 908 551 628 399 877 534 656 415 428 291 859 524 917 555 615 392 594 381 599 383 504 332 719 448 697 437
390 20 8057 696 436 444 300 836 512 866 528 794 489 794 489 874 532 957 577 540 352 648 410 927 561 790 487 721 449 880 535 962 580 990 595 606 387 946 571 998 599 846 517
391 20 7252 728 453 862 526 829 508 829 508 419 286 764 473 912 553 636 404 964 581 996 598 537 350 395 274 539 351 982 590 644 408 721 449 472 315 805 495 571 369 900 546
392 20 7474 835 511 860 524 821 503 418 286 991 595 882 536 881 536 662 418 809 497 950 573 730 455 654 414 830 509 760 470 430 292 428 291 939 567 504 332 703 440 861 525
393 20 7703 781 482 875 533 461 309 673 423 426 290 685 430 943 570 991 596 722 450 981 590 459 308 704 441 991 595 923 559 910 552 430 293 946 571 923 559 706 442 877 534
394 20 6548 925 560 331 239 925 560 444 300 915 554 564 365 958 578 995 598 619 395 944 570 544 354 708 442 651 412 200 168 599 384 253 197 760 471 670 422 433 294 659 416
395 20 8117 979 589 922 558 797 490 619 394 681 428 971 585 857 523 803 494 898 545 905 549 902 547 1000 600 980 589 448 302 882 536 759 470 942 569 757 469 334 240 799 492
396 20 7852 998 599 808 497 772 477 631 401 704 440 888 540 829 508 815 500 660 417 901 547 961 579 916 555 787 485 930 563 370 260 614 392 773 478 890 541 867 528 591 379
397 20 8003 291 217 941 569 963 580 773 478 748 464 842 515 977 588 747 464 841 515 542 353 972 585 784 483 909 551 934 564 621 396 928 561 985 592 678 426 703 440 827 507
398 20 7031 852 521 649 410 966 582 595 382 774 478 549 357 888 540 159 146 926 560 474 316 527 345 738 459 570 368 718 448 845 517 711 444 551 358 783 483 935 565 853 521
399 20 7341 734 457 525 344 962 579 926 560 913 553 785 484 874 532 958 578 189 163 972 585 672 423 742 461 417 285 888 540 582 374 806 496 968 583 680 427 623 397 466 312
400 20 7722 933 564 473 316 971 585 818 502 619 395 973 585 484 322 879 535 583 375 891 542 873 532 867 528 677 426 831 509 820 503 453 305 920 557 919 556 852 520 609 389
