1 20 6609 144 138 808 497 586 376 602 385 856 523 951 574 977 588 547 356 660 417 731 455 543 353 800 492 506 334 690 433 520 341 130 130 852 520 548 356 978 588 790 487
2 20 6550 829 508 354 251 530 346 342 245 854 522 943 570 862 526 833 510 650 411 708 443 248 194 962 580 751 466 813 499 152 143 780 482 867 529 539 351 316 231 768 475
3 20 7565 571 369 740 460 950 573 982 590 795 490 392 272 933 564 927 561 966 582 801 493 774 478 484 322 776 479 639 405 553 359 887 539 796 490 476 317 904 549 784 483
4 20 7367 770 476 948 572 454 305 796 490 645 409 919 556 877 534 657 415 343 245 599 383 751 466 853 521 826 506 341 245 849 519 705 441 518 340 980 589 992 596 911 552
5 20 6768 423 289 232 186 944 570 777 480 917 555 166 150 701 439 511 336 825 506 631 401 841 515 925 560 807 496 559 362 631 401 789 486 822 504 468 313 857 523 711 444
6 20 6265 615 392 256 199 366 258 406 279 927 561 947 572 498 329 173 154 150 141 870 530 498 329 789 486 990 595 573 369 401 277 879 535 940 568 962 580 296 220 994 597
7 20 6811 98 113 945 571 642 407 933 564 852 520 93 110 976 587 1000 600 379 265 982 590 928 561 489 324 839 513 348 248 963 580 557 361 875 533 386 268 836 512 501 331
8 20 6416 765 473 194 165 973 585 882 536 591 380 473 316 955 576 999 600 635 403 658 416 590 379 957 577 524 343 473 316 420 287 440 298 291 217 429 292 768 475 815 500
9 20 7401 921 557 799 492 898 545 851 520 415 284 695 435 898 545 393 272 798 491 932 564 915 554 940 568 840 514 867 528 860 525 376 263 297 221 787 485 926 560 394 273
10 20 6882 297 221 790 487 979 589 754 467 869 530 909 551 967 583 613 391 576 371 933 564 688 432 894 543 202 170 452 304 716 447 630 400 675 425 522 342 530 346 768 475
11 20 6414 724 451 525 343 779 481 567 366 931 563 176 155 749 465 284 214 526 344 820 503 913 553 783 483 506 333 458 308 904 549 364 257 812 499 436 296 665 419 906 549
12 20 6197 376 263 506 334 606 388 502 331 849 519 248 194 868 529 948 572 898 545 464 311 540 352 332 239 674 424 687 431 599 384 652 412 693 435 734 457 846 517 372 261
13 20 7166 595 382 358 253 775 479 819 503 970 584 607 388 648 410 75 101 620 395 944 570 714 446 764 473 587 377 892 542 979 589 776 480 630 401 931 563 741 460 907 550
14 20 6891 495 328 771 477 537 350 595 381 531 347 924 559 753 467 552 358 933 564 398 275 839 513 561 363 969 583 552 358 140 136 792 488 992 596 642 407 828 507 978 588
15 20 6052 370 260 864 527 390 271 798 491 457 307 535 349 459 308 398 275 857 523 580 374 834 511 848 518 889 540 293 218 496 328 720 449 638 405 900 546 349 249 430 293
16 20 6684 851 520 56 91 914 554 738 459 909 551 654 414 916 555 665 419 965 582 355 252 520 341 673 424 736 458 864 527 957 577 703 440 345 246 425 290 548 356 574 370
17 20 6967 695 436 706 441 487 323 508 335 787 485 976 587 677 426 803 494 381 266 188 162 700 438 946 571 856 522 724 451 806 495 825 506 994 597 676 425 606 387 593 380
18 20 6070 346 247 1000 600 927 561 224 181 401 277 636 404 538 351 919 557 490 325 755 468 670 422 513 337 979 589 168 151 838 513 784 484 263 202 759 470 749 465 181 158
19 20 6770 968 583 465 311 879 535 558 361 188 162 516 339 906 550 850 519 758 469 949 573 315 231 426 290 463 310 796 490 675 425 643 408 585 376 713 445 969 584 918 556
20 20 6370 209 173 974 586 378 264 455 306 447 302 823 505 704 440 741 460 240 190 737 458 494 327 749 465 906 549 945 571 842 515 606 387 303 224 799 492 416 285 973 585
21 20 6823 958 578 703 440 812 499 749 465 813 499 961 579 721 450 913 553 366 258 780 481 400 276 292 218 868 529 205 171 879 535 692 434 918 556 542 353 662 418 412 283
22 20 6313 348 248 933 564 484 322 726 452 553 359 213 175 193 164 675 425 569 368 982 591 374 262 638 405 982 590 806 496 804 494 662 417 650 411 398 275 951 574 685 430
23 20 6518 215 176 545 355 427 291 941 568 998 599 961 579 865 527 753 467 726 452 473 316 914 554 478 318 742 461 935 565 621 395 448 302 771 476 662 418 410 282 151 142
24 20 5966 538 351 924 559 771 477 214 176 800 492 875 533 199 167 863 526 430 293 608 388 851 520 928 561 648 410 884 538 426 290 367 259 272 207 653 413 341 244 340 244
25 20 6892 797 491 603 386 281 212 898 545 791 487 906 550 370 260 789 486 825 506 619 394 325 236 971 585 824 505 370 260 904 548 387 269 865 527 845 517 904 548 511 336
26 20 6721 741 460 991 595 577 372 558 361 843 516 728 453 628 400 373 262 961 579 701 439 844 516 766 474 958 578 541 352 597 383 780 481 179 157 516 339 632 402 529 346
27 20 6625 463 310 534 349 550 357 544 354 505 333 664 419 711 444 880 536 849 519 347 248 538 351 959 578 199 168 866 528 294 219 992 596 647 410 811 498 936 566 962 580
28 20 6753 607 388 840 514 710 444 563 364 833 510 489 324 642 407 798 491 930 563 640 406 397 274 279 211 844 516 667 421 586 377 259 200 889 540 842 515 862 525 830 508
29 20 6567 751 466 815 500 202 169 545 355 775 479 402 277 426 290 813 499 1000 600 698 437 878 534 466 312 504 332 813 499 795 489 545 354 756 469 944 570 288 216 719 449
30 20 5942 127 129 676 425 528 345 952 574 864 527 569 367 364 257 859 524 694 435 126 128 795 490 884 538 973 586 887 539 145 138 296 220 848 518 201 169 985 592 112 121
31 20 6275 329 238 622 396 744 462 877 534 512 336 334 241 501 331 483 321 495 327 333 240 996 598 828 507 741 460 811 498 844 516 649 411 709 443 572 369 793 489 378 264
32 20 6548 364 257 714 446 647 410 937 566 137 134 430 292 670 422 888 540 751 466 850 519 493 326 903 548 996 598 358 254 346 247 461 309 844 516 655 414 858 524 794 489
33 20 6955 821 504 894 543 964 581 469 314 246 193 888 540 599 384 404 278 717 448 905 549 425 290 535 349 758 469 982 590 780 481 430 293 755 468 769 475 711 444 858 524
34 20 6626 735 457 653 413 859 524 395 274 125 128 359 254 948 572 990 595 997 599 726 452 642 407 109 119 958 577 851 520 994 597 762 471 423 288 559 362 606 387 561 363
35 20 5463 275 209 891 541 694 435 905 549 773 478 736 457 675 425 924 559 597 383 543 353 878 534 220 179 545 355 122 126 337 242 312 229 502 332 214 176 123 127 661 417
36 20 7250 902 547 943 569 928 561 431 293 592 380 677 426 934 565 918 556 634 403 914 554 772 477 675 425 858 524 990 595 498 329 615 392 480 319 724 451 783 483 233 186
37 20 6447 971 585 595 382 865 527 484 321 483 321 624 397 961 579 315 230 874 532 441 298 997 599 949 573 83 105 899 546 762 472 747 464 815 500 267 204 352 250 411 282
38 20 7553 934 565 801 493 743 462 969 584 832 510 316 231 742 461 971 585 768 475 300 222 719 448 853 521 670 422 906 550 637 404 943 569 965 581 501 331 596 382 941 568
39 20 5890 394 273 763 472 470 314 149 141 210 174 965 581 642 407 242 191 754 467 857 523 810 498 935 565 403 278 155 144 824 505 539 351 487 323 569 367 905 549 708 442
40 20 6824 620 395 698 437 617 393 996 598 606 387 759 470 889 540 837 512 447 302 565 365 954 575 892 542 969 584 524 343 299 222 663 418 226 183 726 452 816 501 545 355
41 20 6469 402 277 563 364 387 269 400 276 700 438 611 390 558 361 824 505 846 517 955 576 451 304 461 309 790 487 951 574 866 528 723 451 317 231 730 454 747 463 656 414
42 20 7252 383 267 956 577 640 406 694 435 760 471 786 484 728 453 368 259 669 421 974 586 991 595 911 552 663 418 738 459 796 490 730 455 263 202 829 508 669 422 956 576
43 20 6700 494 327 789 486 367 259 784 484 939 567 865 527 578 372 665 419 964 581 308 227 928 561 822 504 779 481 503 332 270 206 204 171 778 480 754 467 694 435 915 554
44 20 7514 916 555 729 454 954 576 197 167 765 473 824 505 567 366 514 338 336 241 779 481 757 469 984 592 929 562 598 383 840 514 781 482 912 553 808 497 966 582 873 532
45 20 6527 967 583 957 577 676 425 857 523 325 236 982 591 597 383 658 416 643 407 505 333 719 448 873 532 866 528 589 378 817 501 155 144 767 474 677 426 256 198 168 151
46 20 6771 738 459 838 513 588 378 421 288 534 349 852 520 403 278 752 466 354 251 805 495 913 553 960 579 239 189 667 420 948 572 473 315 706 442 901 547 847 518 603 386
47 20 7286 859 524 802 493 826 506 901 547 330 238 937 566 895 544 534 348 598 383 750 465 883 537 962 579 186 161 733 456 425 290 570 368 928 561 699 437 884 538 871 531
48 20 7540 930 562 399 276 962 580 622 396 810 498 973 585 394 273 996 598 719 449 570 368 714 446 846 517 798 491 803 494 882 537 941 568 184 160 934 565 689 432 914 554
49 20 7259 747 464 941 568 799 492 225 182 836 512 665 419 769 475 958 578 595 382 421 288 998 599 412 283 263 203 784 483 997 599 933 564 588 378 894 543 878 534 815 500
50 20 7198 172 153 526 344 904 549 534 349 919 556 766 474 781 482 772 477 747 464 902 548 298 221 739 459 876 533 973 586 254 197 954 575 826 506 807 496 986 592 661 417
51 20 6470 612 391 949 572 190 163 870 530 802 493 852 520 614 392 620 395 500 330 610 389 749 465 724 451 819 503 694 435 1000 600 533 348 181 158 494 327 448 302 680 428
52 20 6197 234 186 486 323 556 360 801 493 758 470 920 557 894 543 834 511 759 470 826 506 332 239 318 232 883 537 732 455 651 412 154 143 503 332 656 415 284 214 813 499
53 20 6440 559 362 917 555 613 391 787 485 95 112 768 475 903 548 341 245 425 290 408 281 840 514 491 325 694 435 398 275 903 548 505 333 622 396 860 525 800 492 952 574
54 20 6816 743 461 110 119 939 567 236 188 753 467 965 582 365 257 630 401 943 570 766 474 887 539 639 405 536 349 754 468 689 432 843 515 210 174 858 524 849 519 918 556
55 20 6383 850 519 524 343 146 139 814 500 273 208 806 496 408 280 386 269 786 485 580 373 832 509 682 429 809 497 996 598 901 547 604 386 778 480 782 483 642 407 168 151
56 20 6926 603 386 887 539 866 528 945 571 344 246 817 501 595 381 939 567 642 407 929 562 234 187 837 512 574 370 931 563 90 109 855 522 421 288 805 495 644 408 894 543
57 20 6622 690 433 546 355 984 591 461 309 681 428 971 585 506 334 967 583 629 400 851 520 919 556 468 313 747 464 943 569 134 132 792 488 978 589 385 268 480 320 112 121
58 20 6186 554 359 299 222 669 422 957 577 682 428 345 247 313 229 999 600 782 483 831 509 454 305 370 260 540 352 845 517 846 517 554 359 344 246 408 281 666 420 914 554
59 20 6580 439 297 981 590 553 359 973 585 412 283 841 514 510 335 455 306 990 595 816 501 434 295 697 437 943 569 983 591 518 340 60 93 973 585 770 476 763 472 49 87
60 20 6686 391 271 690 433 644 408 281 212 767 475 879 535 631 401 798 491 539 352 978 588 399 275 580 373 781 482 958 578 494 327 666 420 799 492 799 492 489 324 810 498
61 20 6551 458 308 398 275 515 338 521 342 949 573 677 426 789 486 919 556 681 428 433 294 872 531 721 450 521 342 856 523 854 522 802 493 174 154 619 394 965 581 378 265
62 20 6893 924 559 721 450 751 466 551 358 911 552 266 204 489 324 707 442 225 182 961 579 658 416 968 583 912 553 602 386 415 284 961 579 957 577 492 326 993 597 323 235
63 20 7094 959 578 837 512 759 470 755 468 306 226 576 371 902 547 466 312 691 433 653 413 951 574 954 575 993 596 989 594 662 418 510 336 995 597 668 421 409 281 153 143
64 20 6293 146 139 47 86 953 575 222 180 479 319 935 565 617 393 744 462 104 116 985 592 322 234 631 401 286 215 891 541 676 425 963 580 809 497 919 556 965 581 892 542
65 20 6900 407 280 505 333 758 469 860 525 965 581 477 318 661 417 987 593 942 569 650 411 490 325 342 245 703 440 679 427 950 573 906 550 766 474 431 293 553 359 769 476
66 20 6846 821 504 993 596 52 88 389 270 909 551 836 511 968 583 524 343 682 429 895 544 277 210 575 371 852 520 268 205 370 260 952 574 541 352 946 571 902 547 940 568
67 20 6865 970 584 203 170 820 503 764 473 391 271 723 450 901 547 578 372 932 563 894 543 532 348 712 445 531 347 815 500 111 120 895 543 626 398 842 515 717 447 773 478
68 20 6075 622 396 841 514 966 582 369 259 873 531 946 571 684 430 171 152 412 283 620 395 276 210 620 395 560 363 970 584 331 239 381 266 729 454 488 324 766 474 525 344
69 20 7002 563 364 822 504 835 511 320 233 652 412 499 330 857 523 588 378 911 552 201 169 470 314 749 465 360 255 929 562 920 557 678 426 992 596 799 492 909 551 951 574
70 20 6773 492 326 302 223 837 512 888 539 890 541 878 534 69 97 501 331 524 343 979 589 963 580 939 567 871 530 881 536 456 306 719 449 392 272 891 541 763 472 312 228
71 20 5823 62 93 775 478 577 372 896 544 646 409 430 292 994 597 773 478 390 271 146 139 636 404 777 480 847 517 226 182 596 382 134 133 982 591 466 312 590 379 703 440
72 20 7064 738 459 629 400 958 577 795 489 542 353 732 455 717 447 782 482 999 600 441 298 840 514 941 569 572 369 688 432 163 148 355 252 827 507 772 477 868 529 769 475
73 20 6841 433 294 941 568 808 497 637 404 543 353 927 561 990 595 851 520 555 360 310 228 577 372 887 539 625 398 341 244 308 226 620 395 626 398 919 556 950 573 835 511
74 20 5972 713 445 488 324 571 369 271 207 600 384 557 361 657 415 986 593 500 330 979 589 735 457 279 211 666 420 496 328 138 135 549 357 540 352 817 502 686 431 717 447
75 20 6068 467 313 753 467 172 153 817 501 576 371 683 429 764 473 68 97 264 203 593 380 740 460 868 529 944 570 869 529 605 387 792 488 419 287 390 271 659 416 693 434
76 20 6881 776 479 248 194 854 521 670 422 93 110 790 487 947 572 479 319 976 587 828 507 710 443 891 541 436 296 949 572 756 469 498 329 451 304 894 543 568 367 949 573
77 20 5464 874 532 534 349 459 308 813 499 904 548 518 340 751 466 649 411 80 104 568 367 560 362 580 373 162 148 215 176 377 264 296 220 696 436 638 405 903 548 352 250
78 20 6359 754 468 182 158 687 431 764 473 669 421 126 128 541 352 990 595 833 510 238 189 961 579 802 493 889 540 543 353 840 514 386 269 599 384 120 125 879 535 916 555
79 20 5901 370 260 83 105 710 444 929 562 678 426 853 521 375 263 490 325 641 406 895 544 501 331 603 386 556 361 438 297 576 371 966 582 791 487 973 586 150 141 225 182
80 20 6146 668 421 853 521 282 213 941 568 491 325 338 243 760 471 547 356 348 248 475 317 269 205 862 526 951 574 373 261 597 382 896 544 778 480 410 282 556 361 898 545
81 20 7283 132 131 748 464 810 498 942 569 996 598 902 547 865 527 944 570 650 411 781 482 683 429 867 528 365 258 461 309 971 585 493 327 821 504 897 545 715 446 523 343
82 20 7699 903 548 701 439 924 559 414 284 792 488 501 331 844 516 896 544 873 532 782 482 920 557 791 487 756 469 784 483 780 481 931 563 888 540 729 454 997 599 193 164
83 20 6330 850 519 574 370 430 293 768 475 652 412 700 438 612 391 705 441 800 492 466 312 789 486 1000 600 221 179 275 208 958 578 662 417 917 555 335 241 795 489 151 142
84 20 6557 347 248 198 167 266 204 923 559 765 473 644 408 442 299 689 432 816 501 527 345 851 520 880 536 922 558 450 303 720 449 729 454 670 422 722 450 927 561 626 398
85 20 6516 254 197 928 561 480 319 710 444 919 556 866 528 871 530 387 269 960 578 800 492 919 556 312 229 629 400 831 509 168 151 626 398 323 235 1000 600 362 256 688 432
86 20 7634 823 504 917 556 969 584 721 450 770 476 637 404 890 541 797 491 686 431 319 232 771 476 900 546 847 517 667 420 589 378 850 519 760 471 566 366 935 565 854 521
87 20 6397 982 591 919 556 107 118 584 376 661 417 883 537 314 230 745 462 547 356 672 423 820 503 259 200 423 288 934 565 604 386 790 487 622 396 906 550 570 368 452 304
88 20 6563 764 473 701 439 894 543 608 388 978 588 608 388 595 382 638 405 674 424 698 437 351 250 1000 600 958 577 849 519 318 232 838 513 560 363 185 160 714 446 195 166
89 20 6255 782 483 698 437 745 462 197 166 844 516 546 355 773 478 644 408 850 519 708 443 564 365 302 223 192 164 537 350 915 554 945 571 564 365 151 142 558 361 996 598
90 20 6545 984 592 659 416 959 578 990 595 126 128 891 541 724 451 659 416 679 427 283 213 615 392 997 598 868 529 753 467 716 447 352 250 965 581 413 283 184 159 273 207
91 20 5843 989 594 798 491 221 179 177 156 500 330 148 140 673 424 92 110 747 464 547 355 938 567 520 341 946 571 143 138 761 471 591 380 483 321 899 546 884 537 629 400
92 20 6578 304 224 668 421 472 315 634 403 609 389 998 599 947 572 699 437 958 577 707 442 537 350 733 456 609 389 777 480 922 558 813 499 354 251 389 270 470 314 557 361
93 20 6051 373 262 412 283 440 298 652 412 234 187 576 371 581 374 644 408 976 587 971 585 749 465 497 329 922 558 462 310 115 122 663 418 690 433 390 271 782 482 973 586
94 20 6601 393 273 601 385 526 344 774 478 691 433 904 548 264 203 764 473 978 588 857 523 417 286 777 480 854 521 314 230 367 258 598 383 768 475 594 381 862 526 900 546
95 20 7492 802 493 855 522 703 440 919 557 824 505 670 422 905 549 610 390 787 485 711 444 862 526 799 492 766 474 552 359 666 420 873 531 673 424 493 326 933 564 581 374
96 20 6322 833 510 648 410 258 199 520 341 644 408 783 483 319 232 657 415 931 563 991 596 596 382 836 512 440 298 613 391 598 383 833 510 729 454 845 516 270 206 301 223
97 20 7292 666 420 788 486 741 461 758 470 584 376 615 392 413 283 939 567 381 266 813 499 816 501 778 480 437 296 825 506 710 443 735 457 958 578 968 583 828 508 831 509
98 20 6298 496 328 590 379 918 556 734 457 844 516 862 526 751 466 931 563 694 435 898 545 603 386 462 310 339 243 244 192 461 309 202 169 601 385 522 342 987 593 457 307
99 20 6014 80 104 276 209 540 352 902 547 908 550 858 524 919 556 422 288 618 394 583 375 644 408 458 307 396 274 714 446 688 432 997 599 571 368 376 263 609 389 470 314
100 20 7134 966 582 883 537 823 505 703 440 747 463 612 391 258 200 807 496 780 482 801 493 817 501 694 435 476 317 733 456 928 562 469 314 761 471 281 212 807 496 923 559
101 20 6644 671 423 353 251 944 570 898 545 492 326 476 317 893 543 739 459 652 412 518 340 941 568 422 288 458 308 334 241 789 486 805 495 948 572 715 447 573 370 667 420
102 20 7035 492 326 941 569 987 593 913 553 962 580 623 397 352 250 826 506 996 598 386 269 953 575 632 402 454 305 703 440 659 416 428 291 827 507 554 359 706 442 677 426
103 20 6371 560 363 466 312 737 458 725 452 961 579 603 386 457 307 857 523 235 187 854 521 840 514 803 494 465 312 100 114 837 512 654 413 801 493 400 276 883 537 505 333
104 20 7279 358 254 819 503 968 583 828 507 588 378 748 464 747 463 635 403 556 360 889 540 931 563 680 427 899 546 832 509 327 237 748 464 863 526 853 521 560 362 729 454
105 20 6394 800 492 757 469 944 570 682 428 609 389 556 361 548 356 62 94 977 588 963 580 184 160 830 508 268 205 612 391 797 491 449 303 258 199 813 499 779 481 900 546
106 20 5969 553 359 930 562 33 78 499 330 691 433 612 391 939 567 344 246 586 377 413 283 817 501 653 413 951 574 453 305 16 69 296 220 718 448 958 577 789 486 687 431
107 20 6847 234 186 458 307 922 558 942 569 555 360 838 513 569 367 897 544 64 95 536 350 594 381 978 588 555 360 849 519 918 556 991 595 666 420 604 387 841 515 684 430
108 20 6547 463 310 418 286 143 137 690 433 869 530 376 263 888 540 627 399 341 244 971 585 933 564 981 590 921 558 626 398 529 346 900 546 617 393 803 494 335 241 663 418
109 20 5115 518 340 396 274 439 297 357 253 515 339 373 262 503 332 188 162 29 76 403 278 975 587 388 270 738 459 628 400 773 478 438 297 879 535 430 293 995 598 265 203
110 20 7131 900 546 840 514 580 373 411 282 688 432 874 532 783 483 455 306 856 522 252 196 713 445 614 392 886 539 565 365 916 555 657 415 806 496 692 434 811 498 963 580
111 20 6642 430 293 715 446 599 384 829 508 492 326 809 497 805 495 511 336 687 431 711 444 591 379 438 297 648 410 867 528 517 339 431 293 496 328 819 502 931 563 958 577
112 20 7159 723 451 984 592 642 407 516 339 758 470 714 446 518 340 793 488 917 555 645 408 792 488 681 428 994 597 816 501 247 194 348 248 912 553 905 549 901 547 512 337
113 20 7474 728 453 915 554 904 548 671 423 431 293 766 474 763 472 641 406 985 592 995 598 502 331 975 587 840 514 724 451 832 510 575 371 502 331 574 370 983 591 643 407
114 20 6395 974 586 793 489 346 247 832 509 414 284 842 515 626 398 617 394 534 348 312 229 855 522 657 415 805 495 343 245 849 519 345 247 298 221 994 597 575 371 779 481
115 20 6521 996 598 226 182 963 580 228 184 617 394 803 494 804 494 981 590 501 331 500 330 603 386 492 326 114 122 322 234 881 536 875 532 900 546 533 348 828 507 875 533
116 20 6578 492 326 748 464 840 514 593 380 500 330 718 448 260 201 380 265 971 584 631 401 569 368 185 160 742 461 732 456 741 460 389 270 793 488 957 577 998 599 918 556
117 20 7283 879 535 319 233 853 521 695 436 665 419 714 446 657 415 861 525 635 403 410 282 911 552 864 527 936 566 796 490 864 527 992 596 756 468 924 559 146 139 689 432
118 20 6595 976 587 527 345 412 283 517 339 413 283 991 595 761 471 609 389 961 579 790 487 626 398 747 464 597 383 127 129 965 581 709 443 529 346 642 407 617 394 675 425
119 20 6183 860 525 434 295 561 363 955 576 634 403 723 451 868 529 704 440 257 199 972 585 525 344 595 382 781 482 800 492 74 100 82 104 276 209 614 392 721 449 930 562
120 20 6851 349 248 615 393 989 594 874 532 980 589 640 406 905 549 670 422 937 566 514 338 789 486 378 265 933 564 733 456 641 407 485 322 554 359 126 128 772 477 818 502
121 20 6840 663 418 795 489 394 273 834 510 826 506 938 567 844 516 944 570 592 380 334 240 508 335 803 494 856 523 362 256 985 592 425 290 776 479 411 282 642 407 748 464
122 20 6689 994 597 676 425 927 561 898 545 216 177 338 243 995 597 720 449 719 449 764 473 861 525 746 463 937 566 232 185 669 422 720 449 390 271 772 477 312 229 493 327
123 20 6234 298 221 732 456 996 598 379 265 609 389 547 356 638 405 912 553 995 598 750 465 532 347 189 162 910 552 782 483 610 390 170 152 696 436 343 246 653 413 727 453
124 20 7235 960 578 982 591 474 316 788 486 935 565 687 431 518 340 974 586 482 321 509 335 984 592 823 505 707 442 845 517 442 299 419 286 816 501 539 351 977 588 610 389
125 20 6302 882 536 995 597 47 86 569 367 197 167 505 333 505 333 925 560 446 301 743 461 975 586 942 569 563 364 828 507 179 157 280 211 411 282 947 572 943 570 723 451
126 20 7269 721 450 942 569 875 533 401 277 739 459 824 505 774 478 896 544 563 364 338 243 804 494 868 529 701 439 806 496 912 553 436 296 963 580 288 216 712 445 976 587
127 20 7692 971 585 822 504 409 281 667 420 924 559 594 381 696 436 770 476 906 549 668 421 580 374 776 479 868 529 848 518 870 530 863 527 671 423 903 548 921 558 658 416
128 20 6964 646 409 819 503 967 582 475 317 902 547 147 140 834 511 772 477 886 539 346 247 986 593 541 352 431 293 774 478 785 484 975 587 776 479 813 499 641 406 413 283
129 20 6284 52 88 845 517 721 449 983 591 635 403 926 560 378 265 415 284 402 277 812 499 567 367 649 411 988 594 920 557 408 281 894 543 339 243 797 490 663 418 175 155
130 20 5710 666 420 375 263 518 340 689 432 485 322 954 575 221 179 960 579 456 306 188 162 512 337 676 425 359 254 84 105 750 465 765 474 434 295 744 462 966 582 619 394
131 20 6318 687 431 229 184 540 352 917 555 777 480 674 424 615 392 594 381 786 485 762 472 939 567 519 341 620 395 834 511 105 117 658 415 647 409 783 483 108 119 843 515
132 20 6677 64 95 531 347 854 521 558 362 814 500 190 163 971 584 966 582 971 585 914 554 528 346 394 273 964 581 469 314 979 589 392 272 347 247 898 545 588 378 963 580
133 20 5764 471 315 774 478 571 369 411 282 249 195 512 337 192 164 375 263 993 597 399 276 907 550 748 464 860 525 228 184 979 589 87 107 782 482 828 507 578 372 585 376
134 20 7028 571 369 669 422 825 506 267 204 898 545 972 585 452 304 573 370 785 484 815 500 547 356 983 591 785 484 873 531 978 589 539 351 867 528 544 354 179 157 934 565
135 20 6933 962 580 997 599 639 405 646 409 910 551 481 320 801 493 891 542 670 422 701 439 568 367 832 510 452 304 706 441 538 351 576 371 851 520 757 469 358 254 531 347
136 20 6798 892 542 868 529 713 445 908 550 355 252 865 527 557 361 806 496 742 461 971 585 541 353 648 410 690 433 792 488 587 377 610 390 655 414 211 174 556 361 629 400
137 20 7079 962 580 792 488 873 532 529 346 360 255 105 117 657 415 801 493 986 593 886 539 818 502 853 521 801 493 391 271 932 564 583 375 968 583 799 492 295 220 768 475
138 20 7015 982 591 773 478 866 528 248 194 560 363 792 488 796 490 691 433 416 285 644 408 856 522 574 370 823 505 613 391 973 586 515 338 525 344 591 379 915 554 877 534
139 20 6761 760 471 944 570 925 560 697 437 330 239 733 456 980 589 151 142 752 466 722 450 445 301 936 566 394 273 708 443 546 355 766 474 909 551 495 327 485 322 845 517
140 20 7101 835 511 920 557 958 578 844 516 667 420 850 519 762 472 745 462 430 293 834 510 675 424 880 535 919 557 647 409 64 95 941 569 450 303 633 402 827 507 322 234
141 20 6719 885 538 573 370 462 310 185 160 994 597 966 582 638 405 898 545 851 520 454 305 951 574 797 491 182 159 127 129 496 328 905 549 845 517 817 502 958 578 454 306
142 20 6637 934 564 972 585 200 168 881 536 971 584 250 195 303 224 328 237 920 557 790 487 28 75 762 472 814 500 524 343 361 255 911 552 730 454 827 507 805 495 963 580
143 20 6652 429 292 785 484 361 255 482 321 795 489 292 218 967 583 990 595 930 562 982 591 926 560 212 175 977 588 727 453 668 421 390 271 950 573 524 343 95 111 822 504
144 20 6977 759 470 977 588 955 576 603 386 794 489 909 551 791 487 651 412 654 414 907 550 850 519 711 444 761 471 921 558 892 542 518 340 26 75 88 108 255 198 932 563
145 20 5808 811 498 579 373 686 431 470 314 862 526 969 584 523 342 296 220 869 529 945 571 739 459 485 322 408 280 379 265 570 368 155 144 185 160 582 374 504 332 600 384
146 20 6984 705 441 573 370 227 183 225 182 999 600 261 201 924 559 727 453 663 418 773 478 767 474 855 522 897 545 867 528 646 409 739 459 964 581 664 419 612 391 881 536
147 20 6004 366 258 218 178 691 433 800 492 911 552 503 332 423 288 966 582 912 552 740 460 548 356 306 226 477 318 689 432 833 510 866 528 450 303 201 169 477 318 632 401
148 20 6644 613 391 360 255 991 595 936 566 355 252 887 539 556 361 792 488 497 328 964 581 618 394 940 568 275 209 891 541 717 447 653 413 822 504 443 300 595 382 384 268
149 20 6598 845 516 880 536 773 477 985 592 902 547 473 316 447 302 459 308 849 519 755 468 425 289 959 578 238 189 327 237 338 243 790 487 839 513 901 547 766 474 245 193
150 20 6320 928 561 842 515 410 282 582 375 448 302 952 574 642 407 811 498 794 489 478 318 671 422 143 137 368 259 382 267 539 351 738 459 861 525 489 324 877 534 685 430
151 20 7147 166 150 973 586 787 485 631 401 909 551 921 558 766 474 588 378 882 536 709 443 997 599 532 348 430 292 620 395 993 597 412 283 719 449 702 439 703 440 854 521
152 20 6453 399 276 346 247 438 297 891 541 555 360 698 437 773 477 973 586 501 331 415 284 453 305 943 569 721 449 835 511 695 436 667 420 492 326 355 252 977 588 780 482
153 20 6375 443 300 432 294 647 410 763 472 471 315 313 229 859 524 675 425 727 453 210 174 744 462 430 292 987 593 514 338 778 480 924 559 736 458 143 137 993 596 962 580
154 20 6247 639 405 354 251 877 534 571 369 765 473 727 453 958 578 612 391 238 189 836 512 713 446 634 402 506 333 148 140 785 484 391 271 483 321 998 599 913 553 347 247
155 20 6724 985 592 842 515 843 515 996 598 933 564 815 501 429 292 239 189 926 560 282 213 512 337 445 301 422 288 982 590 329 238 408 281 563 364 566 366 968 583 964 581
156 20 6535 284 214 804 495 676 425 951 574 550 357 960 579 502 331 957 577 599 384 615 393 936 566 605 387 599 383 534 349 186 160 888 540 528 345 925 560 836 512 136 134
157 20 6591 839 514 962 580 945 571 719 448 753 467 702 439 168 151 982 591 610 390 524 343 506 333 870 530 304 224 705 441 792 488 479 319 724 451 705 441 819 502 74 100
158 20 6795 529 346 589 378 797 490 833 510 718 448 577 372 719 449 739 459 395 274 873 532 818 502 722 450 500 330 814 500 167 151 268 205 953 575 922 558 952 574 705 441
159 20 6316 510 336 991 596 493 327 652 412 570 368 956 576 271 206 450 303 462 310 573 370 926 560 775 479 819 503 799 492 893 543 340 244 328 237 445 300 797 491 582 374
160 20 5893 211 174 273 208 573 370 969 584 806 496 705 441 854 521 337 242 282 213 480 320 477 318 749 465 713 445 523 342 810 497 404 279 941 569 895 544 261 201 524 343
161 20 6956 914 554 791 487 241 190 970 584 473 316 974 586 839 513 553 359 845 517 407 280 385 268 903 548 635 403 650 411 840 514 983 591 416 285 920 557 287 215 886 539
162 20 6456 939 567 956 577 206 172 518 340 201 169 617 393 849 519 829 508 328 238 318 232 871 531 708 443 756 468 351 250 778 480 875 533 740 460 756 469 464 311 853 521
163 20 6432 501 331 774 478 831 509 725 452 460 309 299 222 529 346 995 597 240 190 301 223 818 502 100 114 817 502 909 551 941 569 770 476 498 329 784 483 572 369 1000 600
164 20 6452 996 598 264 203 439 297 533 348 436 296 775 479 282 212 617 393 806 495 845 517 403 278 932 563 443 300 527 345 944 570 378 265 621 395 984 592 789 486 891 541
165 20 7251 866 528 886 539 974 586 311 228 618 394 979 589 929 562 992 596 985 592 659 416 951 574 244 192 461 309 437 296 634 403 736 457 774 478 981 590 712 445 374 262
166 20 6427 284 214 576 371 728 454 738 459 585 376 507 334 902 547 444 300 412 283 945 571 254 198 428 292 941 568 877 534 862 525 545 355 828 507 453 305 939 567 606 388
167 20 7027 944 570 972 585 909 551 822 504 545 355 806 495 974 586 925 560 511 336 358 253 582 374 572 369 432 293 875 533 851 520 716 447 988 594 845 516 280 212 148 140
168 20 6430 625 398 570 368 275 209 929 562 590 379 799 492 213 175 950 573 909 551 843 515 955 576 581 374 357 253 235 187 771 477 763 472 831 509 678 426 687 431 300 222
169 20 6574 792 488 748 464 612 391 881 536 685 430 416 285 660 417 980 589 625 398 339 243 765 473 808 497 627 399 384 268 510 335 554 360 407 280 754 468 865 528 736 458
170 20 6877 946 571 920 557 827 507 468 313 846 517 622 396 993 596 498 329 518 340 44 84 399 276 762 472 923 559 989 594 390 271 854 522 352 250 680 428 996 598 727 453
171 20 6601 769 475 977 588 894 543 646 409 955 576 861 525 164 149 694 435 232 186 238 189 640 406 670 422 777 480 633 402 534 348 768 475 966 582 572 369 542 353 671 423
172 20 6199 873 532 636 404 901 547 908 550 147 140 515 338 251 196 947 572 489 324 927 561 963 580 369 260 760 471 906 549 443 300 307 226 169 151 473 316 510 336 904 548
173 20 6950 207 172 599 384 489 324 898 545 830 508 876 533 838 513 701 439 603 386 923 559 765 473 452 304 533 348 419 287 640 406 977 588 342 245 1000 600 993 597 816 501
174 20 6376 472 315 872 531 698 437 570 368 891 541 868 529 281 212 549 357 809 497 845 517 323 234 494 327 596 382 358 254 613 392 825 506 990 595 723 451 264 203 712 445
175 20 6278 968 583 858 523 389 270 475 317 958 578 610 390 257 199 482 321 863 526 901 547 828 507 486 322 121 125 824 505 619 394 850 519 602 385 496 328 745 463 225 182
176 20 6972 796 490 679 427 819 502 991 596 642 407 339 243 143 137 601 385 754 467 910 552 458 307 897 545 791 488 826 506 912 553 742 461 765 473 751 466 286 214 842 515
177 20 6897 708 443 302 223 936 565 981 590 993 596 305 225 542 353 581 374 409 281 638 405 680 427 917 555 739 459 790 487 917 555 713 446 698 437 810 497 338 243 798 491
178 20 6410 730 454 698 437 925 560 371 261 939 567 373 262 478 318 160 147 784 484 896 544 957 577 900 546 261 201 965 581 586 377 842 515 414 284 628 399 376 263 537 350
179 20 7421 991 596 675 425 976 587 987 593 458 307 422 288 682 429 992 596 473 316 415 284 769 475 946 571 963 580 936 565 454 305 949 573 748 464 812 498 940 568 255 198
180 20 6536 535 349 573 370 518 340 394 273 748 464 851 520 744 462 870 530 773 478 752 467 963 580 135 133 760 471 796 490 499 329 849 519 935 565 553 359 53 89 771 477
181 20 6195 526 344 416 285 613 391 279 211 541 353 943 570 990 595 686 431 317 231 930 562 838 512 971 584 628 399 710 444 782 482 425 290 664 419 192 164 260 201 679 427
182 20 6709 370 260 331 239 415 284 863 526 344 246 748 464 852 520 520 341 711 444 648 410 272 207 851 520 710 443 934 565 699 438 926 560 778 481 554 359 993 597 900 546
183 20 6708 958 577 634 403 337 242 795 490 806 496 753 467 853 521 496 328 249 195 736 458 483 321 267 204 729 454 853 521 630 401 970 584 780 481 711 444 799 492 578 373
184 20 7138 674 424 894 543 359 254 924 559 874 532 308 226 674 424 738 459 907 550 999 600 607 388 663 418 518 340 733 456 991 596 752 467 643 407 467 312 719 449 833 510
185 20 5618 456 306 558 362 111 120 559 362 607 388 504 332 819 503 453 305 607 388 619 395 444 300 846 517 394 273 996 598 706 442 503 332 334 240 377 264 862 526 482 320
186 20 6250 944 570 953 575 897 545 855 522 224 181 358 254 460 308 572 369 846 517 182 158 847 517 404 278 644 408 171 153 916 555 996 598 503 332 452 304 589 378 687 431
187 20 6496 403 278 860 525 137 134 456 306 918 556 989 594 569 367 591 380 558 362 958 577 717 448 714 446 1000 600 317 232 942 569 489 325 679 427 311 228 574 370 810 498
188 20 6343 973 586 914 554 274 208 921 558 644 408 977 588 676 425 497 329 625 398 873 531 863 526 950 573 838 513 205 171 310 227 570 368 306 225 173 154 175 154 922 558
189 20 6482 823 505 839 513 692 434 529 346 236 187 299 222 840 514 257 199 514 338 765 473 858 524 649 411 828 508 778 480 605 387 751 466 408 280 592 380 751 466 950 573
190 20 6535 951 574 561 363 774 478 531 347 916 555 905 549 975 587 611 390 508 335 387 269 557 361 507 334 957 577 999 600 288 216 576 371 467 313 638 405 784 483 179 157
191 20 6864 528 345 798 491 457 307 847 518 453 305 810 498 864 527 570 368 658 415 770 476 643 407 467 312 760 470 409 281 929 562 451 304 884 538 965 581 713 445 752 466
192 20 6073 509 335 821 503 977 588 799 492 186 161 504 333 455 306 875 533 976 587 453 305 39 81 714 446 481 320 526 345 847 517 819 502 528 345 603 386 754 468 281 212
193 20 5637 67 97 493 326 277 210 612 391 297 221 586 377 266 204 960 578 673 424 804 494 869 529 424 289 589 378 876 533 504 332 697 437 774 478 849 519 181 158 477 318
194 20 7050 607 388 368 259 640 406 802 493 647 409 922 558 750 465 611 390 947 571 426 290 672 423 758 470 956 576 962 580 960 579 679 427 896 544 334 241 979 589 185 160
195 20 6550 810 498 550 357 665 420 491 325 450 303 551 358 482 320 749 465 963 580 520 341 510 336 348 248 669 422 860 525 592 380 836 512 875 533 941 568 927 561 312 229
196 20 6968 883 537 630 400 871 531 760 470 735 457 986 593 805 495 438 297 897 545 683 429 363 256 870 530 129 130 757 469 712 445 686 430 713 445 478 318 629 400 912 553
197 20 7462 716 447 333 240 904 549 727 453 619 395 800 492 864 527 663 418 888 540 806 496 900 546 321 234 640 406 925 560 973 586 777 480 861 525 441 298 972 585 794 489
198 20 6481 932 564 860 525 874 532 641 407 479 319 751 466 302 223 790 487 363 256 892 542 540 352 542 353 546 355 690 433 994 597 725 452 369 259 688 432 277 210 708 442
199 20 6705 257 199 193 164 633 402 911 552 831 509 711 444 791 487 766 474 999 600 902 547 834 510 211 174 457 307 497 328 589 378 486 322 704 440 947 572 791 487 901 547
200 20 6613 976 587 453 305 767 474 753 467 910 551 932 564 835 511 302 224 820 503 460 309 511 336 847 518 994 597 274 208 186 161 382 267 896 544 666 420 856 522 407 280
201 20 6678 602 386 658 416 582 374 858 523 898 545 680 427 883 537 972 585 331 239 435 295 725 452 595 382 710 444 963 580 737 458 479 319 597 383 463 310 637 404 552 358
202 20 6639 983 591 427 291 673 424 763 472 853 521 995 597 702 439 185 160 920 557 903 548 706 441 506 334 445 301 464 311 494 327 495 328 780 481 960 578 588 378 436 296
203 20 7730 210 174 984 591 709 443 777 480 805 495 886 539 906 550 972 585 573 370 791 487 604 387 703 440 493 326 822 504 719 449 953 575 693 434 994 597 955 576 911 552
204 20 7332 715 446 836 512 856 522 972 585 952 574 859 524 337 242 869 530 704 440 592 380 724 451 345 247 733 456 902 547 831 509 730 455 754 467 948 572 294 219 711 444
205 20 6009 268 205 249 195 972 585 925 560 702 440 951 574 782 483 424 289 969 584 441 298 479 319 642 407 534 349 657 415 422 288 541 352 465 311 261 201 948 572 386 268
206 20 5512 842 515 488 324 514 338 803 494 659 416 665 419 708 443 115 123 777 480 224 181 210 174 300 222 86 107 814 500 122 126 760 470 901 547 902 547 458 308 676 425
207 20 6394 996 598 843 515 984 591 469 314 787 485 964 581 414 284 755 468 275 209 665 419 875 533 797 491 186 161 660 417 980 589 162 148 696 436 277 210 414 284 590 379
208 20 6370 380 266 840 514 982 590 791 488 600 384 211 174 434 295 727 453 549 357 553 359 466 312 974 586 94 111 955 576 330 239 894 543 866 528 677 426 480 319 938 567
209 20 6217 613 391 701 439 491 325 729 454 408 281 696 436 749 465 834 511 961 579 869 529 722 450 574 370 674 424 277 210 466 312 96 112 816 501 870 530 540 352 349 249
210 20 6306 909 551 689 432 764 473 752 466 451 304 707 442 589 378 346 247 867 528 541 352 400 276 703 440 180 157 855 522 608 389 769 476 643 407 483 321 934 565 423 289
211 20 6301 661 417 367 259 811 498 227 183 388 270 747 464 903 548 948 572 739 459 961 579 569 367 974 586 359 254 911 552 571 369 497 328 320 233 243 191 724 451 682 428
212 20 6793 882 537 910 552 617 393 512 337 568 367 898 545 584 376 954 576 594 381 909 551 959 578 924 559 562 363 687 431 129 130 411 282 622 396 525 344 832 509 507 334
213 20 6129 960 579 875 533 256 198 642 407 617 394 391 272 346 247 944 570 426 290 240 190 687 431 237 188 685 430 497 329 922 558 653 413 462 310 662 417 824 505 932 564
214 20 5861 806 496 150 141 470 314 757 469 797 491 622 396 912 553 250 195 684 429 211 174 384 267 66 96 753 467 527 345 977 588 917 556 208 173 925 560 323 235 983 591
215 20 6310 914 554 81 104 193 164 477 318 964 581 892 542 782 483 709 443 992 596 802 493 768 475 286 214 722 450 270 206 568 367 611 390 864 527 643 407 702 439 380 265
216 20 6574 507 334 165 149 353 251 859 524 665 419 301 223 801 493 727 453 795 489 950 573 734 457 736 458 551 358 688 432 954 575 695 435 713 445 667 421 926 560 362 256
217 20 6630 645 409 998 599 721 450 760 471 827 507 748 464 805 495 459 308 819 502 865 527 309 227 560 363 695 436 639 405 400 276 533 348 117 124 830 509 636 403 894 543
218 20 7081 763 472 987 593 348 248 871 531 655 414 861 525 519 340 917 555 632 402 610 390 845 516 726 452 641 406 366 258 509 335 800 492 824 505 979 589 755 468 554 359
219 20 7363 524 343 312 229 862 525 990 595 542 353 544 354 923 559 584 376 893 542 728 453 931 563 977 588 665 419 874 532 978 588 648 410 560 363 572 369 810 498 810 498
220 20 5944 344 246 769 476 660 417 583 375 453 305 438 297 495 327 118 124 412 283 780 482 546 355 901 547 771 477 849 519 795 489 504 332 934 565 136 133 637 404 763 472
221 20 6856 859 524 648 410 972 585 558 362 561 363 890 541 692 434 997 599 613 391 354 251 759 470 638 405 649 411 968 583 189 162 980 589 357 253 443 299 801 493 784 484
222 20 5898 712 445 875 533 972 585 629 400 396 274 420 287 446 301 425 290 669 422 100 114 790 487 739 459 150 141 730 455 728 453 298 221 614 392 453 305 688 432 963 580
223 20 6553 465 311 816 501 974 586 193 164 599 384 745 463 646 409 961 579 535 349 387 269 352 250 948 572 350 249 945 571 815 500 961 579 695 436 824 505 359 254 537 350
224 20 6612 845 516 634 402 221 180 846 517 476 317 733 456 875 533 591 379 662 418 427 291 404 278 943 570 590 379 760 471 993 596 508 334 810 498 530 347 647 410 730 454
225 20 5329 744 462 843 516 585 376 960 579 199 168 241 190 381 266 799 492 521 342 548 356 222 180 631 401 438 297 539 351 659 416 183 159 318 232 715 446 483 321 649 411
226 20 7630 395 273 779 481 798 491 702 439 694 435 761 471 919 557 682 428 344 246 981 590 812 498 620 395 943 570 965 581 661 417 900 546 971 585 693 434 857 523 784 484
227 20 6638 209 173 630 401 506 334 796 490 390 271 305 225 629 400 975 587 907 550 460 309 596 382 837 512 804 494 993 596 637 404 676 425 764 473 908 551 1000 600 254 198
228 20 6432 644 408 399 276 783 483 763 472 403 278 751 466 292 218 796 490 824 505 569 367 354 251 835 511 888 540 827 507 581 374 271 206 939 568 399 276 632 401 915 554
229 20 6911 744 462 267 204 330 239 641 406 421 287 846 517 571 369 959 578 797 491 919 556 718 448 964 581 726 452 931 563 745 462 491 326 926 560 196 166 745 463 885 538
230 20 7022 435 295 860 525 782 483 404 278 685 430 551 358 975 586 854 522 550 357 789 486 936 565 862 526 743 461 930 562 536 350 877 534 669 422 558 361 858 523 191 163
231 20 6963 427 291 944 570 983 591 984 592 978 588 770 476 370 260 141 136 667 420 683 429 877 534 869 530 970 584 828 508 283 213 387 269 223 180 956 577 893 543 693 434
232 20 6838 675 425 889 540 861 525 917 555 777 480 549 357 792 488 313 229 784 484 828 507 566 366 180 157 85 106 656 415 954 576 323 234 879 535 762 471 964 581 922 558
233 20 6038 881 536 125 128 517 339 69 98 462 310 415 284 783 483 689 432 229 184 890 541 496 328 679 427 973 586 659 416 975 587 756 469 902 547 291 217 387 269 898 545
234 20 6674 751 466 728 454 495 327 820 503 475 317 571 368 797 491 999 600 894 543 937 566 394 273 786 485 506 333 535 349 786 485 467 312 785 484 853 521 149 141 620 395
235 20 7236 787 485 676 425 257 199 763 473 964 581 563 364 645 409 921 557 855 522 845 516 793 488 753 467 538 351 868 529 489 324 872 531 678 426 758 470 712 445 735 457
236 20 6851 750 465 911 552 617 393 986 593 1000 600 578 372 817 501 157 145 891 541 460 309 384 268 903 548 968 583 777 480 702 439 807 496 987 593 258 200 117 124 633 402
237 20 6835 847 518 849 519 299 222 777 480 948 572 920 557 158 145 134 132 899 546 247 193 992 596 575 371 804 495 807 496 373 261 630 400 933 564 654 413 860 525 965 581
238 20 6019 770 476 568 367 725 452 928 561 160 147 639 405 925 560 917 555 684 429 242 191 102 115 416 285 606 388 968 583 624 397 906 549 234 186 284 214 457 307 884 537
239 20 6740 364 257 845 517 209 173 618 394 910 552 727 453 974 586 316 231 766 474 967 582 521 341 940 568 341 244 946 571 791 487 413 283 934 565 789 486 690 433 420 287
240 20 7355 803 494 413 283 813 499 603 386 908 550 883 537 628 399 779 481 691 433 974 586 956 577 539 352 725 452 921 558 983 591 470 314 652 412 356 253 786 485 827 507
241 20 6403 617 394 585 376 428 291 824 505 165 150 769 475 285 214 761 471 811 498 757 469 734 457 567 366 685 430 689 432 288 216 987 593 812 498 750 465 643 407 650 411
242 20 7540 974 586 839 513 475 317 822 504 957 577 667 420 279 211 637 404 979 589 883 537 903 548 800 492 401 277 440 298 857 523 907 550 768 475 808 497 768 475 916 555
243 20 6499 810 498 816 501 852 520 660 417 654 413 849 519 500 330 837 512 380 266 669 422 718 448 679 427 226 182 634 403 91 109 559 362 506 333 979 589 812 499 768 475
244 20 6356 289 216 327 237 691 433 688 432 780 481 626 398 453 305 844 516 770 476 731 455 792 488 463 310 785 484 507 334 570 368 696 436 849 518 301 223 583 375 967 582
245 20 5904 902 547 349 249 304 224 382 266 439 297 270 206 843 515 640 406 603 386 548 356 770 476 938 567 931 563 461 309 872 531 584 376 439 297 893 542 234 187 407 280
246 20 7058 479 319 674 424 932 564 256 198 983 591 995 598 945 570 343 246 965 582 289 216 236 188 708 443 939 567 607 388 914 554 338 243 865 527 928 561 868 529 853 521
247 20 6775 991 595 792 488 792 488 654 413 757 469 894 543 879 535 785 484 67 96 388 270 969 583 723 451 633 402 851 520 899 546 875 533 154 144 211 174 777 480 459 308
248 20 6198 215 177 689 433 670 422 767 474 419 286 655 414 930 562 952 574 641 407 796 490 376 263 715 446 543 353 561 363 460 309 546 355 327 237 846 517 587 377 702 439
249 20 6140 320 233 652 412 981 590 893 543 106 117 610 390 848 518 576 371 695 436 447 301 625 398 296 220 848 518 747 464 540 352 687 431 413 283 703 440 921 557 373 262
250 20 7591 537 350 898 545 238 189 599 384 639 405 805 495 925 560 557 361 859 524 847 518 912 553 647 410 703 440 778 481 978 588 968 583 979 589 920 557 726 452 668 421
251 20 7759 848 518 883 537 999 600 475 316 960 579 895 543 938 567 549 357 974 586 820 503 705 441 760 471 967 583 763 472 426 290 731 455 718 448 773 478 912 553 422 288
252 20 7297 798 491 269 206 977 588 264 203 736 458 502 332 996 598 732 456 963 580 762 472 525 344 637 404 381 266 754 468 756 469 957 577 985 592 909 551 798 491 893 543
253 20 6925 603 386 559 362 985 592 645 409 307 226 815 501 624 397 911 552 732 456 527 345 761 471 487 323 450 303 658 416 556 360 900 546 857 523 905 549 712 444 857 523
254 20 6832 994 597 760 471 505 333 499 330 707 442 700 438 179 157 758 469 670 422 615 392 444 300 988 594 632 401 462 310 521 342 910 552 729 454 902 547 771 477 918 556
255 20 6309 870 530 260 201 807 496 323 235 555 360 404 279 768 475 52 88 701 439 552 358 684 430 717 448 222 180 992 596 917 556 865 527 997 598 824 505 763 472 346 247
256 20 6613 131 131 847 518 659 416 702 439 394 273 927 561 833 510 725 452 896 544 408 280 545 355 702 439 819 502 522 342 275 209 810 498 537 350 773 477 791 487 931 563
257 20 7172 583 375 664 419 750 465 930 562 329 238 881 536 654 413 944 570 261 201 674 424 790 487 929 562 917 555 576 371 433 294 850 519 784 484 895 543 534 349 966 582
258 20 5821 216 177 920 557 551 358 624 397 466 312 589 378 290 217 497 329 861 525 314 230 809 497 954 576 445 300 455 306 249 195 785 484 936 566 543 353 469 314 670 422
259 20 5635 143 137 646 409 429 292 439 298 936 566 799 492 559 362 169 152 602 385 89 108 651 412 473 316 383 267 540 352 832 510 651 412 928 561 203 170 848 518 951 574
260 20 6723 946 571 999 600 700 438 865 528 428 291 771 476 777 480 712 445 567 367 556 360 734 457 391 271 650 411 473 316 899 546 587 377 526 344 296 220 828 507 741 460
261 20 6499 642 407 512 337 727 453 414 284 718 448 885 538 353 251 907 550 755 468 903 548 944 570 379 265 531 347 159 146 596 382 803 494 320 233 908 551 707 442 835 511
262 20 6871 17 70 615 392 684 430 628 399 429 292 878 534 680 427 652 413 633 402 437 296 950 573 581 374 794 489 981 590 910 552 535 349 899 546 836 511 983 591 621 395
263 20 5804 873 532 273 208 382 267 874 532 244 192 461 309 587 377 306 225 568 367 974 586 719 448 687 431 902 547 443 299 306 225 354 252 813 499 939 567 222 180 682 428
264 20 5438 660 417 935 565 669 422 210 174 700 438 319 232 843 516 178 156 761 471 242 191 848 518 323 235 847 517 370 260 941 568 415 285 684 430 175 155 299 222 457 307
265 20 6372 543 353 566 366 453 305 967 582 843 516 481 320 854 521 623 397 404 278 971 585 346 247 962 580 601 385 724 451 301 223 481 320 196 166 855 522 760 471 814 500
266 20 6368 485 322 578 372 763 472 135 133 925 560 536 350 528 345 859 524 932 564 99 114 924 559 701 439 784 484 375 263 911 552 561 363 401 277 698 437 880 535 662 418
267 20 7233 879 535 787 485 755 468 816 501 110 119 999 599 903 548 970 584 157 145 718 448 735 457 777 480 856 523 962 580 242 191 883 537 712 445 745 462 662 418 798 491
268 20 6127 771 477 438 297 742 461 975 587 910 552 442 299 321 234 62 93 673 424 910 552 579 373 744 462 810 498 843 515 353 251 281 212 939 567 785 484 456 306 220 179
269 20 6284 957 577 311 228 906 550 951 574 875 533 735 457 664 419 762 472 777 480 536 349 561 363 697 437 163 148 555 360 795 489 920 557 300 222 370 260 252 197 481 320
270 20 6784 707 442 905 549 745 462 884 538 890 541 351 250 995 597 864 527 376 263 272 207 471 315 782 482 567 366 631 401 475 317 966 582 707 442 756 468 547 356 678 426
271 20 7043 762 471 786 485 700 438 674 424 610 390 898 545 914 554 654 413 715 446 657 415 768 475 889 540 567 367 710 444 332 240 789 486 984 592 557 361 174 154 946 571
272 20 6268 417 285 971 584 665 419 712 445 733 456 998 599 791 487 435 295 96 112 427 291 119 124 536 350 894 543 437 296 850 519 430 293 940 568 787 485 481 320 817 502
273 20 6491 665 419 985 592 660 417 873 532 416 285 379 265 715 446 611 390 151 142 980 590 819 503 200 168 568 367 480 320 973 586 910 552 919 557 359 254 891 541 428 291
274 20 6290 712 445 806 496 733 456 756 468 314 230 701 439 671 423 759 470 424 289 802 493 425 290 56 90 650 411 808 497 675 425 979 589 633 402 527 345 408 280 742 461
275 20 7076 226 182 900 546 718 448 803 494 921 558 999 599 394 273 910 552 742 461 760 471 961 579 976 587 478 318 769 475 446 301 817 501 505 333 350 249 771 477 706 442
276 20 7014 821 504 635 403 925 560 528 345 717 447 592 380 638 405 466 312 894 543 761 471 861 525 499 330 693 435 195 166 991 595 833 510 853 521 586 376 606 388 934 565
277 20 7105 483 321 378 264 930 562 370 260 801 493 818 502 999 600 675 425 919 556 842 515 953 575 991 595 989 594 693 435 921 557 635 403 481 320 208 173 375 263 749 465
278 20 6854 862 526 635 403 579 373 911 552 858 523 447 302 602 385 726 452 726 452 290 217 954 575 826 506 66 96 961 579 860 524 725 452 634 403 815 501 400 276 832 509
279 20 5367 888 540 270 206 924 559 550 357 622 396 917 555 439 297 672 423 354 251 335 241 406 279 37 80 849 519 296 220 345 247 650 411 477 318 521 342 526 344 656 415
280 20 6384 654 413 565 365 618 394 973 586 172 153 225 182 89 108 939 567 891 541 808 496 399 276 635 403 823 505 934 565 532 348 908 551 852 520 567 366 191 164 994 597
281 20 7682 826 506 431 293 215 176 973 586 575 371 703 440 889 540 755 468 918 556 948 572 828 508 844 516 787 485 896 544 625 398 951 574 803 494 805 495 996 598 597 383
282 20 6546 760 471 697 436 962 580 233 186 674 424 308 227 980 589 342 245 280 211 847 517 850 519 710 444 872 531 317 232 893 542 454 305 671 423 770 476 968 583 504 333
283 20 6722 750 465 462 310 608 389 925 560 778 480 554 359 279 211 979 589 763 472 759 470 664 419 915 554 933 564 638 405 986 593 142 137 627 399 942 569 578 372 163 148
284 20 6205 974 586 688 432 187 161 954 575 436 296 996 598 512 337 700 438 99 114 923 558 218 178 979 589 703 440 165 149 627 399 643 408 515 338 709 443 847 518 536 350
285 20 6113 926 560 322 234 800 492 312 229 749 465 317 232 785 484 210 173 765 474 735 457 154 143 570 368 329 238 101 115 970 584 794 489 802 493 803 494 818 502 964 581
286 20 6705 875 533 769 475 755 468 620 395 982 591 99 113 988 594 950 573 344 246 978 588 502 332 136 134 674 424 619 395 543 353 918 556 790 487 894 543 497 328 478 318
287 20 6989 633 402 418 286 918 556 877 534 850 519 534 349 488 324 871 530 233 186 551 358 925 560 544 354 727 453 702 439 901 547 647 409 910 551 604 386 747 463 898 545
288 20 6039 854 522 392 272 806 496 60 92 486 322 824 505 355 252 628 399 604 386 385 268 994 597 429 292 718 448 594 381 295 219 987 593 991 595 111 120 634 403 931 563
289 20 6381 754 468 195 166 764 473 807 496 259 200 460 309 930 562 736 458 814 500 927 561 316 231 940 568 563 364 946 571 426 290 190 163 295 220 872 531 837 512 732 455
290 20 6513 902 547 622 396 552 358 700 438 463 310 510 336 466 312 823 505 501 331 687 431 744 462 821 503 811 498 932 564 728 453 784 484 558 362 587 377 596 382 239 189
291 20 6058 211 174 988 594 505 333 591 379 463 310 977 588 885 538 621 396 897 545 162 148 826 506 335 241 942 569 624 397 154 143 627 399 478 318 222 180 820 503 788 486
292 20 6409 122 126 693 434 627 399 980 589 432 294 780 481 839 513 762 472 303 224 942 569 828 508 626 398 932 564 961 579 490 325 427 291 518 340 805 495 315 230 436 296
293 20 6615 835 511 867 528 976 587 315 230 259 200 882 536 974 586 267 205 694 435 182 158 790 487 319 232 951 574 882 536 926 560 151 142 865 527 965 581 416 285 715 446
294 20 6950 795 490 799 492 998 599 955 576 561 363 974 586 362 256 640 406 739 459 603 386 323 235 456 306 729 454 442 299 616 393 954 575 813 499 353 251 981 590 808 497
295 20 7087 813 499 426 290 643 407 754 467 751 466 39 81 947 571 937 566 782 483 824 505 625 398 886 539 718 448 634 403 933 564 907 550 533 348 765 473 613 391 644 408
296 20 7923 852 521 910 551 771 477 993 596 935 565 865 528 915 554 992 596 968 583 310 228 511 336 110 120 768 475 954 576 960 579 933 564 687 431 625 398 918 556 869 529
297 20 5438 211 174 988 594 492 326 479 319 441 299 614 392 590 379 62 94 476 317 409 281 596 382 571 368 739 459 837 512 697 436 420 287 706 441 683 429 391 271 474 316
298 20 7000 978 588 976 587 793 489 863 526 855 522 313 229 935 565 263 202 54 89 243 192 711 444 904 548 786 485 966 582 672 423 765 473 931 563 645 409 956 576 392 272
299 20 6159 891 541 318 232 927 561 728 454 911 552 859 524 499 330 901 547 525 344 415 284 940 568 371 260 925 560 552 359 462 310 335 241 404 279 284 214 208 173 864 527
300 20 7031 115 122 824 505 615 392 763 472 864 527 923 559 789 486 535 349 995 597 680 428 778 480 621 396 783 483 763 472 492 326 586 376 545 355 992 596 553 359 846 517
301 20 6641 911 552 957 577 634 403 493 327 384 268 368 259 825 505 657 415 994 597 514 338 992 596 701 439 549 357 809 497 821 503 386 269 610 390 284 213 469 314 925 560
302 20 6098 44 84 506 334 908 551 618 394 853 521 849 519 781 482 891 541 637 404 261 201 557 361 719 448 846 517 459 308 347 248 993 596 85 106 364 257 745 462 733 456
303 20 6997 972 585 835 511 986 593 356 253 891 542 890 541 632 402 802 493 955 576 571 369 241 191 742 461 832 510 576 371 719 449 423 289 626 398 969 583 749 465 227 183
304 20 6418 787 485 673 423 986 593 555 360 970 584 298 221 865 528 622 396 430 292 490 325 743 461 755 468 667 420 324 235 489 324 391 271 986 593 910 552 294 219 601 385
305 20 6697 654 413 940 568 623 397 475 316 526 345 760 471 985 592 974 586 814 500 684 430 570 368 480 319 680 428 577 372 594 381 918 556 299 222 759 470 815 500 267 205
306 20 6844 704 440 829 508 703 440 990 595 585 376 466 312 797 491 529 346 851 520 573 370 751 466 675 424 546 355 557 361 511 336 983 591 824 505 165 150 816 501 833 510
307 20 7836 832 510 693 435 898 545 258 199 902 547 886 539 952 574 901 547 857 523 228 184 835 511 661 417 553 359 862 526 996 598 902 547 737 458 878 534 867 528 975 587
308 20 5935 681 428 631 401 514 338 340 244 177 156 537 350 481 320 793 489 242 191 908 551 532 348 918 556 311 228 862 525 516 339 954 575 483 321 814 500 206 172 970 584
309 20 7296 530 346 612 391 996 598 982 590 776 479 451 304 349 249 872 531 981 590 836 512 905 549 848 518 564 365 757 469 628 399 633 402 756 469 380 265 778 480 959 578
310 20 7218 975 587 963 580 829 508 672 423 762 472 765 473 758 469 812 499 821 504 484 321 705 441 864 527 487 323 747 463 437 296 761 471 452 304 956 577 539 352 648 410
311 20 6123 940 568 235 187 727 453 446 301 606 387 362 255 879 535 592 380 819 502 477 318 879 535 888 540 917 556 331 239 466 312 562 364 642 407 726 452 452 304 301 223
312 20 6257 279 211 619 395 447 302 781 482 414 284 704 440 868 529 762 472 616 393 745 462 91 109 245 193 325 236 873 532 974 586 438 297 887 539 671 423 833 510 942 569
313 20 5615 584 376 903 548 750 465 907 550 571 369 508 335 800 492 713 445 395 273 246 193 58 92 841 514 170 152 299 222 889 540 502 331 917 556 408 281 427 291 342 245
314 20 6127 297 221 769 475 771 477 679 427 443 299 417 285 907 550 814 500 898 545 707 442 198 167 926 560 837 512 820 503 577 372 417 286 265 203 421 287 328 237 764 473
315 20 6718 903 548 976 587 432 293 393 272 806 495 943 569 573 369 429 292 184 160 594 381 495 327 985 592 1000 600 943 569 948 572 618 394 251 196 556 360 923 559 485 322
316 20 6874 915 554 425 289 333 240 704 441 928 561 759 470 817 502 822 504 862 526 898 545 176 155 718 448 829 508 537 350 655 414 629 400 917 555 314 230 589 378 922 558
317 20 5881 871 530 891 541 289 216 450 303 849 519 900 546 506 333 489 324 280 212 980 590 873 532 484 322 385 268 281 212 186 161 362 256 906 550 618 394 984 592 178 157
318 20 6766 625 398 887 539 923 558 780 481 304 224 666 420 546 355 665 419 893 542 950 573 455 306 536 350 940 568 575 371 802 493 917 555 569 368 654 414 334 240 512 336
319 20 7926 938 567 530 346 988 594 673 424 816 501 784 484 566 366 730 455 687 431 821 503 887 539 986 592 710 444 988 594 776 479 754 468 739 459 841 515 906 549 732 455
320 20 7385 871 530 775 479 906 549 617 393 996 598 388 270 751 466 718 448 805 495 533 348 743 462 689 433 458 308 379 265 967 582 672 423 928 561 878 535 985 592 712 445
321 20 7800 808 497 908 550 874 532 789 486 525 344 877 534 851 520 815 500 868 529 521 341 902 548 747 464 809 497 843 516 836 512 454 305 830 508 948 572 849 519 547 355
322 20 6303 644 408 888 540 487 323 518 340 278 210 356 252 44 84 591 379 570 368 809 497 677 426 550 357 741 461 776 479 928 561 701 439 471 315 833 510 844 516 900 546
323 20 6443 885 538 371 260 884 538 537 350 604 387 503 332 935 565 825 506 448 302 706 442 582 374 406 280 296 220 782 482 877 534 836 512 687 431 128 129 731 455 863 526
324 20 6541 512 337 575 371 476 317 923 559 291 218 790 487 723 451 948 572 899 546 566 366 722 450 727 453 135 133 766 474 805 495 502 332 395 274 895 544 657 415 776 479
325 20 6820 453 305 919 556 603 386 898 545 859 524 432 293 791 487 709 443 943 570 561 363 545 355 417 286 940 568 912 552 563 364 616 393 324 235 903 548 711 444 541 352
326 20 7363 930 562 877 534 591 379 539 351 953 575 265 203 806 495 699 437 653 413 105 117 953 575 989 594 645 408 949 572 592 380 942 569 460 309 950 573 873 532 955 576
327 20 6851 523 342 817 501 222 180 233 186 781 482 817 502 786 485 868 529 847 518 693 434 988 594 943 570 666 420 278 210 480 320 761 471 708 443 562 364 815 500 915 554
328 20 6752 580 373 783 483 528 345 506 333 785 484 144 138 776 479 960 579 938 567 656 414 519 341 767 475 524 343 922 558 320 233 968 583 702 439 216 177 977 588 934 565
329 20 6620 794 489 270 206 660 416 808 497 429 292 988 594 584 375 795 489 799 492 803 494 411 282 125 128 902 547 926 560 332 239 941 568 924 559 624 397 183 159 943 570
330 20 6623 859 524 637 404 583 375 537 350 813 499 981 590 568 367 689 433 676 425 547 356 722 450 992 596 880 535 317 232 294 219 717 448 706 442 62 94 982 590 684 430
331 20 5906 392 272 872 531 500 330 915 554 669 422 589 379 991 595 361 255 432 293 946 571 184 160 777 480 64 95 40 82 724 451 855 522 937 566 665 419 364 257 536 349
332 20 7066 749 464 538 351 389 271 986 593 48 86 904 549 901 547 594 381 143 137 916 555 883 537 857 523 776 480 942 569 934 565 736 458 581 374 464 311 848 518 944 570
333 20 6829 931 563 880 535 534 349 382 266 508 334 894 543 886 539 626 398 678 426 340 244 582 375 562 364 722 450 848 518 743 461 322 234 853 521 987 593 507 334 873 531
334 20 7416 929 562 893 543 435 295 870 530 385 268 962 580 992 596 565 366 734 457 864 527 651 412 979 589 910 552 417 285 632 402 874 532 949 573 420 287 516 339 856 523
335 20 7160 752 466 928 561 833 510 746 463 800 492 949 573 264 203 439 297 996 598 948 572 440 298 605 387 102 115 674 424 959 578 909 551 872 531 419 286 725 452 960 579
336 20 7244 850 519 783 483 749 465 465 311 679 427 175 155 620 395 988 594 600 384 750 465 784 484 968 583 909 551 863 526 707 442 862 526 357 253 780 481 988 594 612 391
337 20 6889 528 345 938 567 930 563 893 542 523 343 808 496 804 495 875 533 968 583 902 547 706 442 554 360 416 285 454 305 249 195 489 324 277 210 671 423 924 559 870 530
338 20 6251 509 335 523 343 454 305 598 383 781 482 622 396 680 428 986 592 89 108 729 454 706 442 506 333 713 445 163 148 749 465 680 428 963 580 732 455 844 516 475 317
339 20 6009 838 513 310 228 865 527 235 187 695 435 527 345 613 391 435 295 513 337 752 466 727 453 449 303 588 378 702 439 141 136 552 358 567 366 927 561 660 416 923 559
340 20 5856 727 453 394 273 856 523 370 260 774 478 545 355 632 401 284 214 463 311 271 207 959 578 933 564 838 513 575 371 97 112 436 296 791 487 658 416 288 216 821 503
341 20 6851 813 499 449 303 680 427 593 380 567 366 967 583 953 575 632 402 609 389 581 374 700 438 847 518 673 424 604 386 445 301 901 547 731 455 221 180 879 535 857 523
342 20 6728 332 239 934 565 613 391 775 479 863 526 445 301 34 79 764 473 627 399 801 493 806 496 934 565 747 464 960 579 913 553 928 561 893 542 264 203 312 229 511 336
343 20 6394 492 326 828 507 127 129 781 482 995 598 645 409 582 374 223 181 986 593 669 421 269 206 780 482 687 431 477 318 725 451 154 144 678 426 914 554 948 572 829 508
344 20 6936 705 441 909 551 742 461 617 393 86 107 999 600 952 574 807 496 194 165 647 410 769 476 1000 600 197 167 852 520 403 278 559 362 714 446 894 543 905 549 921 558
345 20 6323 261 201 772 477 450 303 593 381 922 558 802 493 95 111 800 492 746 463 472 315 461 309 508 335 913 553 541 352 296 220 887 539 748 464 958 577 487 323 935 565
346 20 5565 207 172 326 236 962 580 246 193 35 79 479 319 160 147 310 227 854 522 776 479 988 594 866 528 560 363 777 480 474 316 669 422 74 100 575 371 931 563 861 525
347 20 7571 681 428 384 267 875 533 767 474 996 598 899 546 805 495 552 358 890 541 976 587 416 285 924 559 841 515 528 345 899 546 833 510 791 487 682 429 782 482 622 396
348 20 6683 763 472 965 581 610 390 816 501 947 571 915 554 569 367 334 240 993 597 832 509 925 560 879 535 296 220 113 121 711 444 936 566 139 136 635 403 547 356 441 299
349 20 6194 718 448 150 141 402 277 352 250 124 127 649 411 942 569 522 342 511 336 884 538 881 536 519 340 927 561 457 307 933 564 989 594 717 447 653 413 714 446 344 246
350 20 7456 892 542 584 375 413 283 820 503 965 581 984 591 361 255 916 555 563 364 682 428 575 371 733 456 938 567 828 507 832 510 911 552 975 587 594 381 917 555 429 292
351 20 7170 848 518 959 578 759 470 609 389 966 582 315 230 712 444 496 328 390 271 939 567 818 502 834 511 697 436 661 417 908 550 736 458 544 354 313 229 935 565 901 547
352 20 6157 956 576 850 519 209 173 603 386 900 546 967 582 138 135 313 229 577 372 432 294 810 497 430 292 614 392 824 505 693 434 729 454 168 151 480 320 870 530 751 466
353 20 6668 888 540 919 557 676 425 528 346 674 424 265 204 437 296 731 455 814 500 636 403 810 498 903 548 804 494 712 445 417 285 207 172 973 586 681 428 814 500 448 302
354 20 6541 399 276 946 571 478 318 948 572 512 337 509 335 841 515 372 261 373 261 897 544 373 262 924 559 731 455 476 317 440 298 639 405 898 545 985 592 490 325 852 520
355 20 6059 852 520 230 185 835 511 699 438 770 476 327 237 834 511 494 327 628 399 848 518 399 276 760 471 591 379 39 81 415 285 710 443 732 456 967 582 148 140 841 514
356 20 6480 873 532 310 228 582 374 987 593 723 451 847 518 618 394 826 506 845 516 707 442 633 402 977 588 672 423 317 231 36 80 306 225 454 305 654 414 898 545 695 435
357 20 6053 138 135 665 419 934 565 562 363 643 407 310 228 647 410 752 466 537 350 952 574 151 142 147 140 963 580 298 221 877 534 832 510 338 243 737 458 878 534 746 463
358 20 6658 387 269 857 523 694 435 860 524 688 432 993 597 983 591 676 425 358 253 927 561 762 472 553 359 477 318 713 445 526 344 643 408 883 537 389 270 394 273 554 359
359 20 5790 725 452 129 130 764 473 469 313 164 149 331 239 595 381 691 434 796 490 990 595 352 250 687 431 897 545 797 490 877 534 103 116 932 563 456 306 427 291 399 276
360 20 6622 530 347 811 498 433 294 336 241 965 582 619 394 775 478 516 339 917 555 887 539 856 522 501 331 615 392 946 571 22 72 901 547 679 427 766 474 833 510 336 241
361 20 5624 940 568 339 243 926 560 346 247 386 268 135 133 823 504 585 376 807 496 543 353 508 335 877 534 935 565 179 157 173 154 837 512 678 427 639 405 425 290 168 151
362 20 6525 790 487 547 355 999 600 708 442 750 465 755 468 574 370 910 552 588 378 386 269 310 228 888 540 980 589 374 262 77 102 874 532 998 599 876 533 382 266 285 214
363 20 6895 462 310 687 431 801 493 855 522 597 383 806 495 782 483 590 379 400 276 814 500 857 523 639 405 523 343 651 412 906 549 701 439 871 530 354 252 800 492 694 435
364 20 6812 752 466 513 337 390 271 754 467 424 289 912 553 970 584 639 406 859 524 602 385 350 249 969 583 479 319 607 388 521 342 868 529 677 426 845 516 495 328 999 600
365 20 6779 859 524 919 557 667 420 514 338 764 473 395 273 682 428 804 495 963 580 476 317 780 481 611 390 244 192 683 429 268 205 853 521 565 365 854 521 681 428 976 587
366 20 6417 688 432 930 563 239 189 166 150 695 435 672 423 593 381 629 400 925 560 719 449 930 563 329 238 350 249 710 444 937 566 144 138 864 527 680 428 873 532 762 472
367 20 6182 900 546 774 478 175 155 708 442 825 506 773 478 556 360 523 342 520 341 724 451 612 391 631 401 427 291 639 405 878 535 884 538 55 90 751 466 320 233 690 433
368 20 6893 780 482 724 451 292 218 974 586 669 421 843 516 536 350 590 379 870 530 814 500 887 539 919 556 928 562 860 524 407 280 541 352 745 463 383 267 276 209 749 465
369 20 7513 488 324 997 599 638 405 901 547 312 229 820 503 663 418 728 453 691 433 849 519 808 497 962 580 824 505 820 503 955 576 674 424 332 240 842 515 870 530 853 521
370 20 6436 475 317 963 580 542 353 303 224 723 451 370 260 704 440 940 568 636 404 699 438 159 146 325 236 866 528 965 581 666 420 900 546 983 591 722 450 230 184 702 439
371 20 7778 664 419 851 520 825 506 522 342 927 561 866 528 655 414 905 549 941 568 750 465 970 584 542 353 828 507 955 576 90 109 951 574 650 411 904 548 897 545 864 527
372 20 7159 391 272 872 531 867 528 444 300 800 492 917 555 742 461 685 430 956 576 845 517 838 513 741 460 586 377 440 298 941 568 439 297 631 401 893 542 351 250 940 568
373 20 7400 807 496 889 541 960 578 799 492 643 408 736 457 888 540 917 555 421 288 521 341 908 551 826 506 873 531 924 559 792 488 624 397 858 523 335 241 358 254 722 450
374 20 6497 647 410 245 193 182 159 919 557 876 533 532 348 728 453 658 415 737 458 828 507 784 484 351 250 592 380 251 196 993 596 628 400 894 543 788 486 791 488 571 368
375 20 6236 684 430 480 319 560 362 792 488 469 314 817 501 502 331 957 577 606 388 335 241 531 347 439 298 345 247 960 578 939 567 671 423 407 280 316 231 752 466 910 552
376 20 7495 861 525 875 532 777 480 448 302 704 440 734 456 860 525 916 555 736 457 886 538 899 546 591 379 981 590 546 355 498 329 658 416 842 515 464 311 896 544 818 502
377 20 7199 398 275 355 252 424 289 921 558 924 559 345 247 809 497 973 586 508 335 979 589 634 402 980 590 723 451 914 554 690 433 698 437 400 276 949 573 849 519 926 560
378 20 6651 940 568 619 394 383 267 622 396 630 400 689 432 303 224 974 586 526 344 586 377 825 506 447 302 472 315 926 560 934 565 778 480 638 405 984 592 178 156 849 519
379 20 7658 644 408 896 544 780 482 971 584 812 499 971 584 818 502 813 499 785 484 202 170 576 371 983 591 976 587 751 466 784 484 894 543 594 381 992 596 353 251 721 450
380 20 6193 544 354 712 445 162 148 810 498 739 459 414 284 613 391 654 413 517 339 218 178 724 451 716 447 490 325 909 551 889 540 656 415 543 353 797 490 851 520 429 292
381 20 5791 664 419 893 543 900 546 379 265 323 235 254 197 882 536 220 179 903 548 723 450 399 276 851 520 160 146 963 580 495 328 467 312 941 568 474 316 226 182 466 312
382 20 7173 873 532 855 522 323 235 824 505 425 289 920 557 538 351 656 415 951 574 938 567 748 464 769 475 762 472 865 527 691 433 111 120 712 444 951 574 493 327 942 569
383 20 6955 211 174 372 261 731 455 455 306 597 383 413 283 770 476 991 596 982 590 888 540 637 404 725 452 876 533 945 571 834 510 823 504 648 410 554 359 954 575 504 332
384 20 5947 678 426 704 440 512 337 581 374 852 520 680 427 951 574 609 389 406 279 844 516 74 100 834 511 900 546 402 277 933 564 466 312 912 553 158 145 336 242 63 94
385 20 6379 531 347 917 555 990 595 280 211 551 358 289 216 835 511 315 231 841 515 226 182 407 280 577 372 931 563 790 487 218 178 475 317 985 592 864 527 800 492 936 566
386 20 6889 479 319 845 517 981 590 391 272 687 431 869 530 810 498 596 382 917 555 892 542 762 472 959 578 447 301 437 296 542 353 422 288 753 467 694 435 564 365 731 455
387 20 5921 978 589 809 497 262 202 504 332 587 377 933 564 226 182 949 573 426 290 632 401 375 263 855 522 214 176 766 474 445 300 832 509 410 282 449 302 551 358 639 405
388 20 7405 952 574 441 298 775 479 781 482 325 236 783 483 344 246 892 542 952 574 535 349 847 518 972 585 964 581 717 448 518 340 950 573 589 378 977 588 570 368 927 561
389 20 5811 631 401 214 176 175 155 410 282 541 352 987 593 557 361 555 360 814 500 961 579 388 270 813 499 981 590 472 315 898 545 765 473 387 269 75 101 572 369 427 291
390 20 6941 813 499 870 530 378 264 803 494 488 324 706 442 766 474 592 380 892 542 853 521 926 560 474 316 425 290 975 587 671 423 720 449 540 352 723 451 769 475 499 330
391 20 6323 672 423 436 296 992 596 938 567 351 250 294 219 512 337 751 466 553 359 730 454 616 393 885 538 665 419 331 239 361 255 921 558 680 427 690 433 368 259 900 546
392 20 5890 554 359 225 182 819 502 462 309 679 427 950 573 901 547 998 599 960 578 271 206 946 571 745 463 113 121 339 243 343 245 642 407 782 483 556 361 158 146 337 242
393 20 6058 1000 600 875 533 857 523 556 361 471 314 894 543 977 588 815 500 997 599 580 374 77 102 295 220 654 414 425 290 495 327 166 150 256 198 590 379 643 407 494 327
394 20 6657 738 459 520 341 994 597 605 387 754 467 558 362 715 446 532 348 989 594 813 499 971 584 988 594 264 203 795 490 116 123 474 316 235 187 772 477 593 380 889 541
395 20 6354 632 402 472 315 980 590 689 432 950 573 786 484 877 534 834 511 977 588 671 423 549 357 218 178 175 155 528 345 730 455 639 405 331 239 440 298 241 190 990 595
396 20 7423 610 390 544 354 476 317 343 246 755 468 958 578 754 467 852 520 614 392 960 578 602 385 532 348 853 521 971 585 531 347 730 455 924 559 884 537 999 600 954 575
397 20 6653 879 535 993 596 304 224 308 227 927 561 619 395 868 529 944 570 640 406 336 242 537 350 612 391 644 408 320 233 976 587 979 589 982 590 146 139 798 491 495 328
398 20 6965 884 538 903 548 445 300 913 553 686 431 890 541 540 352 968 583 970 584 974 586 993 597 979 589 354 252 753 467 289 216 566 366 235 187 441 298 646 409 501 331
399 20 6459 602 385 535 349 506 334 961 579 871 530 782 482 942 569 906 550 789 486 531 347 913 553 420 287 366 258 345 247 545 354 521 341 483 321 497 328 540 352 864 527
400 20 6488 290 217 734 457 989 594 618 394 831 509 815 500 658 416 731 455 194 165 685 430 484 322 329 238 400 276 799 492 897 545 787 485 572 369 657 415 547 355 960 579
