1 20 4458 144 138 172 153 808 497 595 381 109 119 216 177 586 376 602 385 61 93 856 523 269 206 951 574 977 588 29 76 28 76 547 356 660 417 731 455 486 323 89 109
2 20 4103 89 108 702 439 297 220 32 78 936 566 334 240 30 77 671 422 572 369 350 249 602 385 640 406 166 150 59 92 829 508 354 251 654 414 162 148 530 346 197 167
3 20 5390 298 221 549 357 629 400 956 576 588 378 535 349 199 167 951 574 592 380 345 247 270 206 634 403 701 439 86 107 477 318 743 461 782 483 691 433 708 442 46 85
4 20 4514 152 143 543 353 780 482 867 529 539 351 198 167 350 249 316 231 768 475 330 238 471 315 305 225 818 502 102 115 666 420 322 234 379 265 219 179 643 407 261 201
5 20 4698 313 229 927 561 437 296 638 405 966 582 202 169 801 493 774 478 68 97 228 183 484 322 776 479 138 135 773 478 96 112 639 405 553 359 260 201 161 147 162 148
6 20 4731 382 266 791 487 605 387 99 114 188 162 558 361 634 403 475 317 399 276 132 131 770 476 63 94 948 572 125 128 454 305 796 490 435 295 44 84 645 409 919 556
7 20 5356 646 409 324 235 660 417 575 371 809 497 242 191 114 122 502 331 980 590 642 407 586 377 698 437 471 315 430 292 281 212 167 151 933 564 990 595 265 203 398 275
8 20 5339 980 589 992 596 911 552 553 359 185 160 226 182 463 310 434 295 218 178 408 280 943 569 909 551 663 418 859 524 80 104 387 269 97 113 710 444 281 212 379 265
9 20 4647 841 515 925 560 10 66 807 496 559 362 361 255 223 181 631 401 295 219 203 170 288 216 789 486 124 127 167 150 801 493 71 98 52 88 822 504 468 313 857 523
10 20 4957 990 595 403 278 615 392 256 199 366 258 406 279 927 561 947 572 498 329 173 154 225 182 150 141 509 335 870 530 498 329 789 486 701 439 385 268 88 108 119 125
11 20 4803 300 222 110 119 604 386 234 187 378 264 386 269 622 396 500 330 659 416 928 562 269 205 348 248 910 552 258 200 340 244 98 113 945 571 642 407 933 564 142 137
12 20 5442 918 556 54 90 817 501 58 92 253 197 313 229 599 384 276 210 746 463 895 544 324 235 788 486 898 545 260 201 632 402 963 580 660 417 332 240 774 478 324 235
13 20 5491 1 61 928 561 489 324 150 141 706 441 839 513 348 248 963 580 120 125 557 361 632 402 875 533 386 268 836 512 501 331 321 233 730 454 141 136 867 528 592 380
14 20 5547 591 380 151 142 653 413 473 316 955 576 999 600 635 403 658 416 673 424 590 379 957 577 228 183 524 343 494 327 473 316 420 287 440 298 505 333 291 217 385 268
15 20 5511 421 287 120 125 362 256 921 557 633 402 799 492 898 545 851 520 415 284 100 114 695 435 898 545 393 272 736 458 536 350 163 148 116 123 798 491 751 466 416 285
16 20 4494 75 101 318 232 711 444 413 283 935 565 595 382 200 168 820 503 688 432 11 66 4 62 233 186 297 220 779 481 903 548 168 151 657 415 782 483 165 149 235 187
17 20 5078 412 283 59 92 409 281 955 576 564 365 798 491 280 212 141 136 430 293 626 398 794 489 514 338 751 466 738 459 543 354 349 249 33 78 863 527 861 525 37 80
18 20 5306 933 564 857 523 688 432 894 543 202 170 452 304 716 447 630 400 675 425 91 110 522 342 273 208 530 346 768 475 33 78 105 117 187 161 568 367 977 588 512 336
19 20 4761 141 137 144 138 365 257 931 563 75 100 176 155 749 465 284 214 526 344 39 81 470 314 661 417 820 503 737 458 913 553 783 483 506 333 230 185 458 308 515 339
20 20 3775 36 80 913 553 230 185 757 469 946 571 720 449 262 202 130 130 371 261 228 184 57 91 4 63 43 83 376 263 506 334 606 388 185 160 502 331 19 71 659 416
21 20 4865 67 96 117 123 973 586 419 287 816 501 572 369 612 391 123 127 246 193 485 322 57 91 309 227 280 211 996 598 237 188 873 532 990 595 950 573 78 102 530 346
22 20 5735 428 291 734 457 846 517 715 446 812 499 372 261 967 583 965 581 899 546 462 309 344 246 687 431 676 425 637 404 323 234 551 358 256 198 757 469 20 71 19 70
23 20 4642 568 367 640 406 7 64 970 584 118 124 607 388 754 467 82 105 573 370 375 263 648 410 9 65 100 114 288 216 457 307 75 101 620 395 944 570 735 457 714 446
24 20 5047 24 73 722 450 300 222 577 372 768 475 530 347 713 445 131 131 112 121 623 397 632 401 676 425 134 133 875 533 525 344 495 328 771 477 815 500 537 350 135 133
25 20 5206 37 80 747 464 793 488 858 524 391 271 320 233 828 507 682 428 426 290 297 220 966 582 369 259 997 598 381 266 450 303 480 319 542 353 540 352 288 216 20 71
26 20 4711 792 488 992 596 304 224 866 528 115 122 81 104 642 407 84 106 512 337 389 270 155 144 828 507 789 487 978 588 364 257 89 108 762 472 447 302 15 68 218 178
27 20 4509 766 474 165 150 158 146 457 307 535 349 673 424 18 70 289 216 387 269 459 308 398 275 857 523 766 474 411 282 900 546 580 374 179 157 716 447 141 136 164 149
28 20 4401 63 94 338 243 674 424 420 287 156 145 197 167 790 487 325 235 658 416 90 109 84 106 341 244 439 297 81 104 851 520 678 427 56 91 914 554 738 459 909 551
29 20 5426 946 571 871 530 928 561 301 223 895 543 840 514 402 277 850 519 454 305 507 334 920 557 125 128 174 154 7 64 578 372 222 180 302 223 84 105 533 348 913 553
30 20 5016 345 246 222 180 425 290 149 141 453 305 128 129 334 241 548 356 522 342 574 370 539 352 316 231 625 398 989 594 931 563 856 522 728 453 502 331 482 321 365 258
31 20 5197 976 587 677 426 181 158 803 494 556 361 381 266 469 314 476 317 300 222 597 383 188 162 700 438 946 571 114 122 389 270 142 137 856 522 113 121 724 451 806 495
32 20 4705 371 261 439 297 516 339 754 468 31 77 157 145 36 80 790 487 658 416 346 247 580 373 1000 600 5 63 927 561 583 375 224 181 401 277 636 404 705 441 252 196
33 20 4373 895 544 217 177 633 402 586 377 25 73 648 410 912 553 180 157 432 294 303 224 976 587 96 112 100 114 397 275 90 109 272 207 248 194 199 168 730 454 808 496
34 20 4423 181 158 254 198 483 321 392 272 998 599 315 230 591 379 221 180 153 143 38 81 895 543 51 88 727 453 346 247 686 431 720 449 480 319 515 338 196 166 604 386
35 20 3589 315 231 772 477 315 230 80 103 538 351 8 65 369 260 366 258 346 247 426 290 257 199 567 366 463 310 796 490 84 106 246 193 675 425 187 161 244 192 125 128
36 20 5479 824 505 574 370 547 356 448 302 260 200 306 225 800 492 756 469 555 360 677 426 978 589 164 149 916 555 360 255 209 173 278 211 974 586 376 263 579 373 378 264
37 20 4164 187 161 79 103 461 309 943 569 219 179 299 222 526 344 645 408 369 259 107 118 548 356 16 69 654 413 490 325 384 268 874 532 703 440 170 152 187 161 468 313
38 20 6361 842 515 532 348 606 387 303 224 901 547 799 492 416 285 9 65 973 585 976 587 614 392 964 581 490 325 372 261 938 567 630 400 549 357 540 352 422 288 846 517
39 20 4183 411 282 326 236 961 579 41 83 276 209 721 450 269 206 913 553 545 355 366 258 59 92 780 481 400 276 292 218 118 124 180 157 868 529 41 82 205 171 594 381
40 20 4928 872 531 465 312 367 258 940 568 419 287 511 336 500 330 840 514 183 159 397 275 737 458 197 166 337 242 348 248 933 564 1 61 484 322 51 88 726 452 548 356
41 20 5070 407 280 453 305 132 132 50 87 323 234 180 157 518 340 916 555 886 539 152 142 688 432 801 493 983 591 800 492 434 295 138 135 711 444 624 397 733 456 211 174
42 20 5438 982 590 806 496 804 494 662 417 650 411 251 196 9 65 398 275 15 68 618 394 951 574 201 169 685 430 101 115 979 589 386 268 683 429 201 169 569 368 926 561
43 20 5732 427 291 941 568 998 599 961 579 20 71 865 527 50 87 753 467 584 376 11 66 726 452 473 316 116 123 500 330 914 554 478 318 742 461 350 249 935 565 621 395
44 20 6569 372 261 907 550 941 568 841 514 699 438 703 440 898 545 760 470 854 522 537 350 596 382 131 131 400 276 840 514 385 268 978 589 765 474 69 97 538 351 924 559
45 20 4775 332 240 939 567 24 73 256 199 998 599 769 475 828 507 367 258 44 84 162 148 331 239 601 385 5 63 803 494 600 384 49 87 427 291 763 472 849 519 403 278
46 20 4489 272 207 653 413 341 244 586 377 605 387 315 230 340 244 321 234 816 501 447 302 475 317 540 352 589 378 374 262 259 200 398 275 124 127 377 264 506 333 640 406
47 20 5966 906 550 370 260 789 486 262 202 825 506 326 236 619 394 325 236 971 585 824 505 370 260 554 359 701 439 904 548 747 464 387 269 865 527 62 94 845 517 280 211
48 20 4328 501 331 100 114 741 460 45 85 991 595 209 173 113 121 577 372 51 88 160 146 697 437 194 165 558 361 843 516 728 453 345 246 628 400 150 141 652 412 373 262
49 20 4189 294 219 184 160 216 177 662 418 95 112 343 246 11 66 869 529 894 543 522 342 365 258 84 106 456 306 625 398 449 302 7 64 174 154 915 554 302 223 911 552
50 20 3905 182 159 713 445 717 447 218 178 433 294 685 430 801 493 651 412 10 65 162 148 407 280 407 280 55 90 146 139 863 526 746 463 248 194 125 128 75 101 167 150
51 20 5614 390 271 806 495 538 351 959 578 653 413 199 168 866 528 294 219 992 596 647 410 359 254 811 498 95 111 397 274 936 566 962 580 937 566 258 199 37 80 92 110
52 20 4958 688 432 606 387 71 99 415 284 345 246 700 438 563 364 833 510 489 324 336 242 242 191 482 320 642 407 78 102 798 491 930 563 106 117 640 406 556 361 397 274
53 20 4803 174 154 662 418 824 505 280 211 668 421 430 293 577 372 3 62 981 590 329 238 816 501 768 475 564 365 361 255 549 357 10 66 357 253 382 267 751 466 121 125
54 20 4975 880 535 934 565 840 514 10 66 143 137 319 232 585 376 315 231 386 269 17 69 676 425 141 137 569 368 709 443 771 477 724 451 743 461 681 428 149 141 359 254
55 20 5003 209 173 393 272 795 489 1 61 545 354 756 469 944 570 288 216 131 131 719 449 350 249 890 541 37 80 407 280 729 454 945 571 140 136 558 362 620 395 549 357
56 20 5108 864 527 569 367 364 257 374 262 332 239 859 524 694 435 126 128 795 490 150 141 185 160 884 538 973 586 887 539 158 145 145 138 296 220 513 337 848 518 201 169
57 20 4118 93 110 65 95 178 156 405 279 329 238 622 396 744 462 173 153 877 534 512 336 334 241 667 420 478 318 445 301 150 141 501 331 483 321 495 327 151 142 534 349
58 20 4747 220 179 389 270 529 346 493 326 918 556 447 302 37 80 764 473 376 264 695 436 714 446 217 178 378 264 156 144 364 257 853 521 855 522 182 159 364 257 543 353
59 20 4691 176 155 441 299 935 565 499 330 84 106 456 307 343 245 124 127 996 598 715 446 612 391 628 399 497 329 251 196 580 373 163 148 472 315 896 544 101 115 414 284
60 20 4703 996 598 298 221 23 73 358 254 346 247 461 309 518 340 844 516 655 414 361 255 858 524 215 177 794 489 70 98 308 227 205 171 487 323 436 296 433 294 741 460
61 20 5118 469 314 246 193 309 227 888 540 599 384 434 295 304 224 544 354 404 278 717 448 905 549 237 188 923 559 425 290 535 349 304 224 758 469 1 61 253 197 982 590
62 20 4031 160 147 55 90 975 587 690 433 380 266 478 318 823 505 262 202 735 457 653 413 266 204 859 524 350 249 395 274 82 105 31 77 354 251 30 77 125 128 359 254
63 20 5389 288 216 807 496 445 300 908 551 536 350 708 443 17 70 665 419 42 83 163 148 522 342 880 536 665 419 283 213 980 590 861 525 650 411 818 502 177 156 363 256
64 20 4705 133 132 11 66 559 362 266 204 484 322 606 387 561 363 935 565 28 75 631 401 772 477 268 205 742 461 422 288 330 238 659 416 650 411 552 358 617 393 184 159
65 20 4151 675 425 924 559 311 228 356 253 389 270 125 128 597 383 543 353 878 534 224 181 444 300 535 349 591 379 12 67 220 179 475 317 545 355 183 159 122 126 154 143
66 20 4930 101 115 758 469 832 510 231 185 100 114 435 295 155 144 453 305 847 518 838 513 850 519 824 505 98 113 433 294 783 483 629 400 423 289 34 79 134 133 902 547
67 20 5685 729 454 817 502 791 487 815 501 70 98 147 139 883 537 378 264 123 126 234 186 186 160 802 493 973 586 737 458 370 260 796 490 459 308 629 400 747 464 685 430
68 20 4777 648 410 449 303 675 425 176 155 858 524 138 135 491 326 990 595 142 137 498 329 98 113 615 392 469 313 804 494 480 319 330 239 724 451 155 144 55 90 759 470
69 20 4233 502 332 101 115 74 100 971 585 295 219 595 382 865 527 203 170 484 321 271 207 353 251 483 321 624 397 961 579 315 230 808 497 150 141 104 116 297 221 11 66
70 20 5278 995 598 866 528 295 219 91 110 265 203 636 404 909 551 66 96 103 116 876 533 850 519 951 574 977 588 69 97 319 232 371 261 114 122 661 417 956 576 187 161
71 20 4229 255 198 625 398 196 166 287 215 521 341 5 63 147 140 343 245 60 92 352 250 411 282 820 503 690 433 646 409 388 270 340 244 231 185 695 436 863 526 583 375
72 20 5642 348 248 422 288 801 493 743 462 969 584 832 510 409 281 199 168 316 231 55 90 234 186 742 461 971 585 791 487 768 475 300 222 719 448 853 521 657 415 155 144
73 20 5665 950 573 582 374 289 216 508 334 281 212 74 100 453 305 770 476 873 532 774 478 856 523 451 304 550 357 366 258 536 350 976 588 979 589 592 380 76 101 394 273
74 20 4679 216 177 962 580 186 161 393 273 275 209 70 98 284 214 116 123 711 444 597 383 863 526 502 331 6 64 486 323 977 588 694 435 234 187 786 485 790 487 210 173
75 20 4135 14 68 213 175 453 305 520 341 96 112 368 259 935 565 134 133 706 442 39 81 188 162 628 399 178 156 403 278 775 479 155 144 824 505 616 393 539 351 487 323
76 20 5352 133 132 489 324 328 237 394 273 67 96 564 365 620 395 698 437 617 393 156 144 648 410 996 598 628 399 606 387 759 470 889 540 363 256 723 451 460 308 567 366
77 20 6614 418 286 629 400 360 254 884 538 779 481 785 484 810 497 691 433 906 549 512 336 909 551 797 491 903 548 701 439 520 341 432 293 506 334 717 448 527 345 443 299
78 20 3294 118 124 337 242 969 584 279 211 360 255 524 343 299 222 41 83 382 266 505 333 769 475 3 62 663 418 101 115 148 140 431 293 226 183 147 140 207 172 79 103
79 20 4554 884 538 14 68 401 277 559 362 311 228 402 277 260 201 563 364 615 392 134 133 387 269 310 228 601 385 400 276 700 438 116 123 611 390 558 361 459 308 824 505
80 20 4767 353 251 1 61 960 579 80 104 874 532 585 376 906 549 676 425 802 493 128 129 284 213 401 277 140 136 24 73 648 410 519 340 902 548 768 475 324 235 160 147
81 20 5080 32 78 697 437 730 454 342 245 409 281 231 185 663 418 473 315 681 428 747 463 328 238 656 414 486 323 353 251 245 192 958 578 471 315 788 486 69 97 801 493
82 20 5425 694 435 3 62 760 471 786 484 309 227 231 185 728 453 368 259 669 421 190 163 974 586 41 82 571 369 991 595 285 214 795 489 911 552 144 138 663 418 738 459
83 20 4018 142 137 760 470 113 121 792 488 1000 600 114 122 43 83 359 254 274 208 658 416 607 388 777 480 494 327 239 189 789 486 224 181 367 259 238 189 3 62 44 84
84 20 5294 259 200 63 94 604 386 578 372 1000 600 397 275 306 225 434 294 485 322 593 381 766 474 710 444 48 86 288 216 805 495 698 437 678 426 748 464 810 497 319 233
85 20 5147 517 339 162 148 503 332 650 411 251 196 270 206 33 78 204 171 778 480 754 467 952 574 439 297 694 435 915 554 325 236 859 524 858 523 193 165 660 417 278 210
86 20 5737 197 167 765 473 80 103 565 366 824 505 567 366 514 338 757 469 191 163 370 260 336 241 779 481 901 547 699 438 289 216 757 469 445 301 984 592 929 562 525 344
87 20 5804 203 170 673 423 919 556 635 403 110 120 680 427 465 311 281 212 798 491 713 445 522 342 584 376 967 583 957 577 103 116 676 425 857 523 159 146 325 236 982 591
88 20 5556 937 566 702 439 83 105 638 405 537 350 109 119 861 525 498 329 431 293 571 368 507 334 944 570 291 217 529 346 535 349 763 472 578 372 804 495 736 458 59 92
89 20 4262 247 193 4 62 767 474 677 426 31 77 910 551 256 198 168 151 827 507 462 309 626 398 158 145 26 74 899 546 199 168 644 408 456 307 77 102 370 260 720 449
90 20 4499 256 199 403 278 203 170 544 354 752 466 354 251 166 150 805 495 137 134 68 97 913 553 112 121 239 189 53 89 960 579 239 189 667 420 948 572 473 315 706 442
91 20 5549 211 174 605 387 297 220 906 550 948 572 292 218 859 524 802 493 299 222 600 384 107 118 826 506 901 547 330 238 230 185 937 566 365 257 154 144 895 544 534 348
92 20 5431 483 321 842 515 566 366 653 413 441 298 204 170 410 282 151 142 869 530 848 518 595 382 673 424 970 584 442 299 192 164 139 135 942 569 545 355 610 389 288 216
93 20 5842 706 441 884 538 871 531 872 531 9 65 939 567 324 235 949 573 846 517 632 402 189 162 771 477 743 461 148 140 377 264 378 264 200 168 909 551 273 208 664 419
94 20 5524 662 418 570 368 915 554 714 446 731 455 186 160 846 517 220 179 798 491 533 348 151 142 272 207 517 339 237 188 447 302 803 494 882 537 941 568 561 363 63 94
95 20 5199 318 232 47 86 870 530 608 389 511 336 303 224 264 203 286 214 86 107 587 377 747 464 941 568 799 492 445 300 225 182 621 396 836 512 471 315 665 419 769 475
96 20 5063 838 513 229 184 669 422 316 231 966 582 434 294 531 347 34 78 233 186 282 212 772 477 757 469 578 372 303 224 781 482 817 501 493 327 271 207 18 70 805 495
97 20 4868 929 562 734 456 85 106 377 264 559 362 881 536 477 318 103 116 700 438 46 85 796 490 273 208 262 202 518 340 251 196 88 108 889 540 712 444 702 439 354 251
98 20 3960 544 354 298 221 342 245 739 459 687 431 60 93 101 115 101 115 255 198 876 533 464 311 648 410 446 301 106 117 78 103 973 586 254 197 77 102 247 194 624 397
99 20 5339 693 434 848 518 462 310 709 443 402 277 53 89 720 449 895 544 660 417 167 150 229 184 502 331 612 391 42 83 949 572 190 163 870 530 802 493 21 72 852 520
100 20 4920 379 265 395 274 12 67 434 295 371 261 437 296 183 159 947 572 267 204 975 586 251 196 373 262 456 306 924 559 503 332 100 114 345 247 806 496 824 505 859 524
101 20 4597 644 408 619 394 400 276 276 209 680 428 835 511 938 567 230 185 374 262 395 273 47 86 540 352 372 261 33 78 79 103 111 120 317 231 529 346 873 531 903 548
102 20 4453 826 506 872 531 332 239 172 153 318 232 928 562 22 72 883 537 732 455 651 412 488 324 154 143 503 332 168 151 143 138 227 183 179 157 656 415 369 260 284 214
103 20 4490 497 329 583 375 847 518 648 410 186 161 167 151 394 273 288 216 559 362 917 555 613 391 88 108 97 112 787 485 686 431 353 251 131 131 95 112 277 210 768 475
104 20 4369 870 530 451 304 518 340 285 214 299 222 321 234 372 261 115 122 659 416 48 86 771 476 130 130 773 477 927 561 140 136 168 151 855 522 558 361 359 254 119 124
105 20 5186 860 525 365 257 800 492 361 255 84 106 952 574 52 88 69 98 95 112 947 572 288 216 407 280 648 410 821 503 75 101 941 569 580 373 713 445 537 350 778 480
106 20 4813 965 582 365 257 630 401 943 570 375 263 179 157 438 297 766 474 887 539 112 121 551 358 758 470 577 372 9 65 639 405 536 349 89 108 95 111 150 141 562 364
107 20 4062 995 598 524 343 178 156 85 106 67 97 349 249 477 318 144 138 160 147 128 130 850 519 524 343 146 139 814 500 177 156 273 208 806 496 408 280 386 269 634 403
108 20 4584 298 221 707 442 976 587 264 203 141 137 117 123 616 393 377 264 783 483 379 265 560 363 423 289 257 199 581 374 864 527 476 317 187 161 311 228 772 477 80 104
109 20 4164 92 110 5 63 79 103 168 151 801 493 446 301 68 97 209 173 426 290 635 403 878 535 762 471 581 374 526 344 690 433 69 98 345 247 828 507 70 98 651 412
110 20 5043 595 381 574 370 939 567 642 407 929 562 531 347 185 160 234 187 815 500 691 434 837 512 37 80 574 370 349 249 133 132 931 563 464 311 263 202 274 208 90 109
111 20 5395 963 580 765 473 609 389 613 391 273 208 390 271 461 309 926 560 386 269 643 407 819 503 690 433 210 174 546 355 337 242 250 195 984 591 461 309 329 238 135 133
112 20 5279 374 262 754 468 785 484 933 564 863 526 366 258 967 583 579 373 130 130 855 522 451 304 114 122 278 210 177 156 846 517 685 430 139 136 290 217 921 557 51 88
113 20 3927 134 132 527 345 652 412 37 80 325 236 83 105 404 278 792 488 978 589 385 268 480 320 353 251 112 121 331 239 171 152 287 215 392 272 165 149 770 476 476 317
114 20 5555 957 577 682 428 345 247 313 229 999 600 588 378 213 175 782 483 831 509 454 305 370 260 571 369 540 352 845 517 846 517 554 359 344 246 235 187 258 200 384 268
115 20 4796 756 468 218 178 659 416 31 77 33 78 935 565 183 159 439 297 176 155 981 590 252 196 553 359 973 585 412 283 66 96 263 202 841 514 522 342 510 335 790 487
116 20 5635 992 596 816 501 986 593 536 350 704 440 729 454 130 130 990 595 878 534 628 399 443 299 151 142 610 390 201 169 945 570 977 588 146 139 16 69 188 162 204 170
117 20 5085 324 235 770 476 313 229 763 472 345 247 49 87 684 430 617 394 548 356 140 136 583 375 915 554 392 272 144 138 25 74 314 230 800 492 689 432 806 495 949 573
118 20 5111 319 232 566 366 631 401 798 491 539 352 978 588 171 152 399 275 792 488 19 71 580 373 279 211 283 213 724 451 781 482 84 105 488 324 958 578 118 124 715 446
119 20 4861 965 581 666 420 873 532 226 182 33 78 102 115 632 402 617 394 621 396 234 187 945 570 258 199 758 469 38 81 837 512 54 89 458 308 351 250 398 275 656 414
120 20 4660 456 307 95 111 797 491 111 120 916 555 60 93 986 593 593 380 377 264 272 207 252 196 654 413 315 230 977 588 617 394 11 66 866 528 40 82 451 304 475 317
121 20 4568 856 523 394 273 96 112 854 522 202 169 802 493 245 192 174 154 237 188 317 231 760 470 619 394 551 358 965 581 111 120 584 376 378 265 160 147 212 175 619 395
122 20 5118 551 358 911 552 266 204 489 324 711 444 470 314 428 291 86 107 145 138 892 542 707 442 408 281 179 157 225 182 961 579 64 95 658 416 968 583 206 172 912 553
123 20 5558 218 178 65 95 958 577 919 556 612 391 599 384 442 299 832 510 134 133 513 337 591 380 992 596 125 128 323 235 959 578 816 501 837 512 482 320 220 179 479 319
124 20 5495 552 358 24 73 471 314 44 84 456 306 481 320 614 392 356 252 860 525 680 427 641 406 499 330 914 554 438 297 557 361 324 235 503 332 951 574 867 528 758 469
125 20 4869 931 563 989 594 62 94 662 418 510 336 30 77 36 79 606 388 995 597 668 421 409 281 153 143 743 461 134 133 43 83 768 475 984 592 646 409 163 148 206 172
126 20 5215 935 565 617 393 744 462 104 116 80 104 985 592 296 220 322 234 75 101 631 401 286 215 230 184 182 159 891 541 420 287 676 425 963 580 809 497 498 329 687 431
127 20 4763 823 504 914 554 47 86 510 336 846 517 781 482 390 271 366 258 141 136 407 280 505 333 18 70 95 112 758 469 860 525 965 581 161 147 477 318 450 303 13 67
128 20 5640 41 82 517 339 398 275 851 520 277 210 798 491 315 230 958 578 119 124 158 146 928 562 682 428 901 547 628 400 85 106 829 508 482 320 978 588 530 346 806 496
129 20 4710 906 550 766 474 431 293 553 359 156 145 769 476 489 324 740 460 109 119 695 435 10 65 85 106 771 477 626 398 692 434 595 381 46 85 23 73 643 408 315 230
130 20 3868 682 429 203 170 144 138 895 544 540 352 277 210 575 371 852 520 321 234 268 205 183 159 370 260 229 184 952 574 340 244 1 61 11 66 278 210 541 352 74 100
131 20 4331 264 203 524 343 696 436 799 492 148 140 691 433 385 268 970 584 630 400 154 144 203 170 292 218 820 503 30 77 111 120 177 156 764 473 391 271 229 184 384 268
132 20 4966 248 194 402 277 936 566 509 335 239 189 49 87 659 416 565 365 22 72 378 264 753 467 644 408 416 285 690 433 957 577 45 85 789 486 453 305 754 467 424 289
133 20 5361 468 313 842 515 264 203 717 447 773 478 503 332 644 408 795 490 511 336 728 453 804 494 663 418 186 161 532 348 589 378 205 171 145 138 683 429 172 153 499 330
134 20 4811 684 430 632 402 171 152 295 219 412 283 620 395 529 346 743 462 394 273 276 210 766 474 768 475 139 135 620 395 336 241 560 363 52 88 970 584 331 239 324 235
135 20 5390 950 573 380 265 83 105 510 335 291 218 150 141 705 441 917 555 491 325 624 397 150 141 591 379 681 428 979 589 659 416 80 104 563 364 822 504 835 511 320 233
136 20 5123 995 598 528 345 377 264 442 299 237 188 509 335 627 399 35 79 767 475 646 409 749 464 1 61 756 469 999 600 993 596 8 64 868 529 144 138 178 156 387 269
137 20 5455 579 373 929 562 920 557 678 426 992 596 570 368 229 184 485 322 157 145 594 381 799 492 137 134 909 551 823 505 951 574 263 202 74 100 200 168 577 372 45 85
138 20 4894 888 539 890 541 878 534 192 164 179 157 64 95 271 206 69 97 57 91 674 424 363 256 388 270 500 330 501 331 524 343 979 589 221 180 963 580 248 194 939 567
139 20 4455 133 132 960 579 415 284 727 453 520 341 357 253 613 391 144 138 333 240 686 431 450 303 287 215 515 338 438 297 231 185 62 93 253 197 775 478 435 295 577 372
140 20 4570 284 214 836 512 587 377 619 394 672 423 251 196 251 196 478 318 807 496 238 189 685 430 140 136 188 162 517 340 25 74 175 155 564 365 419 286 498 329 907 550
141 20 5008 847 517 235 187 226 182 596 382 110 120 334 241 422 288 134 133 982 591 466 312 590 379 703 440 325 236 253 197 349 249 870 530 703 440 798 491 671 423 402 277
142 20 5789 732 455 717 447 355 252 782 482 999 600 441 298 92 110 840 514 538 351 706 441 54 89 941 569 634 402 681 428 572 369 643 407 378 265 184 159 602 385 688 432
143 20 5739 101 115 185 160 701 439 844 516 965 581 306 225 653 413 843 516 500 330 313 229 433 294 941 568 808 497 254 197 637 404 543 353 312 228 223 181 927 561 990 595
144 20 5304 529 346 733 456 654 413 827 507 22 72 221 179 922 558 598 383 33 78 999 600 409 281 824 505 467 312 967 583 383 267 342 245 672 423 450 303 437 296 120 125
145 20 5594 341 244 750 465 308 226 620 395 626 398 919 556 950 573 565 365 548 356 406 280 169 151 138 135 835 511 460 308 454 305 868 529 530 347 946 571 317 232 439 298
146 20 4813 95 112 571 369 326 236 271 207 600 384 809 497 557 361 29 76 39 81 689 432 112 121 657 415 986 593 500 330 157 145 979 589 735 457 279 211 666 420 570 368
147 20 4133 23 73 54 89 896 544 380 266 708 442 87 107 645 409 784 484 949 573 366 258 167 150 76 102 926 561 192 164 165 150 143 137 467 313 313 229 753 467 172 153
148 20 4239 931 563 285 214 82 104 569 367 428 291 324 235 999 600 365 257 122 126 483 321 586 376 583 375 238 189 476 317 981 590 63 94 102 115 210 174 154 143 497 328
149 20 5210 944 570 869 529 403 278 605 387 420 287 792 488 141 136 419 287 573 370 390 271 659 416 693 434 282 213 942 569 619 395 484 321 500 330 97 113 387 269 202 169
150 20 4404 147 140 381 266 42 83 670 422 93 110 790 487 178 156 947 572 479 319 185 160 976 587 177 156 828 507 710 443 94 111 891 541 579 373 91 109 115 122 436 296
151 20 5569 891 541 321 234 891 541 204 171 477 318 142 137 640 406 458 307 333 240 657 415 765 473 423 289 39 81 874 532 534 349 459 308 813 499 772 477 904 548 541 352
152 20 5721 912 553 223 180 82 105 933 564 892 542 414 284 74 100 970 584 846 517 871 531 900 546 548 356 843 515 633 402 350 249 432 293 200 168 5 63 435 295 880 535
153 20 4430 390 271 833 510 193 164 500 330 377 264 449 303 110 120 296 220 696 436 161 147 638 405 903 548 124 127 700 438 352 250 674 424 432 294 572 369 459 308 2 61
154 20 4848 154 143 500 330 102 115 502 331 764 473 828 507 669 421 759 470 126 128 636 404 541 352 171 153 990 595 833 510 100 114 238 189 961 579 257 199 401 277 164 149
155 20 5030 220 179 449 303 729 454 344 246 478 318 22 72 157 145 802 493 280 211 647 410 2 61 769 476 545 355 1000 600 555 360 166 150 517 339 877 534 897 544 604 386
156 20 5278 602 385 362 256 62 94 189 163 665 419 869 529 796 490 717 447 944 570 745 462 519 340 8 65 455 306 762 472 31 77 586 377 993 596 343 245 865 527 44 84
157 20 5271 1 61 490 325 641 406 895 544 159 146 501 331 603 386 556 361 438 297 576 371 357 253 966 582 791 487 973 586 695 435 150 141 348 248 362 255 225 182 815 500
158 20 4855 668 421 853 521 31 77 282 213 941 568 491 325 338 243 760 471 547 356 348 248 475 317 269 205 228 184 297 220 135 133 619 395 862 526 576 371 39 82 951 574
159 20 4485 226 182 173 154 268 205 74 100 277 210 197 167 819 502 965 581 415 285 841 515 482 321 612 391 370 260 353 251 479 319 132 131 748 464 663 418 810 498 66 96
160 20 4665 275 209 31 77 615 392 198 167 522 342 865 528 504 332 468 313 460 309 568 367 143 138 306 226 225 182 260 201 4 63 785 484 900 546 761 471 678 426 762 472
161 20 5363 155 144 133 132 528 345 821 504 153 143 897 545 349 249 715 446 478 318 358 253 523 343 722 450 755 468 977 588 304 224 265 203 380 266 707 442 900 546 606 388
162 20 5698 29 76 463 310 792 488 501 331 663 418 844 516 236 188 896 544 406 279 393 273 707 442 873 532 97 113 782 482 252 196 920 557 791 487 756 469 59 92 937 566
163 20 4701 588 378 204 170 234 186 359 254 568 367 379 265 844 516 140 136 687 431 850 519 13 67 465 311 628 399 211 174 574 370 430 293 37 80 492 326 931 563 768 475
164 20 4568 80 104 429 292 229 184 242 191 688 432 283 213 720 449 578 372 572 369 120 125 974 586 841 514 91 109 35 79 748 464 266 204 715 446 801 493 192 164 533 348
165 20 3933 396 274 275 208 77 102 958 578 662 417 917 555 335 241 231 185 306 226 53 89 235 187 795 489 220 179 795 490 151 142 476 317 200 168 60 92 21 72 703 440
166 20 5395 140 136 765 473 964 581 644 408 442 299 451 304 689 432 508 335 816 501 5 63 527 345 851 520 438 297 232 185 383 267 880 536 96 112 922 558 422 288 616 393
167 20 5493 504 332 395 273 664 419 718 448 6 63 463 310 878 534 44 84 431 293 379 265 690 433 102 115 775 479 984 592 986 592 684 430 471 314 899 546 85 106 828 507
168 20 5538 927 561 227 183 626 398 994 597 715 446 111 120 536 350 976 587 829 508 389 270 635 403 843 515 15 68 819 502 510 336 87 107 60 93 715 446 989 595 74 100
169 20 4353 800 492 919 556 71 99 312 229 400 276 629 400 62 94 831 509 161 147 168 151 275 209 626 398 323 235 304 225 200 168 1000 600 151 142 272 207 362 256 841 515
170 20 5215 865 527 344 246 157 145 823 504 917 556 343 246 234 187 53 89 969 584 410 282 721 450 307 226 770 476 133 132 60 92 637 404 890 541 797 491 314 230 686 431
171 20 4281 788 486 70 98 871 530 517 340 548 356 183 159 534 349 898 545 544 354 495 328 130 131 161 147 27 75 510 336 175 155 226 182 524 343 323 234 57 91 982 591
172 20 4175 126 128 17 69 26 74 384 267 18 70 966 582 232 186 911 552 282 213 340 244 388 270 246 193 732 455 57 91 804 495 890 541 169 152 810 498 164 149 789 486
173 20 5562 224 181 247 194 934 565 790 487 604 386 258 200 23 73 790 487 218 178 622 396 331 239 906 550 570 368 452 304 849 519 446 301 709 443 601 385 901 547 649 411
174 20 6089 894 543 608 388 978 588 608 388 595 382 638 405 674 424 698 437 351 250 1000 600 340 244 553 359 712 445 958 577 849 519 318 232 435 295 838 513 62 94 69 97
175 20 3361 367 258 728 453 561 363 158 146 162 148 288 216 253 197 565 365 142 137 21 72 782 483 121 126 138 134 429 292 188 162 698 437 745 462 108 118 197 166 72 99
176 20 4107 142 137 905 549 330 239 317 231 923 559 641 406 614 392 532 347 615 392 199 168 24 73 183 159 415 285 886 539 433 294 62 94 114 122 325 236 153 143 401 277
177 20 5143 749 465 540 352 827 507 728 453 530 346 655 414 834 511 216 177 20 71 622 396 17 70 898 545 203 170 885 538 342 245 798 491 167 150 185 160 958 577 112 121
178 20 4518 615 392 204 170 386 269 997 598 356 253 372 261 81 104 436 296 868 529 753 467 716 447 352 250 965 581 248 194 413 283 112 121 410 281 219 178 184 159 349 249
179 20 4148 339 243 129 130 443 300 476 317 334 241 795 490 989 594 798 491 584 375 221 179 177 156 291 217 220 179 131 131 578 372 429 292 500 330 148 140 74 100 640 406
180 20 5051 279 211 918 556 486 323 65 95 370 260 482 321 141 136 699 438 134 133 120 125 376 263 886 539 831 509 837 512 179 157 623 397 544 354 302 223 990 595 840 514
181 20 5184 130 131 761 471 591 380 483 321 899 546 199 168 484 322 751 466 459 308 884 537 246 193 205 171 629 400 815 500 21 72 780 481 843 515 185 160 785 484 218 178
182 20 4745 634 403 99 114 129 130 280 212 609 389 998 599 947 572 28 75 699 437 372 261 958 577 510 336 211 174 196 166 707 442 126 128 537 350 733 456 273 208 445 300
183 20 3887 525 344 326 236 298 221 517 339 78 102 76 101 308 227 73 100 413 283 861 525 461 309 377 264 521 341 154 143 473 316 373 262 412 283 437 296 440 298 652 412
184 20 4998 142 137 209 173 672 423 975 587 212 175 377 264 894 543 508 335 130 130 663 418 578 372 595 381 965 581 79 103 658 416 805 495 985 592 95 112 124 127 331 239
185 20 4941 233 186 922 558 377 264 462 310 115 122 249 195 417 285 663 418 690 433 390 271 440 298 782 482 275 208 973 586 745 462 75 101 954 575 63 94 902 547 155 144
186 20 3128 27 75 26 74 33 78 162 148 195 166 45 85 836 512 526 344 774 478 492 326 127 129 366 258 19 70 787 485 271 207 264 203 17 69 252 196 961 579 76 101
187 20 4456 424 289 528 345 140 136 443 300 453 305 820 503 755 468 553 359 548 356 61 93 934 564 830 508 342 245 146 139 701 439 374 262 201 169 361 255 218 178 80 103
188 20 4913 254 197 862 526 900 546 362 256 813 499 526 344 558 362 101 115 69 97 376 263 908 550 713 445 647 410 635 403 412 283 761 471 205 171 187 161 235 187 302 223
189 20 5354 610 390 787 485 711 444 79 103 862 526 799 492 766 474 552 359 335 241 407 280 666 420 873 531 299 222 8 64 673 424 493 326 259 200 15 68 933 564 581 374
190 20 4763 833 510 706 441 156 144 648 410 143 137 258 199 318 232 520 341 72 99 644 408 396 274 558 362 783 483 42 83 439 297 894 543 319 232 657 415 931 563 210 174
191 20 4811 670 422 615 392 555 360 537 350 518 340 967 583 40 82 175 155 543 354 358 253 246 193 598 383 577 372 494 327 83 105 728 454 121 125 659 416 934 565 204 170
192 20 3961 74 100 296 220 33 78 389 270 510 335 175 155 720 449 15 68 66 96 52 88 447 302 761 471 245 192 859 524 745 463 402 277 402 277 536 350 834 511 362 256
193 20 6021 437 296 825 506 710 443 283 213 735 457 265 203 958 578 138 135 479 319 968 583 828 508 831 509 636 404 366 258 871 530 374 262 547 356 594 381 493 326 704 440
194 20 4679 504 332 844 516 862 526 154 143 37 80 495 328 751 466 197 167 26 74 51 88 931 563 628 399 262 202 694 435 898 545 377 264 603 386 462 310 339 243 244 192
195 20 4922 335 241 37 80 920 557 371 261 174 154 982 591 434 294 225 181 399 276 214 176 411 282 80 104 268 205 276 209 592 380 540 352 902 547 908 550 858 524 919 556
196 20 5085 723 451 962 579 71 98 521 342 309 227 888 540 75 101 795 489 425 290 467 312 962 579 128 129 775 479 444 300 848 518 224 181 205 171 373 262 300 222 675 425
197 20 5061 688 432 997 599 229 184 571 368 821 503 225 181 376 263 609 389 470 314 284 213 145 139 987 593 935 565 508 335 470 314 354 252 513 337 815 500 118 124 7 64
198 20 5102 507 334 691 433 807 496 584 375 425 290 118 124 487 323 93 111 780 482 558 361 422 288 801 493 384 268 171 152 819 503 65 95 506 334 817 501 694 435 476 317
199 20 5792 648 410 732 456 980 590 563 364 140 136 707 442 777 480 814 500 33 78 22 72 834 511 619 395 90 109 647 410 987 593 749 465 442 299 513 337 697 437 591 379
200 20 4661 629 400 111 120 679 427 633 402 716 447 115 122 499 330 465 311 308 227 368 259 876 533 926 560 210 174 464 311 164 149 24 73 558 362 216 177 821 503 541 353
201 20 4961 518 340 107 118 941 568 422 288 458 308 334 241 789 486 433 294 107 118 191 163 169 151 805 495 948 572 493 326 715 447 708 443 573 370 344 246 667 420 200 168
202 20 6370 309 227 941 569 987 593 913 553 69 97 204 170 962 580 923 559 623 397 335 241 352 250 480 319 826 506 996 598 934 565 566 366 386 269 953 575 298 221 683 429
203 20 4819 253 197 552 358 148 140 569 368 701 439 279 211 936 566 822 504 590 379 147 140 301 223 15 69 656 414 664 419 899 546 694 435 152 142 438 297 255 198 568 367
204 20 4246 603 386 385 268 121 126 320 233 75 101 932 564 71 99 820 503 338 243 883 537 919 556 252 196 455 306 322 234 224 181 172 153 61 93 323 235 557 361 659 416
205 20 5746 802 493 529 346 25 74 100 114 837 512 48 86 654 413 801 493 400 276 883 537 69 97 505 333 968 583 53 89 765 473 789 486 880 536 905 549 895 544 584 376
206 20 4705 828 507 588 378 244 192 748 464 143 138 262 201 747 463 102 115 351 250 635 403 690 433 556 360 271 207 889 540 692 434 22 72 792 488 564 365 111 120 175 155
207 20 6114 724 451 610 389 995 597 726 452 896 544 590 379 88 108 655 414 834 510 918 556 678 427 129 130 677 426 33 78 818 502 916 555 108 119 800 492 276 209 757 469
208 20 3699 42 83 435 295 497 329 36 80 970 584 440 298 285 214 640 406 26 74 789 486 667 421 24 73 702 439 84 106 502 331 191 163 43 83 226 182 362 256 438 297
209 20 5826 813 499 779 481 699 438 900 546 549 357 84 105 678 426 30 76 915 554 792 488 978 588 699 438 371 261 436 295 974 586 459 308 395 273 429 292 500 330 172 153
210 20 4282 344 246 545 355 586 377 413 283 817 501 1 61 358 254 6 64 421 288 653 413 951 574 696 436 109 119 645 409 259 200 453 305 16 69 277 210 296 220 718 448
211 20 5374 849 519 933 564 22 72 860 525 59 92 234 186 458 307 922 558 942 569 555 360 789 486 838 513 211 174 754 467 434 295 101 115 569 367 897 544 64 95 258 199
212 20 4496 306 226 288 216 347 247 176 155 254 198 97 112 984 591 66 96 888 540 548 356 989 594 731 455 952 574 385 268 837 512 16 69 463 310 418 286 143 137 104 116
213 20 4942 673 424 118 124 253 197 64 95 857 523 332 239 106 118 891 541 691 433 950 573 512 337 642 407 676 425 357 253 348 248 979 589 243 192 98 113 687 431 407 280
214 20 5019 340 244 480 319 570 368 626 398 529 346 900 546 218 178 84 105 594 381 617 393 803 494 335 241 663 418 647 410 233 186 591 380 305 225 273 208 837 512 394 273
215 20 3255 140 136 324 235 357 253 515 339 373 262 31 77 503 332 188 162 29 76 686 430 117 123 403 278 162 148 216 177 212 175 384 268 975 587 388 270 150 141 357 253
216 20 3893 98 113 412 283 623 397 150 141 38 81 377 264 106 117 958 578 743 461 579 373 319 233 72 99 63 94 900 546 840 514 7 64 547 356 580 373 179 157 196 166
217 20 4263 905 549 337 242 751 466 746 463 559 362 571 369 369 260 907 550 205 171 268 205 10 66 17 70 500 330 2 61 114 122 616 393 412 283 269 205 933 564 36 80
218 20 5708 252 196 292 218 3 62 108 119 657 415 522 342 806 496 692 434 811 498 963 580 903 548 384 268 529 346 619 394 633 402 816 501 533 348 556 360 834 510 503 332
219 20 4633 264 203 57 91 492 326 68 97 809 497 673 424 146 139 805 495 511 336 687 431 711 444 591 379 438 297 648 410 203 170 133 132 867 528 517 339 216 177 431 293
220 20 5041 286 215 168 151 408 281 447 302 617 394 792 488 603 386 240 190 723 451 377 264 984 592 363 256 642 407 264 203 516 339 758 470 714 446 3 62 518 340 660 416
221 20 4024 55 90 486 323 355 252 989 594 422 288 130 130 553 359 329 238 159 146 401 277 46 85 578 372 999 600 24 73 231 185 195 165 950 573 317 232 684 429 145 139
222 20 5107 513 337 3 62 752 466 641 406 986 593 706 442 827 507 513 337 673 423 287 215 453 305 635 403 513 337 474 316 32 78 75 101 955 576 373 262 1 61 803 494
223 20 4541 323 235 691 433 295 220 446 301 402 277 136 134 753 467 202 169 481 320 418 286 812 499 115 123 20 71 10 66 995 598 502 331 975 587 251 196 840 514 415 285
224 20 6314 924 559 965 581 714 446 808 496 335 241 868 529 667 421 460 309 830 508 355 252 845 516 874 532 294 219 516 339 756 468 391 271 202 169 546 355 611 390 668 421
225 20 3876 65 96 643 407 566 366 666 420 4 63 162 147 423 289 46 85 747 464 428 291 61 93 142 137 180 157 598 383 618 394 268 205 700 438 204 170 598 383 633 402
226 20 4946 600 384 343 245 849 519 192 164 345 247 298 221 994 597 484 322 83 105 41 82 2 61 575 371 779 481 28 75 660 417 832 509 525 344 984 591 524 343 754 467
227 20 4966 405 279 963 580 524 343 228 184 523 343 617 394 803 494 599 384 804 494 981 590 199 168 218 178 400 276 343 245 501 331 500 330 154 143 603 386 476 317 91 109
228 20 3580 222 180 208 172 78 102 32 77 174 154 861 525 170 152 63 94 788 486 349 249 492 326 8 65 748 464 77 102 840 514 119 125 593 380 425 290 500 330 414 284
229 20 5881 330 239 39 81 204 170 896 544 899 546 876 533 838 513 392 272 463 310 643 407 415 284 958 577 345 247 332 240 987 593 620 395 983 591 159 146 509 335 875 533
230 20 5076 732 456 741 460 828 507 389 270 287 215 104 116 135 133 192 164 457 307 793 488 243 191 957 577 998 599 918 556 556 360 89 108 238 189 490 325 499 330 506 333
231 20 4874 522 342 65 95 44 84 665 419 714 446 657 415 323 235 861 525 174 154 635 403 410 282 292 218 911 552 562 364 864 527 150 141 240 190 272 207 451 304 936 566
232 20 4687 244 192 358 253 265 203 252 196 761 471 381 266 971 584 913 553 909 551 102 115 197 166 695 435 391 271 750 465 44 84 681 428 613 391 344 246 84 106 419 287
233 20 4715 37 80 2 61 110 119 193 165 472 315 432 294 375 263 309 227 818 502 885 538 736 458 232 185 232 185 394 273 955 576 847 517 492 326 749 465 395 273 765 473
234 20 4887 626 398 564 365 747 464 198 167 597 383 127 129 766 474 195 165 225 182 965 581 131 131 499 329 709 443 529 346 672 423 642 407 134 132 617 394 675 425 156 144
235 20 5029 860 525 434 295 561 363 388 270 955 576 488 324 634 403 255 198 723 451 96 112 247 194 384 267 868 529 621 395 704 440 300 222 282 213 29 76 257 199 972 585
236 20 5550 520 341 834 510 87 107 957 577 568 367 85 106 892 542 58 92 70 98 763 472 915 554 840 514 701 439 559 362 6 64 817 501 159 146 940 568 438 297 892 542
237 20 5046 721 449 930 562 771 477 523 343 607 388 888 540 794 489 667 421 76 101 153 143 814 500 319 233 499 330 231 185 457 307 63 94 463 310 274 208 293 219 550 357
238 20 5481 708 443 56 90 670 422 937 566 514 338 789 486 378 265 933 564 733 456 641 407 320 233 225 182 261 201 485 322 554 359 126 128 367 259 772 477 675 425 818 502
239 20 5114 508 334 663 418 795 489 394 273 247 194 834 510 468 313 28 76 18 70 134 132 826 506 815 501 15 68 938 567 491 325 844 516 340 244 944 570 592 380 334 240
240 20 4892 647 410 10 65 386 269 840 514 786 485 291 217 305 225 797 490 597 383 465 311 329 238 12 67 892 542 627 399 292 218 104 117 105 117 630 400 994 597 676 425
241 20 6407 607 388 463 310 575 371 720 449 95 112 195 166 907 550 615 392 737 458 647 409 876 533 581 374 496 328 909 551 567 366 845 516 957 577 680 427 572 369 770 476
242 20 4495 861 525 314 230 171 153 66 96 540 352 16 69 746 463 144 138 937 566 232 185 159 146 521 342 400 276 650 411 669 422 389 270 442 299 746 463 720 449 267 204
243 20 4382 864 527 287 215 953 575 41 82 437 296 573 370 28 75 471 315 298 221 732 456 996 598 379 265 189 163 576 371 609 389 19 70 547 356 1 61 638 405 127 129
244 20 4070 602 385 77 102 322 234 409 281 35 79 176 155 808 497 507 334 76 101 971 585 576 372 5 63 71 99 130 130 282 213 871 531 288 216 529 346 416 285 990 595
245 20 4896 727 453 738 459 130 130 1 61 351 250 884 537 691 433 536 350 680 428 214 176 852 520 564 365 507 334 186 161 13 67 821 504 328 237 793 488 709 443 67 96
246 20 5060 427 291 639 405 503 332 778 481 569 368 255 198 39 81 984 592 473 316 823 505 707 442 230 185 845 517 442 299 4 62 419 286 40 82 816 501 772 477 355 252
247 20 5831 7 64 960 579 629 400 638 405 501 331 878 535 763 472 323 235 882 536 995 597 828 507 47 86 569 367 852 520 197 167 505 333 644 408 557 361 382 266 505 333
248 20 5980 618 394 423 289 765 473 702 439 775 479 933 564 949 573 769 475 420 287 545 354 312 229 398 275 217 178 765 473 706 441 551 358 237 188 741 461 429 292 706 441
249 20 3753 150 141 563 364 137 134 355 252 318 232 55 90 298 221 706 441 278 210 16 69 828 507 799 492 328 238 179 157 280 211 411 282 12 66 377 264 469 314 947 572
250 20 4433 357 253 205 171 207 172 197 167 721 450 592 380 942 569 44 84 161 147 113 121 118 124 875 533 345 246 219 179 401 277 722 450 739 459 824 505 774 478 310 228
251 20 4387 842 515 68 97 308 226 981 590 241 190 584 375 269 206 241 190 977 588 241 190 128 130 476 317 822 504 102 115 217 177 452 305 52 88 737 458 880 535 157 145
252 20 5542 396 274 54 89 712 445 976 587 966 582 745 463 351 250 932 563 307 226 709 443 111 120 697 436 41 82 835 511 200 168 642 407 908 551 376 263 192 164 935 565
253 20 4859 462 310 154 143 216 177 433 294 594 381 406 279 696 436 69 97 770 476 673 423 339 243 906 549 668 421 220 179 580 374 309 227 70 98 509 335 776 479 868 529
254 20 5490 716 447 474 316 703 440 690 433 771 477 96 112 774 478 69 97 887 539 511 336 555 360 198 167 588 378 340 244 646 409 594 381 564 365 819 503 967 582 19 70
255 20 4857 772 477 224 181 324 235 604 387 4 63 824 505 161 147 754 467 75 101 731 455 341 245 964 581 698 437 132 131 725 452 329 238 666 420 869 529 508 335 10 66
256 20 6293 548 356 586 377 975 587 309 227 776 479 813 499 641 406 413 283 506 333 571 368 555 360 900 546 40 82 963 580 842 515 994 597 527 345 336 242 680 428 612 391
257 20 5337 172 153 721 449 983 591 738 459 635 403 926 560 378 265 415 284 459 308 402 277 812 499 567 367 649 411 32 77 988 594 1 61 126 128 342 245 920 557 408 281
258 20 3970 374 262 228 183 866 528 454 305 156 145 126 128 660 417 506 333 86 107 254 198 666 420 479 319 462 310 8 64 653 413 343 245 375 263 38 81 518 340 689 432
259 20 3905 356 253 41 82 180 157 90 109 263 202 896 544 27 75 8 65 827 507 827 507 866 528 257 199 269 205 219 179 39 81 899 546 459 308 720 449 538 351 29 76
260 20 5671 966 582 619 394 151 142 336 241 215 176 202 169 988 593 784 484 672 423 760 471 953 575 741 460 107 118 676 425 783 483 322 234 492 326 130 130 884 538 561 363
261 20 4691 290 217 939 567 489 324 519 341 51 88 588 378 620 395 501 331 834 511 189 162 105 117 739 459 362 256 658 415 647 409 474 316 328 237 243 191 24 73 783 483
262 20 5162 678 426 920 557 35 79 761 471 340 244 126 128 769 475 64 95 188 162 531 347 854 521 558 362 814 500 190 163 289 216 77 102 971 584 966 582 222 180 971 585
263 20 5192 668 421 755 468 736 458 395 273 285 214 600 384 781 482 687 431 92 110 977 588 734 457 153 143 868 529 108 119 661 417 659 416 295 220 696 436 187 161 48 86
264 20 4368 517 339 347 247 655 414 224 181 575 371 311 228 80 103 76 101 705 441 938 567 368 259 832 509 121 126 130 130 317 231 346 247 927 561 261 201 882 536 124 127
265 20 5484 500 330 406 279 907 550 748 464 860 525 228 184 979 589 408 281 87 107 552 358 740 460 782 482 669 422 828 507 578 372 357 253 585 376 218 178 482 321 55 90
266 20 5164 39 81 224 181 267 204 111 120 440 298 548 356 898 545 972 585 452 304 573 370 347 248 785 484 72 99 815 500 593 380 697 437 606 388 152 142 814 500 924 559
267 20 3983 310 227 598 383 763 472 472 315 217 177 539 351 425 290 413 283 51 88 725 452 661 417 291 217 131 131 312 229 888 540 168 151 135 133 413 283 433 294 21 72
268 20 6602 268 205 613 391 499 330 865 527 772 477 563 364 998 599 563 364 628 400 689 432 804 495 640 406 614 392 571 369 48 86 763 472 669 421 947 571 768 475 922 558
269 20 4578 13 67 701 439 50 87 54 89 568 367 832 510 495 328 78 102 452 304 419 286 740 460 677 426 706 441 326 236 629 400 538 351 223 181 576 371 228 184 851 520
270 20 5861 724 451 72 99 294 219 892 542 204 170 868 529 713 445 908 550 355 252 865 527 542 353 399 276 101 115 557 361 806 496 742 461 971 585 330 238 541 353 839 513
271 20 5297 188 162 472 315 690 433 78 103 931 563 817 501 488 324 600 384 53 89 554 360 522 342 962 580 792 488 873 532 319 233 212 174 363 256 364 257 787 485 529 346
272 20 5584 684 430 352 250 71 99 454 306 275 208 345 247 193 164 853 521 668 421 878 534 952 574 595 381 302 224 165 149 827 507 795 490 509 335 409 281 887 539 955 576
273 20 5857 932 564 583 375 192 164 968 583 799 492 538 351 295 220 768 475 96 112 306 225 642 407 432 294 845 516 881 536 614 392 729 454 477 318 812 499 38 81 768 475
274 20 5490 792 488 796 490 515 338 691 433 416 285 507 334 349 249 669 422 644 408 684 430 856 522 25 73 574 370 576 371 632 402 401 277 168 151 823 505 250 195 613 391
275 20 4735 701 439 990 595 155 144 128 129 149 141 490 325 521 341 545 354 57 91 760 471 317 231 944 570 925 560 468 313 440 298 697 437 144 138 330 239 485 322 225 182
276 20 4783 28 75 308 227 75 101 563 364 64 95 700 438 480 319 649 411 200 168 919 557 209 173 101 115 635 403 447 302 257 199 796 490 670 422 765 473 735 457 965 581
277 20 5378 495 327 476 317 485 322 908 550 845 517 709 443 894 543 416 285 961 579 602 386 484 321 104 117 379 265 143 137 423 288 508 335 648 410 803 494 444 300 30 76
278 20 3884 745 462 430 293 99 114 834 510 456 306 150 141 675 424 106 117 705 441 880 535 113 121 49 87 69 98 919 557 647 409 147 140 146 139 161 147 374 262 64 95
279 20 4595 198 167 440 298 327 237 205 171 140 136 464 311 151 142 406 279 885 538 573 370 247 194 101 115 462 310 185 160 994 597 966 582 638 405 898 545 454 305 457 307
280 20 4191 310 228 339 243 761 471 699 438 300 222 198 167 33 78 86 106 494 327 977 588 116 123 292 218 909 551 669 422 132 132 248 194 326 236 934 564 543 354 16 69
281 20 4843 150 141 149 141 650 411 324 235 534 349 739 459 958 578 532 348 884 537 524 343 114 122 397 275 200 168 961 579 166 150 664 419 842 515 347 247 21 72 530 346
282 20 5058 617 394 814 500 236 188 524 343 361 255 389 270 911 552 98 113 628 399 127 129 730 454 827 507 805 495 963 580 512 337 226 182 346 247 424 289 542 353 36 80
283 20 5421 73 100 100 114 795 489 563 364 292 218 237 188 967 583 990 595 930 562 982 591 235 187 926 560 735 457 160 147 212 175 977 588 258 199 727 453 668 421 16 69
284 20 4758 997 599 114 122 559 362 657 415 862 525 13 67 311 228 22 72 755 468 938 567 48 86 759 470 164 149 255 198 539 351 114 122 166 150 311 228 977 588 955 576
285 20 4141 792 488 262 202 760 471 200 168 639 405 412 283 160 147 691 433 527 345 403 278 155 144 597 383 40 82 143 137 588 378 662 418 367 258 631 401 209 173 45 84
286 20 2839 68 97 54 90 518 340 118 124 293 218 26 75 184 159 88 108 29 76 90 109 69 98 684 430 32 77 255 198 425 290 390 271 582 374 932 563 520 341 322 234
287 20 4517 754 468 331 239 956 576 425 290 686 431 470 314 102 115 415 284 9 65 202 169 862 526 969 584 298 221 545 355 377 264 257 199 164 149 39 81 426 290 748 464
288 20 4812 126 129 576 371 237 188 521 341 520 341 676 425 641 406 825 506 805 495 998 599 837 512 93 110 953 575 126 128 134 132 670 422 456 307 260 201 26 74 144 138
289 20 4277 27 75 517 339 582 374 504 332 172 153 600 384 814 500 620 395 184 159 790 487 13 67 272 207 111 120 958 577 421 287 249 195 824 505 289 217 146 139 461 309
290 20 5712 201 169 773 478 80 104 767 474 420 287 290 217 815 500 477 318 324 235 586 377 393 272 855 522 897 545 287 215 867 528 646 409 739 459 345 247 964 581 699 438
291 20 4795 311 228 377 264 635 403 505 333 795 490 270 206 363 256 408 281 59 92 366 258 181 158 218 178 691 433 800 492 93 111 911 552 715 446 503 332 423 288 966 582
292 20 3988 715 446 660 417 198 167 402 277 206 171 156 144 197 167 235 187 839 514 915 555 172 153 780 481 64 95 39 81 544 354 536 349 29 76 411 282 266 204 613 391
293 20 5400 778 480 131 131 682 429 574 370 476 317 83 105 823 504 414 284 445 300 813 499 350 249 965 581 902 547 190 163 607 388 743 461 676 425 403 278 631 401 115 122
294 20 4503 618 394 133 132 127 129 940 568 197 167 275 209 43 84 46 85 311 228 3 62 891 541 717 447 653 413 757 469 459 308 505 333 471 315 822 504 443 300 595 382
295 20 5222 248 194 487 323 410 282 173 154 269 205 845 516 405 279 285 214 880 536 476 317 773 477 985 592 252 196 349 249 675 425 902 547 473 316 447 302 459 308 651 412
296 20 6154 850 519 261 201 733 456 610 390 518 340 887 539 80 103 919 556 935 565 718 448 63 94 105 117 826 506 914 554 843 515 183 159 589 378 765 473 589 378 921 557
297 20 4665 766 474 245 193 468 313 24 73 599 383 198 167 564 365 370 260 963 580 215 176 268 205 967 582 532 348 548 356 801 493 677 426 67 96 333 240 508 335 218 178
298 20 3886 794 489 8 64 256 199 79 103 733 456 170 152 369 259 373 262 790 487 764 473 478 318 160 146 34 78 26 74 671 422 143 137 536 350 368 259 382 267 639 405
299 20 5343 477 318 806 495 681 428 562 364 410 281 421 287 93 111 309 227 365 257 857 523 601 385 869 530 888 540 432 293 386 269 616 393 757 469 720 449 270 206 166 150
300 20 4130 304 225 155 144 381 266 195 166 145 138 242 191 310 228 506 333 351 250 765 473 85 106 844 516 155 144 593 380 73 100 493 327 530 346 811 498 942 569 380 266
301 20 3155 997 599 532 348 220 179 141 136 430 292 620 395 168 151 69 98 993 597 224 181 273 208 161 147 498 329 412 283 68 97 237 188 69 97 154 143 5 63 39 81
302 20 4572 427 291 287 215 166 150 139 135 399 276 346 247 438 297 495 328 399 276 712 445 891 541 555 360 89 108 239 189 698 437 141 136 773 477 973 586 541 352 437 296
303 20 4720 80 104 348 248 87 107 166 150 1000 600 146 139 396 274 868 529 793 489 565 365 450 303 535 349 858 523 921 558 416 285 815 500 261 201 467 312 109 119 160 146
304 20 5057 341 244 496 328 125 127 416 285 780 482 431 293 780 482 67 96 116 123 855 522 328 238 559 362 547 356 775 479 539 351 516 339 307 226 826 506 357 253 954 576
305 20 4611 590 379 618 394 138 135 859 524 675 425 280 211 727 453 134 133 499 330 33 78 210 174 297 221 744 462 430 292 28 75 339 244 342 245 987 593 514 338 778 480
306 20 5999 643 407 838 513 226 183 937 566 957 577 942 569 389 270 779 481 631 401 88 108 752 466 999 600 497 329 736 458 318 232 639 405 354 251 391 271 6 64 877 534
307 20 5116 996 598 984 592 84 106 793 489 472 315 528 345 741 460 698 437 94 111 520 341 566 366 106 117 31 77 496 328 854 521 958 578 257 199 445 300 446 301 163 148
308 20 4940 506 333 148 140 106 118 785 484 391 271 121 126 483 321 998 599 913 553 99 114 347 247 338 243 482 320 422 288 370 260 519 340 841 515 917 555 558 362 536 349
309 20 5227 996 598 933 564 815 501 429 292 239 189 926 560 593 381 408 281 282 213 512 337 445 301 422 288 982 590 506 334 204 170 329 238 309 227 223 181 225 182 677 426
310 20 3927 289 216 720 449 530 346 175 155 300 222 301 223 399 275 330 238 284 214 804 495 524 343 45 85 80 103 290 217 481 320 676 425 951 574 550 357 28 75 97 113
311 20 5839 552 359 722 450 463 310 991 595 133 132 984 592 291 217 472 315 300 222 914 554 874 532 296 220 980 590 307 226 515 338 246 193 742 461 734 456 829 508 334 241
312 20 5550 605 387 599 383 720 449 534 349 186 160 42 83 642 407 212 175 116 123 294 219 888 540 528 345 925 560 836 512 717 447 136 134 538 351 935 565 669 422 978 588
313 20 4961 478 318 543 354 148 140 46 85 598 383 962 580 945 571 487 323 40 82 719 448 209 173 31 77 753 467 702 439 168 151 667 420 310 227 982 591 610 390 524 343
314 20 4982 337 242 960 579 689 432 534 348 666 420 699 438 565 366 496 328 227 183 706 442 158 146 665 419 666 420 725 452 197 167 510 335 739 459 399 276 21 71 5 63
315 20 4937 74 100 461 309 328 238 888 540 812 499 499 329 590 379 953 575 895 544 657 415 88 108 339 243 353 251 674 424 212 175 756 468 94 111 114 122 719 448 368 259
316 20 5214 796 490 501 331 818 502 550 357 722 450 241 190 156 145 500 330 817 501 749 465 453 305 77 102 46 85 814 500 167 151 268 205 363 256 953 575 922 558 516 339
317 20 5108 241 191 698 437 161 147 602 385 393 272 575 371 204 170 510 336 991 596 493 327 652 412 559 362 420 287 570 368 956 576 359 254 271 206 404 278 707 442 450 303
318 20 5420 591 380 523 343 846 517 790 487 56 91 39 81 956 576 586 376 886 539 100 114 674 424 558 362 730 454 780 481 432 293 834 510 65 95 700 438 449 303 246 193
319 20 5026 340 244 328 237 445 300 485 322 797 491 582 374 925 560 777 480 82 104 994 597 98 113 594 381 560 363 236 188 818 502 622 396 535 349 223 180 275 209 336 242
320 20 5232 854 521 337 242 282 213 480 320 477 318 207 172 523 343 749 465 713 445 523 342 307 226 638 405 810 497 216 177 202 169 404 279 941 569 99 114 895 544 808 497
321 20 4423 450 303 251 196 250 195 914 554 127 129 791 487 241 190 970 584 340 244 169 151 333 240 431 293 479 319 52 89 42 83 473 316 974 586 839 513 168 151 553 359
322 20 5583 800 492 914 554 614 392 741 460 356 253 545 355 302 223 978 588 363 256 225 182 417 285 331 239 553 359 940 568 660 417 657 415 873 531 46 85 664 419 188 162
323 20 4266 35 79 416 285 585 376 53 89 562 364 920 557 210 174 287 215 139 135 468 313 54 89 424 289 886 539 696 436 709 443 481 320 684 430 616 393 139 135 169 152
324 20 4571 518 340 201 169 91 109 887 539 617 393 849 519 361 255 829 508 328 238 318 232 652 412 254 197 268 205 871 531 389 270 708 443 756 468 64 95 45 85 137 134
325 20 5797 471 315 348 248 483 321 934 565 613 391 835 511 630 401 363 256 919 557 682 428 911 552 558 362 583 375 823 505 364 257 534 349 222 180 475 317 346 247 501 331
326 20 5001 38 81 934 565 410 282 144 138 931 563 239 189 202 169 305 225 874 532 760 471 955 576 812 499 721 449 981 590 140 136 238 189 285 214 53 89 135 133 846 517
327 20 4375 909 551 941 569 55 90 149 141 701 439 770 476 35 79 100 114 203 170 823 505 323 234 498 329 298 221 784 483 278 210 424 289 572 369 83 105 790 487 15 69
328 20 5330 817 501 281 212 857 523 785 484 846 517 720 449 600 384 270 206 996 598 264 203 263 202 490 325 439 297 555 360 218 178 533 348 61 93 436 296 775 479 454 305
329 20 5421 969 584 172 153 868 529 919 557 175 155 856 523 625 398 363 256 261 201 994 597 611 390 598 383 179 157 54 89 168 151 738 459 817 502 656 414 310 228 509 335
330 20 5617 527 345 109 119 944 570 378 265 621 395 984 592 789 486 17 70 891 541 9 65 933 564 772 477 714 446 414 284 560 362 809 497 358 254 709 443 469 314 227 183
331 20 5080 979 589 929 562 992 596 985 592 357 253 659 416 158 145 307 226 951 574 244 192 461 309 54 89 390 271 154 144 437 296 223 181 162 147 634 403 349 249 736 457
332 20 4851 502 331 585 376 816 501 877 534 176 155 149 141 875 533 284 214 153 143 576 371 123 126 728 454 738 459 585 376 507 334 902 547 87 107 444 300 184 160 412 283
333 20 4906 536 350 101 115 550 357 692 434 630 401 195 166 488 324 620 395 311 228 480 319 456 307 413 283 92 110 786 485 568 367 656 415 767 474 488 324 944 570 40 82
334 20 5453 263 202 260 201 986 593 667 420 965 581 818 502 27 75 473 316 870 530 578 372 256 198 330 238 254 198 712 445 223 181 136 134 661 417 985 592 933 564 509 335
335 20 4879 233 186 572 369 104 116 171 153 432 293 133 132 71 99 875 533 851 520 67 96 761 471 716 447 988 594 736 458 845 516 280 212 350 249 469 313 148 140 957 577
336 20 5694 570 368 555 360 121 125 275 209 543 354 319 232 432 294 617 393 929 562 306 225 590 379 773 477 799 492 63 94 213 175 950 573 626 398 909 551 843 515 955 576
337 20 4949 407 280 820 503 712 445 484 322 681 428 479 319 796 490 125 128 24 73 800 492 280 212 571 368 433 294 586 376 551 358 297 221 142 137 792 488 170 152 748 464
338 20 5124 894 543 475 317 763 472 724 451 183 159 551 358 711 444 1000 600 573 369 251 196 326 236 193 164 881 536 630 400 433 294 494 327 23 72 362 256 305 225 476 317
339 20 5060 765 473 91 109 808 497 627 399 121 125 384 268 638 404 5 63 510 335 554 360 356 253 317 232 382 266 407 280 754 468 61 93 865 528 872 531 736 458 868 529
340 20 5559 946 571 920 557 827 507 313 229 468 313 846 517 113 121 581 374 622 396 993 596 498 329 353 251 834 511 518 340 44 84 399 276 200 168 698 437 759 470 186 161
341 20 6123 689 432 732 455 820 503 454 305 506 333 286 214 346 247 974 586 847 518 962 580 291 217 652 412 971 584 946 571 64 95 511 336 69 97 769 475 977 588 380 265
342 20 5078 769 476 315 230 568 367 780 481 136 134 750 465 348 248 969 584 42 83 648 410 333 240 970 584 25 74 96 112 969 583 299 222 512 337 257 199 686 430 684 429
343 20 5057 633 402 489 324 534 348 768 475 966 582 211 174 98 113 452 304 497 329 57 91 572 369 542 353 100 114 671 423 635 403 819 503 210 173 911 552 24 73 925 560
344 20 5213 751 466 901 547 218 178 384 268 908 550 147 140 515 338 251 196 49 87 947 572 183 159 489 324 927 561 963 580 312 229 369 260 3 62 760 471 906 549 443 300
345 20 5220 269 206 628 399 154 144 994 597 705 441 129 130 334 241 494 327 712 445 350 249 705 441 932 564 638 405 23 73 762 472 855 522 163 148 787 485 207 172 599 384
346 20 6782 975 587 695 435 975 587 372 261 789 486 584 376 892 542 723 451 816 501 878 534 624 397 961 579 696 436 845 517 891 542 660 417 367 258 75 101 518 340 228 183
347 20 5743 923 559 518 340 765 473 452 304 363 256 533 348 301 223 202 169 708 443 419 287 416 285 198 167 640 406 696 436 977 588 342 245 1000 600 993 597 816 501 224 181
348 20 5589 472 315 872 531 698 437 570 368 367 258 559 362 847 517 891 541 165 149 868 529 477 318 9 65 425 290 416 285 736 457 281 212 549 357 809 497 845 517 323 234
349 20 4591 653 413 215 176 242 191 638 405 505 333 329 238 250 195 492 326 134 132 503 332 599 384 191 163 444 300 197 167 968 583 858 523 143 138 389 270 475 317 958 578
350 20 4876 892 542 379 265 214 176 226 182 461 309 693 434 916 555 46 85 173 154 233 186 900 546 93 110 453 305 834 511 39 81 538 351 860 525 235 187 721 450 846 517
351 20 5084 496 328 47 86 118 124 416 285 745 463 225 182 183 159 420 287 955 576 800 492 293 218 320 233 352 250 980 589 924 559 759 470 485 322 354 251 793 488 503 332
352 20 5374 143 137 601 385 263 202 698 437 754 467 136 134 427 291 910 552 458 307 19 70 897 545 791 488 826 506 912 553 742 461 221 179 132 132 765 473 302 224 751 466
353 20 4460 268 205 539 351 435 295 708 443 116 123 198 167 268 205 391 271 302 223 331 239 936 565 981 590 467 312 993 596 28 76 305 225 542 353 581 374 409 281 122 126
354 20 4543 627 399 110 120 977 588 191 163 93 110 871 531 952 574 125 128 194 165 741 460 665 420 60 93 699 438 181 158 443 300 829 508 507 334 28 76 66 96 727 453
355 20 5116 485 322 798 491 330 238 724 451 651 412 454 306 489 324 627 399 488 324 771 476 250 195 432 293 280 211 936 566 351 250 50 87 583 375 594 381 197 166 743 462
356 20 4838 900 546 261 201 965 581 586 377 842 515 414 284 628 399 525 344 121 126 62 94 376 263 537 350 663 418 543 354 170 152 787 485 201 169 112 121 422 288 561 363
357 20 5212 458 307 422 288 682 429 541 353 226 182 992 596 473 316 415 284 129 130 97 113 769 475 307 226 946 571 556 360 492 326 272 207 963 580 294 219 936 565 454 305
358 20 4245 867 528 755 468 717 447 173 153 212 175 148 140 51 88 157 145 157 145 535 349 523 343 794 489 573 370 68 97 518 340 394 273 601 385 82 105 748 464 417 286
359 20 4015 530 346 277 210 418 286 537 350 30 76 439 298 610 390 580 373 143 138 897 545 95 112 617 393 610 389 373 261 51 88 518 340 576 371 256 199 37 80 437 296
360 20 5116 771 477 584 376 609 389 966 582 870 530 587 377 11 66 655 414 127 129 405 279 491 326 260 201 592 380 405 279 785 484 128 129 330 238 982 590 656 415 18 70
361 20 4965 838 512 971 584 628 399 108 119 710 444 782 482 425 290 664 419 192 164 260 201 608 388 352 250 450 303 311 228 679 427 442 299 195 166 330 239 852 520 133 132
362 20 5135 596 382 148 140 331 239 415 284 863 526 344 246 748 464 35 79 242 191 852 520 520 341 5 63 711 444 648 410 272 207 399 276 851 520 646 409 710 443 934 565
363 20 4874 449 303 507 334 865 527 440 298 536 350 612 390 811 498 942 569 561 363 163 148 588 378 80 103 455 306 29 76 463 310 16 69 958 577 262 202 316 231 696 436
364 20 5121 420 287 234 187 724 451 919 556 333 240 824 505 465 311 256 199 226 182 511 336 899 546 438 297 437 296 210 174 453 305 884 538 462 310 414 284 297 220 836 512
365 20 5459 483 321 267 204 618 394 729 454 479 319 853 521 380 265 220 179 630 401 15 68 970 584 780 481 711 444 112 121 799 492 554 359 578 373 862 526 673 423 206 172
366 20 5183 924 559 401 277 874 532 308 226 282 213 674 424 62 93 537 350 219 178 738 459 907 550 343 245 90 109 999 600 607 388 399 276 509 335 663 418 313 229 518 340
367 20 4012 387 269 994 597 527 345 278 210 445 300 451 304 395 273 70 98 433 294 538 350 767 474 426 290 190 163 2 61 456 306 558 362 37 80 111 120 559 362 400 276
368 20 5530 464 311 266 204 362 256 529 346 801 493 966 582 664 419 144 138 628 399 27 75 830 509 883 537 469 313 304 225 569 367 327 237 660 417 485 322 692 434 991 596
369 20 4928 394 273 529 346 996 598 706 442 552 358 230 185 503 332 334 240 377 264 67 97 383 267 862 526 605 387 482 320 689 432 240 190 499 330 480 320 782 482 146 139
370 20 4054 139 135 46 85 227 183 236 187 202 170 224 181 358 254 460 308 452 305 834 511 406 280 337 242 572 369 846 517 182 158 522 342 847 517 404 278 644 408 171 153
371 20 4345 390 271 216 177 495 327 375 262 279 211 776 479 106 117 145 138 403 278 583 375 618 394 188 162 860 525 208 173 137 134 456 306 918 556 358 254 989 594 190 163
372 20 4514 741 460 348 248 477 318 536 350 439 297 25 74 234 187 448 302 557 361 963 580 547 356 691 433 353 251 288 216 483 321 302 223 701 439 247 194 200 168 448 302
373 20 4393 308 227 574 370 643 407 555 360 16 69 541 352 181 158 810 498 300 222 859 524 274 208 678 426 947 571 765 473 365 257 517 340 201 169 96 112 98 113 58 91
374 20 3945 101 115 977 588 200 168 676 425 236 188 68 97 1 61 360 255 497 329 770 476 242 191 391 271 573 370 38 81 625 398 873 531 168 151 223 181 710 444 161 147
375 20 5020 769 476 99 114 757 469 697 437 145 138 977 588 792 488 691 433 53 89 265 203 988 594 852 520 487 323 63 94 201 169 36 80 15 68 491 325 823 505 839 513
376 20 5086 518 340 487 323 716 447 89 108 631 401 64 95 286 215 920 557 546 355 759 470 916 555 778 480 208 173 222 180 138 135 813 499 545 354 993 597 350 249 194 165
377 20 4889 828 508 778 480 605 387 127 129 598 383 207 172 751 466 657 415 132 131 673 424 408 280 592 380 751 466 413 283 177 156 234 187 950 573 12 66 644 408 241 190
378 20 5505 339 243 561 363 774 478 531 347 916 555 905 549 975 587 611 390 508 335 387 269 557 361 330 238 162 148 307 226 507 334 518 340 539 351 771 477 374 262 438 297
379 20 6056 903 548 517 339 979 589 918 556 57 91 540 352 822 504 479 319 614 392 610 390 155 144 275 209 866 528 348 248 387 269 391 271 469 314 951 574 890 541 941 568
380 20 4918 585 376 784 483 179 157 268 205 322 234 255 198 994 597 248 194 719 448 343 245 687 431 619 395 287 215 820 503 583 375 799 492 289 216 312 229 286 214 458 308
381 20 5370 770 476 643 407 295 220 467 312 454 306 175 155 760 470 409 281 396 274 391 271 929 562 451 304 884 538 965 581 713 445 752 466 638 405 46 85 400 276 203 170
382 20 4604 328 237 799 492 71 99 186 161 233 186 526 344 504 333 78 102 367 258 413 283 455 306 717 447 875 533 976 587 453 305 414 284 791 487 779 481 204 170 39 81
383 20 4555 263 202 159 146 410 282 472 315 510 336 352 250 814 500 701 439 337 242 708 442 238 188 103 116 533 348 424 289 197 167 650 411 682 429 844 516 366 258 348 248
384 20 4628 64 95 679 427 563 364 811 498 619 394 39 81 68 97 158 145 758 470 848 518 603 386 29 76 22 72 152 143 464 311 673 423 619 395 966 582 228 183 894 543
385 20 5254 31 77 432 294 804 494 869 529 892 542 424 289 589 378 876 533 405 279 504 332 697 437 230 184 301 223 774 478 58 91 859 524 849 519 256 199 181 158 477 318
386 20 4930 261 201 569 367 607 388 352 250 368 259 102 116 640 406 245 192 257 199 802 493 647 409 922 558 750 465 593 381 611 390 211 174 295 220 522 342 160 147 947 571
387 20 5524 646 409 829 508 710 444 885 538 278 210 407 280 256 199 877 534 938 567 269 206 842 515 763 472 7 64 893 543 572 369 716 447 14 68 102 115 914 554 130 131
388 20 5113 979 589 185 160 405 279 599 384 955 576 165 150 5 63 840 514 432 293 381 266 973 586 363 256 707 442 337 242 566 366 331 239 862 526 719 449 119 125 303 224
389 20 5154 117 123 210 174 510 336 297 220 348 248 669 422 860 525 794 489 256 199 316 231 342 245 592 380 836 512 875 533 941 568 927 561 231 185 457 307 579 373 152 142
390 20 5717 142 137 814 500 461 309 688 432 732 455 92 110 883 537 630 400 335 241 493 327 809 497 7 64 871 531 760 470 735 457 986 593 805 495 438 297 167 151 587 377
391 20 5337 165 150 355 252 463 310 288 216 687 431 731 455 989 594 421 288 24 73 714 446 998 599 125 128 64 95 427 291 963 581 599 384 850 519 390 271 987 593 434 295
392 20 4557 816 501 342 245 847 517 912 553 364 257 344 246 473 316 261 201 315 230 145 139 104 116 47 85 254 197 353 251 568 367 796 490 773 478 300 222 563 364 538 351
393 20 5720 900 546 282 212 321 234 640 406 142 137 925 560 150 141 973 586 777 480 861 525 441 298 228 183 972 585 192 164 794 489 571 369 402 277 446 301 683 429 740 460
394 20 5702 641 407 522 342 760 471 479 319 500 330 850 519 751 466 302 223 630 400 790 487 363 256 892 542 820 503 540 352 603 386 542 353 137 134 546 355 16 69 721 450
395 20 4853 334 241 789 486 218 178 14 68 604 386 11 66 140 136 257 199 193 164 598 383 633 402 916 555 95 111 911 552 578 373 649 410 433 294 831 509 711 444 791 487
396 20 3736 65 95 377 264 49 87 572 369 24 73 349 249 868 529 930 563 78 102 495 327 329 238 410 282 44 84 503 332 820 503 872 531 431 293 44 84 182 158 30 77
397 20 5061 375 262 167 151 407 280 351 250 991 596 676 425 623 397 857 523 295 219 593 380 13 67 70 98 143 138 693 435 333 240 211 174 929 562 647 410 1000 600 748 464
398 20 3743 511 336 847 518 994 597 274 208 186 161 143 137 162 148 382 267 896 544 282 213 14 68 183 159 57 91 209 173 153 143 294 219 666 420 370 260 8 64 856 522
399 20 4604 498 329 360 255 75 100 602 386 24 73 371 261 658 416 582 374 137 134 858 523 898 545 680 427 113 121 883 537 972 585 331 239 496 328 189 162 435 295 47 86
400 20 4530 40 82 20 71 514 338 886 538 790 487 559 362 658 415 541 352 344 246 84 105 443 299 663 418 486 323 88 108 238 189 53 89 983 591 570 368 427 291 673 424
