1 20 7518 144 53 834 496 586 357 566 318 731 438 610 362 543 342 936 560 852 506 829 495 741 456 854 521 956 574 862 523 951 571 962 578 743 455 813 487 744 435 780 478
2 20 7549 768 456 740 458 666 393 982 590 731 450 484 308 773 474 553 319 628 388 904 546 948 567 676 421 919 553 324 208 657 388 980 589 853 509 933 564 705 424 875 524
3 20 7476 944 568 943 569 701 409 354 179 807 486 529 345 789 464 785 471 822 492 845 516 711 438 947 568 801 486 990 594 500 310 994 596 98 107 817 480 976 585 599 349
4 20 7935 324 218 982 588 602 375 557 342 973 585 884 536 955 576 961 575 440 265 912 547 768 470 921 554 789 471 898 538 826 504 798 485 798 488 932 563 711 424 840 496
5 20 7747 867 526 779 478 787 465 790 472 955 574 979 588 751 458 967 581 863 524 576 327 871 522 894 533 451 279 530 333 724 435 568 366 931 556 593 338 749 443 869 527
6 20 8104 925 555 913 551 913 545 436 273 849 505 973 584 948 571 612 350 332 213 996 598 599 367 882 526 967 582 358 236 968 581 970 581 991 595 944 568 869 522 764 456
7 20 7744 979 588 525 315 976 586 595 338 747 457 933 557 966 579 839 500 972 584 642 367 820 501 978 587 370 250 762 456 390 256 942 568 457 277 756 451 857 519 983 590
8 20 7674 991 595 834 508 674 402 720 426 851 514 951 568 914 551 484 318 654 410 895 541 965 579 578 333 736 453 533 343 425 231 921 553 989 594 787 485 643 396 803 483
9 20 7248 700 436 615 392 856 507 31 30 1000 600 780 456 401 251 919 555 538 309 648 407 755 439 976 585 513 336 623 360 998 599 879 528 895 531 906 545 515 292 949 568
10 20 7558 426 239 989 594 675 393 638 378 643 390 800 486 969 583 916 548 947 568 447 248 943 564 704 410 654 392 494 311 931 560 606 354 996 598 416 215 958 574 964 578
11 20 8288 372 257 813 478 846 515 961 575 960 577 913 548 952 569 780 465 706 419 868 514 849 516 879 531 940 563 918 552 840 498 884 527 726 438 809 483 675 408 886 527
12 20 8005 688 425 638 383 711 431 982 590 415 253 951 569 941 568 775 462 865 512 824 492 726 435 744 445 742 440 907 549 662 385 840 502 939 560 800 472 998 599 863 517
13 20 7749 608 381 763 468 272 177 824 498 816 489 797 472 713 437 825 491 663 380 904 545 826 491 865 512 964 576 904 543 741 430 637 400 558 353 989 594 961 578 869 528
14 20 6974 522 306 780 457 625 373 179 109 915 547 713 436 550 333 863 522 880 522 799 489 538 348 674 386 992 596 607 380 626 383 642 368 733 435 844 505 577 321 889 538
15 20 7818 862 511 815 482 569 353 878 524 746 454 795 465 857 515 756 467 696 401 890 528 528 299 689 397 795 469 718 426 884 537 618 353 848 504 744 437 953 571 996 598
16 20 7482 811 495 378 201 793 478 855 507 919 550 714 434 499 274 888 536 896 533 844 510 604 375 794 466 821 501 487 289 964 577 818 491 888 534 637 389 717 444 638 375
17 20 7879 983 590 535 310 277 131 982 590 975 586 769 467 859 513 946 566 948 572 807 483 997 598 665 381 958 573 880 531 851 520 980 589 606 366 275 199 772 457 694 431
18 20 7797 736 430 902 544 597 360 780 467 502 292 838 510 618 379 902 540 729 448 943 567 883 528 592 364 802 493 918 548 629 388 858 509 757 467 990 594 836 493 783 463
19 20 8113 801 472 971 582 960 575 483 298 815 492 874 524 876 531 899 543 956 572 267 139 891 537 820 496 934 557 863 519 801 486 961 578 742 460 953 572 906 545 453 290
20 20 8142 873 528 965 579 366 222 941 566 763 467 962 576 965 580 486 321 857 510 790 467 935 558 941 568 824 497 799 481 487 264 620 381 947 570 996 598 930 561 837 494
21 20 7454 954 570 786 478 969 581 932 563 663 382 696 427 726 432 402 224 780 467 824 502 960 574 461 296 401 215 951 568 648 390 723 428 912 547 730 433 644 377 747 443
22 20 8135 656 393 956 573 958 575 640 380 801 487 694 398 615 390 974 583 839 512 991 595 636 366 730 428 792 488 829 488 777 466 985 591 939 562 1000 600 865 521 593 369
23 20 7717 710 410 928 558 748 458 779 460 550 314 503 311 690 416 778 474 996 598 694 432 765 456 838 494 765 447 760 460 779 478 902 547 984 592 673 420 912 544 680 407
24 20 7582 798 484 873 529 967 582 635 379 676 420 893 531 982 589 937 564 597 366 431 264 866 525 944 565 817 483 804 488 767 465 951 568 168 134 738 454 899 536 421 255
25 20 8448 852 507 618 368 913 544 829 498 960 575 948 568 899 542 901 538 695 428 534 326 842 507 883 537 869 527 570 328 942 566 928 559 974 584 871 529 930 554 939 562
26 20 8149 846 510 622 381 909 543 570 363 980 587 846 503 953 569 882 536 900 544 934 559 303 162 914 547 747 462 635 367 836 501 838 497 998 599 772 471 997 599 817 490
27 20 8114 904 545 881 529 919 554 796 472 772 457 889 536 739 449 845 514 973 583 906 548 954 574 895 539 731 436 949 567 291 210 852 514 947 567 694 435 456 301 835 510
28 20 8039 529 339 759 465 965 579 883 533 960 574 656 388 896 534 813 479 917 552 555 339 787 477 843 505 768 472 870 522 840 504 771 452 903 537 855 514 622 376 887 539
29 20 7795 743 434 947 567 939 562 821 483 965 579 570 330 887 527 820 502 536 299 995 597 689 426 850 511 919 549 580 365 616 364 996 598 560 332 901 542 622 370 635 398
30 20 7760 762 459 945 564 828 488 817 492 902 546 837 493 581 334 931 558 999 600 805 474 926 555 676 413 546 319 704 414 984 590 478 281 681 404 278 139 919 551 921 548
31 20 8128 987 593 792 487 926 552 331 172 957 575 888 537 782 478 730 430 845 514 714 444 666 416 981 588 747 443 841 505 970 581 455 267 878 529 816 488 977 585 973 584
32 20 6952 763 453 820 482 617 373 690 420 314 213 631 392 649 390 399 260 842 511 781 458 932 560 958 573 762 471 494 307 945 565 489 264 515 321 797 469 521 296 986 592
33 20 7537 977 587 433 285 475 315 856 512 670 414 854 507 732 426 619 374 665 392 647 375 489 307 858 521 707 421 528 318 961 575 889 536 968 580 958 577 957 576 832 492
34 20 8218 959 577 866 525 759 463 481 296 902 542 914 548 691 420 404 236 995 597 953 570 984 591 617 382 404 212 985 591 923 550 891 533 891 534 963 579 936 564 919 556
35 20 7642 892 533 758 465 489 309 477 283 487 263 661 416 958 573 703 415 978 587 950 573 993 595 695 399 389 221 692 419 836 511 967 580 895 538 905 539 852 508 707 440
36 20 8167 785 461 946 566 970 583 835 511 820 482 717 423 764 455 992 595 723 447 936 562 578 369 659 399 894 537 957 572 895 539 764 456 717 440 773 458 644 399 966 578
37 20 7410 873 518 991 594 412 256 883 531 620 364 522 294 970 582 950 570 729 426 917 550 488 285 681 427 525 340 563 355 995 597 857 516 627 356 470 258 999 600 749 451
38 20 8420 929 561 970 583 799 471 801 481 731 448 979 587 960 576 881 528 686 410 891 538 775 463 968 579 896 533 836 504 994 597 807 478 636 394 907 541 847 503 548 309
39 20 7999 560 321 982 589 738 447 870 525 958 576 671 399 542 338 959 578 941 566 973 583 688 400 844 515 827 502 843 506 769 465 941 567 529 331 555 323 922 555 887 534
40 20 7340 341 224 927 553 620 378 946 571 835 500 557 309 594 361 657 414 473 297 979 588 896 537 540 342 645 400 686 399 926 553 928 558 817 480 569 338 764 448 981 588
41 20 7556 786 470 792 467 776 459 387 210 670 386 840 509 949 569 891 531 756 454 640 383 894 531 874 525 912 544 751 448 933 563 580 331 880 521 638 401 489 298 674 402
42 20 7667 572 342 182 128 571 349 764 468 962 576 990 594 808 488 961 575 661 384 802 470 647 367 879 524 1000 600 916 551 710 424 665 414 929 556 993 596 490 303 832 490
43 20 8450 635 367 959 573 853 504 940 562 941 565 976 586 862 519 980 589 951 570 819 502 898 544 748 454 526 344 942 569 522 335 944 568 785 482 897 537 967 581 755 467
44 20 7353 900 541 792 475 967 582 873 518 961 577 780 479 844 500 883 530 574 341 270 206 768 465 429 239 612 374 720 435 800 479 801 474 275 128 789 461 980 587 689 414
45 20 8262 816 479 756 465 880 523 925 556 450 245 878 520 729 431 984 592 670 407 956 571 994 596 928 559 976 587 919 555 819 492 871 521 715 446 960 576 669 388 629 358
46 20 8473 831 492 954 574 1000 600 944 569 688 423 823 503 901 539 969 581 568 338 890 538 788 462 900 544 898 540 850 515 510 287 935 562 982 590 966 578 745 449 804 492
47 20 8045 810 478 934 563 629 365 790 467 913 544 906 545 608 387 855 515 674 412 931 555 560 320 565 321 930 559 745 435 946 565 844 513 905 541 773 472 923 556 850 514
48 20 7745 564 328 984 590 622 352 891 528 885 529 659 378 958 573 615 355 693 426 997 598 599 360 868 525 766 470 939 567 989 594 851 502 177 86 801 488 747 450 886 536
49 20 7768 837 496 946 568 990 595 761 459 899 542 884 527 615 386 815 479 668 383 785 464 634 363 752 444 998 599 411 234 699 415 893 537 537 335 774 468 777 477 861 516
50 20 7743 652 380 975 584 976 586 663 401 749 443 805 495 497 273 928 557 462 252 682 402 782 463 393 230 954 570 774 464 903 546 904 540 820 498 857 511 934 563 777 476
51 20 8060 598 372 817 490 813 489 802 490 908 547 919 555 918 547 873 521 846 505 673 404 468 301 933 561 833 504 1000 600 648 374 774 454 644 382 924 551 931 557 798 483
52 20 7461 555 335 836 508 967 579 613 365 577 346 729 449 728 425 761 449 813 487 918 547 704 419 844 513 644 406 751 442 377 243 931 560 960 575 694 431 920 551 601 342
53 20 7524 987 592 540 346 904 545 422 261 888 527 458 245 775 464 688 432 858 518 987 593 883 535 807 487 807 487 626 367 780 470 931 562 801 478 565 329 694 416 648 399
54 20 8131 980 589 928 557 814 478 761 455 834 503 807 482 671 392 821 494 941 564 777 470 805 494 800 484 715 437 916 550 667 388 941 568 355 208 962 580 941 563 826 506
55 20 6638 386 265 809 480 454 263 936 564 827 491 656 400 554 320 466 295 820 489 857 510 958 577 100 96 444 298 801 478 796 478 505 331 358 195 765 467 819 502 966 579
56 20 8336 938 560 889 536 903 537 931 560 610 389 832 496 834 509 863 524 818 500 729 445 800 475 933 557 944 568 970 582 977 586 702 407 830 493 553 355 678 389 939 561
57 20 7694 586 347 538 305 653 411 826 499 453 240 872 515 789 462 860 509 561 313 458 302 986 593 897 533 984 589 684 401 463 273 857 511 971 582 979 587 981 589 990 595
58 20 7870 912 545 900 537 903 541 617 384 515 302 909 542 403 218 959 577 975 585 780 468 738 447 958 576 995 597 900 544 312 216 580 332 747 458 874 529 907 541 856 510
59 20 7988 713 432 616 366 916 550 633 393 692 427 829 493 748 447 809 489 909 543 805 484 817 491 867 521 729 426 819 488 984 590 684 417 518 320 982 588 917 550 989 593
60 20 6966 159 86 994 597 578 372 247 135 728 441 641 406 904 537 673 395 431 277 955 572 641 380 932 562 995 597 942 566 832 503 830 495 574 323 546 334 983 589 348 223
61 20 7138 974 586 618 360 657 377 857 522 849 504 492 274 779 455 996 597 754 442 963 578 870 516 617 384 685 415 501 301 562 319 322 224 492 265 548 356 840 497 901 538
62 20 8325 899 544 742 453 945 566 793 469 879 525 626 387 665 408 909 544 911 548 540 332 936 559 971 584 924 556 750 437 689 432 976 586 818 499 761 460 955 575 961 578
63 20 8100 747 439 817 491 965 578 860 515 642 402 868 523 974 584 972 582 834 492 781 469 763 470 721 447 615 392 550 348 937 562 802 471 772 468 993 596 753 446 834 500
64 20 7555 826 502 840 513 938 563 893 531 508 323 840 510 985 591 892 537 642 396 994 597 607 363 898 536 647 404 764 469 323 173 746 437 779 477 390 203 732 455 866 524
65 20 7623 442 277 912 553 808 485 782 469 971 583 610 351 871 519 727 444 960 578 884 533 935 561 852 512 518 338 821 489 482 290 810 496 984 591 975 584 707 415 196 112
66 20 7508 292 159 816 496 954 575 539 317 629 384 994 596 197 119 812 495 925 555 933 564 975 585 741 443 942 566 959 578 828 503 978 586 280 160 333 197 947 566 942 562
67 20 7871 875 523 981 588 804 485 977 586 868 515 880 523 712 444 971 584 697 401 667 413 852 512 770 467 676 400 906 545 655 386 580 339 509 328 776 476 716 429 870 528
68 20 7978 671 388 646 392 841 511 967 578 818 497 902 537 604 339 834 506 731 434 986 592 725 430 774 472 900 544 975 585 721 449 878 525 926 555 970 580 812 489 276 164
69 20 6975 212 137 920 552 866 519 797 468 506 279 583 329 689 407 896 532 188 108 827 503 676 400 899 539 434 277 687 402 988 593 674 400 676 417 786 472 884 531 762 451
70 20 8197 939 563 979 587 783 461 678 423 843 497 531 339 649 370 971 584 755 460 964 578 977 587 898 540 411 229 705 439 993 596 927 554 748 460 834 492 979 587 830 489
71 20 8008 869 522 665 413 898 545 819 496 983 589 725 440 539 344 888 528 934 562 962 576 998 599 910 546 763 463 670 383 546 334 706 417 724 421 633 372 908 543 876 528
72 20 7964 936 562 541 344 891 531 587 362 931 561 986 592 801 492 952 572 801 478 827 503 932 560 945 565 295 200 982 590 642 383 560 352 655 395 856 506 986 593 823 489
73 20 7620 613 390 990 594 525 320 944 570 499 283 733 456 700 419 708 417 965 579 495 295 743 444 709 439 835 504 602 361 958 577 803 481 762 448 932 557 834 499 890 530
74 20 8148 461 301 880 522 412 227 919 553 594 358 941 565 885 532 805 490 994 597 771 475 851 510 761 463 797 471 977 585 905 538 934 561 817 481 972 583 650 383 971 582
75 20 7548 790 462 529 309 730 449 769 460 346 202 785 468 762 457 926 558 902 540 977 586 997 598 950 570 862 509 822 500 977 588 715 439 603 370 160 115 907 543 588 361
76 20 7535 367 230 892 537 795 467 932 559 811 489 925 554 686 411 449 303 862 525 784 479 523 295 521 314 869 519 825 502 945 569 953 570 570 324 573 333 790 462 999 600
77 20 6980 924 557 289 144 773 453 912 548 897 536 944 565 612 357 408 214 936 558 691 426 485 284 423 286 715 435 740 445 544 329 632 367 991 595 813 484 556 337 676 402
78 20 8233 896 533 940 562 966 578 891 538 987 593 595 352 845 505 774 471 773 477 942 568 849 502 610 367 425 271 919 556 959 574 826 504 901 544 928 553 599 345 842 504
79 20 7266 582 347 967 580 952 572 279 186 671 389 734 426 861 517 857 516 877 519 616 381 1000 600 166 147 942 565 997 599 508 318 993 596 619 377 412 217 780 471 719 439
80 20 7273 703 435 438 263 795 480 891 536 614 385 773 477 929 554 453 244 868 526 721 444 858 522 695 424 841 513 780 457 432 275 855 510 763 457 307 211 859 519 971 583
81 20 7590 606 347 744 444 304 219 987 593 937 566 993 596 354 204 896 537 571 333 793 475 958 576 496 319 836 494 946 566 785 468 917 548 998 599 735 432 482 284 842 503
82 20 7894 843 515 798 478 982 589 586 347 968 583 804 483 977 587 676 423 731 445 960 576 991 594 615 390 515 294 534 303 855 520 888 533 733 426 935 562 839 503 559 340
83 20 7609 587 350 719 421 537 328 753 458 706 418 982 590 960 577 870 515 666 408 705 409 666 409 724 441 833 504 674 393 739 440 910 551 818 492 981 588 500 319 889 539
84 20 7642 487 316 814 481 946 566 952 572 510 335 837 505 956 573 735 439 462 282 956 574 926 558 674 407 799 478 700 418 893 535 717 418 328 193 969 580 818 493 806 489
85 20 8195 477 268 775 476 941 562 872 523 811 493 791 468 938 564 473 314 800 490 903 543 940 565 650 384 772 458 886 534 939 563 978 587 849 507 816 482 871 521 908 547
86 20 8314 885 531 740 439 919 554 853 504 774 472 934 560 725 434 931 556 995 597 994 597 941 562 660 409 784 465 765 459 572 322 795 479 1000 600 996 597 929 554 436 280
87 20 7298 806 479 994 597 845 499 738 453 932 559 698 420 891 528 886 538 751 461 736 450 585 367 712 423 284 141 960 577 738 446 625 371 444 246 550 341 941 567 480 285
88 20 7540 786 473 519 298 972 583 986 592 822 494 712 418 572 323 704 425 875 530 975 584 957 574 570 345 702 439 929 556 917 551 799 469 407 267 235 144 748 451 894 536
89 20 7435 763 464 612 385 711 444 660 416 881 531 625 361 476 276 765 447 976 586 384 241 873 521 407 263 535 328 865 525 960 576 868 522 946 570 718 447 846 501 999 599
90 20 8213 971 584 923 559 974 586 996 598 769 475 750 446 694 405 970 580 670 393 792 481 572 346 454 284 671 408 873 527 911 541 901 537 928 558 908 541 773 453 927 561
91 20 7287 760 468 628 362 473 265 762 467 510 330 787 465 975 586 876 531 961 578 701 403 626 369 640 392 872 526 994 597 809 494 754 439 596 354 638 383 613 383 599 345
92 20 8251 968 583 892 534 863 525 693 431 828 497 900 535 824 492 834 492 850 505 721 444 745 439 796 473 955 575 679 420 980 589 991 595 906 545 910 546 270 168 897 542
93 20 7941 912 550 490 285 765 453 936 565 734 441 581 344 943 567 680 390 977 586 739 451 952 569 917 552 829 498 810 482 727 447 798 475 730 424 488 310 939 563 936 561
94 20 8206 583 355 896 544 743 437 900 538 828 503 376 229 991 595 946 570 992 595 665 395 769 456 963 580 963 577 995 597 949 571 851 515 537 296 773 471 897 533 796 478
95 20 6702 849 518 526 292 655 378 943 569 330 237 317 226 540 317 782 467 827 499 442 245 344 226 572 368 852 512 161 133 851 514 992 595 934 562 536 328 993 596 958 574
96 20 7524 806 478 511 330 736 428 836 505 483 276 398 260 970 583 483 310 578 366 894 535 877 534 907 543 543 342 999 600 994 596 991 595 538 337 719 443 819 497 966 581
97 20 7105 830 506 846 499 692 434 996 598 579 335 503 292 804 483 862 519 810 482 240 144 953 574 822 488 358 212 934 561 846 502 763 445 644 372 279 191 589 363 860 511
98 20 7224 456 301 672 400 989 593 963 578 714 446 960 577 810 482 973 585 96 14 644 374 589 356 625 392 482 283 863 525 757 460 838 504 977 587 570 332 839 507 631 359
99 20 7995 916 553 765 459 993 596 649 371 893 540 751 456 709 413 954 573 561 351 910 545 557 325 521 339 957 576 979 589 999 599 540 342 994 596 864 513 820 494 658 406
100 20 6953 643 377 832 503 760 453 875 519 884 537 509 280 878 533 875 532 907 549 714 428 410 244 847 507 701 415 603 374 533 316 679 410 493 282 848 511 297 186 619 393
101 20 7870 894 543 804 491 902 540 589 372 660 403 849 505 514 282 845 504 368 191 566 349 802 485 883 530 947 565 829 502 758 452 877 533 956 572 842 511 962 576 893 537
102 20 8252 914 545 979 587 810 491 955 571 665 400 840 503 749 464 572 335 510 294 934 562 836 509 871 524 843 512 871 527 984 592 897 541 687 421 712 434 963 579 912 546
103 20 8208 796 485 663 413 996 597 640 369 986 592 973 585 786 472 794 479 932 559 975 584 751 445 961 577 690 433 604 339 708 432 633 398 931 556 911 547 855 513 831 503
104 20 7399 791 482 572 319 497 304 820 500 791 463 976 586 351 249 910 545 929 559 847 518 594 344 896 535 777 464 856 511 602 339 986 592 658 398 519 292 883 537 543 337
105 20 7894 790 476 479 263 983 590 977 586 673 414 754 440 903 544 994 597 494 286 829 489 780 463 984 590 739 457 777 475 783 475 886 527 393 263 906 545 693 431 972 583
106 20 7871 604 349 564 320 719 447 715 441 713 444 856 522 906 547 952 571 925 558 869 521 647 369 704 426 924 552 733 453 652 378 948 566 972 585 852 506 642 387 846 500
107 20 8163 842 505 871 525 659 376 919 547 901 546 548 321 676 416 996 598 928 561 469 300 964 578 964 578 985 590 665 393 936 565 875 530 309 147 980 587 983 591 856 517
108 20 8129 925 555 727 444 851 504 466 310 807 475 955 573 645 377 894 534 867 523 938 561 613 377 982 589 834 495 936 562 816 498 827 499 540 316 909 548 974 584 752 444
109 20 7947 707 428 626 365 541 319 935 559 670 403 811 481 623 389 903 539 852 519 961 578 896 531 974 583 763 448 911 547 786 463 682 405 882 529 837 504 909 551 626 374
110 20 7820 960 578 417 235 642 390 601 356 944 566 877 521 824 504 470 298 895 537 753 453 803 475 925 554 914 546 657 402 964 578 955 572 709 408 898 534 568 327 864 510
111 20 7435 814 495 864 512 964 578 771 453 859 509 847 509 301 206 548 308 795 488 665 403 734 432 313 154 551 341 918 548 667 381 1000 600 926 554 693 407 995 597 645 387
112 20 7314 998 599 879 534 819 499 911 549 560 312 395 215 533 330 750 436 830 501 943 566 636 399 763 460 935 558 871 525 560 337 632 383 888 537 610 344 475 310 641 379
113 20 7668 800 469 986 592 824 485 957 574 755 455 312 164 675 423 862 525 818 486 923 555 673 418 893 531 531 343 728 451 891 538 874 532 510 317 810 490 769 455 745 443
114 20 7909 823 498 780 468 882 533 763 446 648 401 881 523 890 536 928 561 692 434 672 405 638 396 969 582 649 409 709 408 980 588 736 451 784 466 875 525 547 329 972 584
115 20 7308 425 267 975 586 790 480 718 436 728 422 843 502 614 367 935 559 688 431 816 500 784 467 535 315 785 465 945 569 359 245 824 492 845 510 535 294 476 292 997 599
116 20 7139 681 416 590 367 569 357 183 63 241 134 963 576 548 314 819 499 649 386 779 463 938 563 798 472 389 264 981 590 972 585 943 569 630 382 898 538 796 475 912 547
117 20 7203 428 270 596 374 564 327 637 390 993 596 764 470 796 468 861 519 783 477 604 346 796 486 414 266 835 509 943 566 581 333 683 420 939 563 530 329 915 553 744 439
118 20 7735 641 398 876 520 571 367 839 499 797 489 908 541 964 577 622 354 745 438 435 285 833 509 782 468 778 460 685 401 812 496 551 356 951 568 789 485 962 576 930 557
119 20 7597 877 519 809 482 782 472 427 240 711 416 983 591 791 466 370 187 910 550 141 68 985 591 683 401 913 549 970 580 869 514 956 576 826 499 624 383 675 420 892 536
120 20 7386 899 540 85 69 906 549 954 572 531 306 964 576 881 524 505 274 462 283 684 404 783 460 904 538 890 534 525 341 973 584 725 422 659 380 943 568 756 466 744 437
121 20 8726 820 491 937 561 797 468 818 498 937 562 828 488 785 480 932 555 967 581 763 444 962 577 964 578 875 519 921 550 848 511 855 513 1000 600 793 482 779 469 872 526
122 20 7684 735 430 750 463 831 499 986 593 423 236 578 363 896 540 903 547 914 550 777 474 814 488 702 417 378 218 633 398 849 509 869 517 777 478 657 409 899 537 997 599
123 20 8245 609 365 654 386 863 522 718 441 725 449 985 591 925 559 877 529 606 362 937 561 968 581 922 552 884 534 845 502 980 587 974 584 803 477 791 468 490 303 934 562
124 20 7664 789 463 934 562 420 274 803 480 743 448 691 411 838 505 974 586 771 464 921 557 506 323 827 500 585 336 545 307 811 479 990 594 685 397 672 418 987 593 836 504
125 20 7767 214 174 999 600 974 586 859 518 822 503 734 431 667 391 908 548 979 587 548 306 903 540 796 485 401 236 851 515 768 447 943 566 916 552 810 493 782 471 660 410
126 20 7936 654 407 924 558 669 410 634 392 679 397 925 557 979 588 806 494 812 494 327 173 834 507 770 462 912 548 792 469 883 536 507 308 923 558 967 580 902 539 973 583
127 20 7766 640 368 640 389 771 454 770 474 854 521 461 297 854 517 439 236 849 512 770 463 674 391 629 366 983 589 914 550 708 409 991 595 947 571 894 532 775 452 969 582
128 20 7464 633 395 640 401 899 544 537 295 777 463 962 578 793 482 689 420 962 576 930 562 910 551 561 327 454 289 546 319 652 412 800 473 893 531 918 547 610 383 762 457
129 20 7496 508 315 447 276 953 573 848 514 752 464 687 409 710 419 787 467 898 536 666 386 639 374 994 597 557 330 240 176 778 480 872 527 968 583 870 521 920 552 899 534
130 20 7570 943 567 871 520 848 516 541 329 999 600 688 410 763 444 972 584 731 430 971 584 718 440 798 473 241 169 736 442 193 91 996 598 594 351 963 576 813 488 762 458
131 20 7570 637 377 791 478 957 576 892 535 985 591 593 360 893 540 559 330 490 312 985 592 423 249 815 487 587 339 911 551 977 587 527 309 739 440 761 456 761 462 857 516
132 20 7937 962 579 994 597 734 455 670 407 758 461 902 536 632 396 964 578 807 493 950 573 555 328 675 414 717 435 761 448 992 595 572 327 865 527 557 318 960 574 847 511
133 20 7758 702 418 971 585 702 406 872 523 819 494 896 537 810 489 897 538 773 465 814 494 931 562 583 340 848 515 664 409 676 402 674 411 777 476 929 554 394 259 784 481
134 20 7745 966 582 920 548 984 590 589 343 955 575 809 475 876 530 954 571 791 469 455 292 812 478 785 482 850 515 670 386 429 253 514 307 559 318 880 522 832 496 861 511
135 20 7450 388 268 951 571 946 567 805 489 712 430 540 339 734 438 440 252 899 538 915 545 526 323 755 464 828 490 718 444 721 449 944 566 817 492 596 352 862 519 803 478
136 20 8085 908 544 707 421 707 436 615 351 719 444 878 531 996 598 633 377 969 582 899 544 813 490 983 590 873 521 784 472 874 521 968 583 461 275 906 544 568 330 909 545
137 20 7594 408 234 687 428 728 430 443 253 946 570 939 561 660 414 942 564 847 506 397 250 996 598 967 582 835 493 854 516 791 476 404 276 976 587 962 578 593 357 814 478
138 20 8049 778 460 925 554 882 528 932 556 989 594 784 479 969 583 375 256 769 471 698 419 985 590 662 417 879 525 723 419 999 599 568 352 970 581 550 324 777 465 884 530
139 20 8042 895 532 883 533 771 468 872 518 975 586 904 543 321 162 780 470 673 394 503 306 744 456 775 454 939 561 957 573 870 529 951 573 827 507 735 447 933 561 777 468
140 20 7724 555 349 707 409 998 599 884 536 573 361 351 221 938 566 471 301 459 254 947 569 914 550 740 456 715 435 851 511 768 472 982 590 789 476 851 511 984 590 971 583
141 20 6720 712 436 596 381 894 536 665 408 997 599 379 243 434 239 611 348 626 389 151 140 624 366 819 483 596 336 568 340 991 595 880 535 733 434 682 399 701 415 781 459
142 20 7958 857 518 650 403 967 581 675 394 999 599 633 381 711 412 742 449 900 543 846 512 910 549 974 586 976 585 916 546 771 451 393 230 601 375 635 379 836 498 925 556
143 20 8182 717 431 933 560 894 540 993 595 991 595 899 534 934 564 483 282 726 426 999 599 563 320 919 547 770 464 991 595 946 565 375 197 424 228 999 599 911 550 897 537
144 20 7316 666 388 726 443 639 405 826 485 508 302 725 422 680 410 832 493 888 530 836 509 550 337 894 531 849 506 909 541 650 389 579 367 521 308 654 372 761 454 939 566
145 20 7894 399 249 954 573 934 560 771 470 532 299 934 564 908 542 746 460 567 324 826 500 843 509 973 584 753 451 889 535 934 559 951 572 752 465 996 598 425 261 701 418
146 20 8351 975 584 770 450 862 513 722 448 942 566 954 570 742 438 688 401 568 329 996 598 666 396 923 551 971 584 979 587 986 592 627 356 926 554 753 454 800 470 853 513
147 20 7266 967 579 749 439 768 467 785 477 776 474 765 466 662 378 570 333 232 103 970 584 595 340 818 497 875 529 662 383 620 394 966 578 988 594 517 308 344 203 903 546
148 20 7844 959 576 674 389 418 280 840 506 850 511 911 544 871 519 861 510 925 554 859 522 910 547 854 511 310 147 628 382 585 349 994 596 721 431 594 351 937 559 987 593
149 20 7845 634 400 731 447 975 584 764 467 786 460 940 565 893 532 872 520 902 537 928 555 552 314 911 546 823 495 857 514 687 422 555 333 811 496 663 417 728 421 679 423
150 20 7974 923 557 830 507 988 593 345 210 977 585 779 470 826 496 931 557 942 566 567 322 627 394 902 537 820 500 854 518 993 596 693 398 514 326 980 588 619 359 839 502
151 20 7768 762 452 923 559 833 503 867 528 913 551 694 405 785 466 951 571 933 561 882 535 810 477 965 579 799 474 494 306 729 431 740 454 442 265 675 399 616 390 723 428
152 20 7884 813 478 714 420 754 460 645 375 947 571 777 468 782 478 870 524 718 435 630 392 533 335 852 519 973 585 993 596 967 582 915 547 851 504 511 284 756 465 768 458
153 20 7411 954 571 841 509 960 574 660 410 625 375 989 594 869 518 988 593 789 476 614 373 722 426 476 270 438 253 596 361 555 329 837 503 910 551 420 267 897 537 683 410
154 20 7867 391 233 978 588 980 590 863 524 666 388 935 563 928 558 904 546 930 562 672 414 539 326 931 555 949 567 771 460 891 532 918 553 911 551 670 404 371 204 536 311
155 20 7751 649 373 625 353 763 468 965 577 535 349 981 589 621 353 987 592 992 596 911 552 809 483 493 289 740 435 657 383 959 575 284 151 964 580 925 554 908 544 734 435
156 20 7939 838 512 618 363 998 599 781 479 288 157 719 417 650 384 993 596 767 472 745 454 972 582 888 532 891 529 909 544 742 442 577 344 832 501 914 547 969 582 787 474
157 20 7402 986 592 957 572 865 521 661 384 489 287 767 466 986 593 670 390 601 367 940 565 615 372 526 294 985 591 760 468 754 438 814 493 370 231 570 341 671 383 818 492
158 20 7967 521 315 751 456 856 510 816 483 751 461 917 553 901 538 952 571 857 510 721 439 661 399 924 556 996 598 550 324 878 532 561 324 975 585 631 390 807 477 908 543
159 20 7917 918 553 830 492 862 511 984 591 483 310 819 494 970 581 996 598 937 560 872 520 615 367 628 382 898 537 778 479 632 367 915 550 829 495 389 240 765 467 714 444
160 20 6825 411 249 487 274 618 359 452 301 807 485 496 326 940 562 510 316 606 357 885 537 642 373 430 261 726 423 942 567 902 540 619 369 740 434 704 414 972 583 762 447
161 20 7090 745 443 655 373 245 131 316 188 873 522 909 548 974 584 763 462 887 535 584 365 782 474 750 463 944 569 907 541 928 553 508 292 624 384 800 483 741 445 246 148
162 20 7985 841 498 901 537 889 529 912 544 502 290 612 390 817 486 771 468 896 539 417 279 624 391 707 423 987 592 926 554 964 577 764 469 903 538 910 551 943 567 684 392
163 20 8347 915 546 688 417 928 553 996 598 817 498 848 517 898 540 928 559 718 442 811 476 589 351 664 411 922 549 871 515 775 456 849 504 1000 600 980 587 625 371 873 519
164 20 7764 484 284 855 505 984 591 850 504 936 565 887 534 690 400 780 463 628 358 666 402 862 518 455 242 843 513 904 538 784 472 561 352 821 486 682 396 986 592 871 518
165 20 7852 906 538 948 566 751 457 934 562 533 347 1000 600 689 412 650 385 967 581 830 499 985 591 931 556 916 548 808 495 437 252 525 337 877 528 868 513 402 246 747 458
166 20 7302 843 503 998 599 948 571 644 403 617 356 356 179 674 415 928 553 736 452 833 496 485 279 900 545 371 252 499 288 877 520 948 568 836 505 736 437 863 511 512 312
167 20 7650 723 428 509 290 727 424 680 419 776 457 453 299 588 356 603 344 838 499 943 567 879 527 940 567 930 560 877 533 877 524 629 360 806 485 921 555 653 372 948 566
168 20 7834 808 489 949 568 707 430 592 377 740 439 950 570 893 537 955 571 817 494 842 502 781 457 652 383 786 470 453 277 868 517 561 336 847 512 864 520 988 593 615 357
169 20 8019 809 480 815 498 783 471 842 512 785 462 216 170 938 566 904 544 922 551 941 562 977 588 734 426 694 410 794 471 852 520 808 483 660 401 799 489 962 580 803 489
170 20 7554 902 546 529 312 941 564 681 392 943 564 637 386 977 587 722 450 704 411 706 409 816 487 684 397 872 524 704 423 669 387 918 549 991 594 298 157 432 290 982 590
171 20 7441 554 308 724 440 986 591 665 393 823 488 536 341 749 447 581 351 986 591 833 509 904 547 920 556 916 547 400 230 581 333 639 390 848 502 363 201 944 568 931 562
172 20 7568 382 195 831 506 626 384 903 541 562 339 783 459 853 520 823 496 873 520 929 561 792 479 874 517 363 215 856 516 752 460 998 599 833 496 586 335 746 443 772 458
173 20 7434 958 577 605 344 190 72 909 549 628 357 419 240 765 463 725 430 745 442 600 377 749 449 579 330 620 356 821 489 750 458 982 590 909 549 988 593 988 593 938 566
174 20 7711 893 536 990 594 454 265 752 440 671 419 622 353 824 498 986 591 799 488 706 424 743 434 749 453 729 445 844 506 865 524 812 478 695 413 872 523 435 262 982 590
175 20 7740 948 571 449 264 923 550 702 432 860 510 927 558 968 581 964 580 774 466 997 599 463 264 755 467 933 556 740 438 838 504 396 205 436 281 774 457 821 492 813 487
176 20 8074 680 412 713 445 967 582 864 517 847 512 768 460 673 408 979 587 901 543 689 395 879 533 934 561 646 383 775 462 922 549 764 462 454 303 806 494 959 576 928 560
177 20 6964 264 142 879 520 778 457 828 491 709 421 127 36 996 598 582 340 947 566 269 152 729 443 780 459 710 428 477 301 842 513 914 553 705 438 503 272 999 600 891 539
178 20 7156 524 286 769 451 812 488 852 509 371 227 559 353 951 572 894 542 450 276 412 243 913 549 177 106 887 536 824 491 935 564 207 108 935 560 854 520 998 599 988 593
179 20 8300 866 521 956 575 931 556 681 404 972 583 552 352 667 407 924 557 816 484 841 498 838 499 682 420 965 579 618 358 569 333 953 570 993 596 994 597 879 521 903 536
180 20 7093 756 439 635 384 718 419 610 385 884 534 970 583 519 336 289 190 933 564 497 303 714 429 794 472 815 492 892 537 895 535 413 271 894 538 965 580 633 387 361 249
181 20 7712 682 412 542 303 594 377 806 487 429 247 959 576 866 521 759 459 470 268 966 579 768 447 712 427 973 586 939 566 874 530 736 443 645 368 935 560 956 574 814 478
182 20 8251 779 475 729 446 917 546 870 526 888 539 934 560 814 484 760 461 903 545 590 333 973 583 891 541 681 404 399 272 886 534 948 566 912 553 841 503 890 530 897 536
183 20 7830 924 557 496 276 476 282 932 556 852 503 835 507 833 509 628 393 984 590 710 421 639 368 967 579 582 374 965 580 618 381 935 560 845 511 987 592 787 463 665 416
184 20 7280 537 347 888 534 963 577 531 311 737 454 694 413 161 65 553 331 801 480 643 373 996 598 883 533 858 520 904 543 725 423 374 231 595 366 864 523 897 535 956 572
185 20 7716 937 562 932 557 768 472 998 599 965 580 845 505 619 384 993 596 887 537 939 562 615 390 885 528 766 469 800 488 504 289 926 554 481 260 807 486 586 332 179 66
186 20 8205 837 506 994 597 627 373 910 547 675 395 888 533 696 400 874 527 868 524 998 599 845 508 971 582 462 265 665 402 801 470 891 529 814 494 858 522 857 508 880 524
187 20 7145 990 594 651 408 752 452 809 494 639 399 970 582 607 345 584 343 677 420 859 523 755 453 682 421 944 569 683 413 644 371 853 513 688 429 882 533 166 119 456 280
188 20 7335 511 311 930 557 633 360 828 506 774 474 859 507 708 416 621 377 878 525 815 478 320 207 780 463 700 427 590 376 988 593 870 527 890 530 745 444 997 599 233 121
189 20 7874 952 571 808 496 875 525 824 501 877 520 842 508 690 410 870 528 963 578 372 216 370 246 979 589 704 410 445 291 636 367 911 548 866 517 903 544 900 536 961 579
190 20 8210 851 507 797 476 866 522 945 566 864 524 872 529 949 568 685 397 849 516 845 500 757 460 838 508 562 327 940 564 807 479 953 571 960 577 983 591 888 539 210 115
191 20 7595 635 383 792 478 984 591 722 417 245 118 548 329 658 377 793 483 828 491 985 592 894 537 996 598 791 465 832 493 571 339 560 312 944 566 469 302 987 592 957 575
192 20 7306 531 313 696 405 439 242 786 479 960 574 638 381 407 231 951 571 910 549 861 512 918 547 704 421 989 595 736 433 515 317 981 589 732 439 498 308 519 334 842 503
193 20 8146 464 281 962 579 818 501 921 554 815 493 979 588 535 317 914 544 733 444 926 553 940 565 712 417 974 585 495 311 825 496 849 513 926 555 674 407 934 563 896 538
194 20 7113 780 481 715 434 576 327 737 435 983 590 644 376 976 585 728 440 751 459 591 360 894 538 579 359 212 161 517 310 783 458 909 546 858 512 543 342 664 405 786 474
195 20 7293 803 492 323 174 191 135 882 528 580 331 903 545 793 480 399 265 839 497 941 564 621 352 990 594 855 519 913 543 824 493 384 203 951 572 968 583 769 469 658 378
196 20 7386 457 256 863 514 731 424 455 274 455 284 963 580 597 335 731 429 991 596 849 510 725 447 527 334 554 311 886 534 954 572 884 529 953 574 512 312 735 439 951 571
197 20 7872 609 361 820 496 900 541 969 583 933 559 818 495 803 493 917 547 972 583 990 594 394 263 551 308 972 584 835 495 873 526 577 368 624 354 475 270 728 431 985 592
198 20 8210 936 563 479 292 652 387 981 589 940 561 869 527 966 582 762 459 724 440 959 575 849 505 542 315 994 597 753 450 634 399 731 428 978 586 756 467 933 558 983 589
199 20 8088 760 445 855 508 960 578 832 497 909 544 757 448 775 460 956 572 781 473 921 548 783 466 515 288 847 517 803 473 977 585 721 437 936 560 813 484 703 410 572 330
200 20 6815 594 379 488 279 677 426 766 459 858 512 926 552 899 534 425 231 733 453 769 462 672 401 664 384 751 452 975 584 900 544 225 121 814 481 679 425 473 259 343 217
201 20 7944 949 569 857 516 865 527 894 536 959 577 977 585 771 458 654 388 939 561 502 322 520 341 801 478 715 430 914 549 988 592 991 595 795 479 564 316 474 268 759 451
202 20 7670 582 343 887 538 632 378 944 564 950 572 623 370 834 502 779 470 977 587 930 558 218 96 565 351 990 595 544 342 809 482 343 180 979 589 958 575 945 566 852 513
203 20 8457 960 576 822 488 971 583 514 305 924 558 991 594 892 532 927 554 279 145 976 587 899 539 979 589 884 528 840 498 903 545 885 533 913 548 888 538 890 530 578 371
204 20 7758 905 547 974 584 551 322 993 596 865 527 235 136 961 577 752 458 906 540 813 496 913 544 762 448 521 284 864 513 497 299 830 506 864 513 734 428 587 353 989 594
205 20 7588 831 496 959 573 685 411 394 228 859 508 908 541 758 453 756 462 939 565 814 496 795 484 750 446 305 157 572 360 991 595 646 378 767 452 863 515 736 441 848 511
206 20 7455 272 189 732 443 390 218 915 553 945 568 759 444 878 521 847 513 571 354 561 354 749 448 650 407 994 597 807 483 924 554 787 478 834 505 581 327 861 523 853 509
207 20 8117 777 470 754 465 838 503 964 579 880 531 883 530 725 432 923 554 829 491 938 562 788 475 846 511 484 298 885 535 974 585 856 516 775 457 995 597 659 408 461 308
208 20 7798 920 555 521 315 910 547 833 491 809 482 604 346 520 315 707 426 648 388 889 532 653 398 959 574 924 550 764 457 854 508 877 527 942 563 835 495 857 510 571 333
209 20 8348 934 562 990 594 600 351 937 563 901 542 900 546 870 524 752 449 960 576 607 365 965 579 855 519 756 461 740 442 919 553 478 263 893 540 914 551 972 582 753 444
210 20 8376 522 333 996 597 757 458 996 597 711 418 692 418 963 580 918 550 521 286 959 576 884 530 996 598 963 578 876 533 831 502 753 448 849 514 741 438 974 584 850 503
211 20 7872 774 466 779 476 951 572 612 365 919 551 787 465 905 541 748 440 795 473 684 409 571 337 855 521 953 571 862 526 762 445 468 306 974 585 786 475 635 370 925 553
212 20 7791 910 542 893 530 664 405 706 424 888 533 737 439 799 468 989 594 728 430 845 501 847 508 464 259 476 302 820 483 946 568 536 335 662 387 906 543 829 488 937 565
213 20 6873 674 390 658 410 370 208 771 473 782 479 490 310 655 382 490 266 295 160 871 516 853 503 944 568 997 598 639 393 254 146 857 519 981 589 619 352 551 312 996 598
214 20 7778 1000 600 805 494 829 502 986 592 683 393 929 553 944 564 976 585 185 153 373 190 879 529 975 585 627 360 957 574 880 522 628 372 846 513 910 550 834 500 311 194
215 20 8196 420 287 975 584 964 578 613 359 977 586 751 445 983 590 823 483 876 533 562 349 977 587 892 537 854 511 900 540 829 498 862 520 569 355 707 411 966 579 892 536
216 20 7281 923 558 737 455 434 284 871 526 965 581 466 309 502 328 639 364 706 425 660 416 796 474 767 455 941 562 950 570 675 390 710 442 619 380 757 455 790 462 655 388
217 20 8239 802 477 564 360 381 259 926 552 945 568 919 547 985 591 714 431 961 579 840 495 874 531 724 440 557 357 925 555 877 523 996 598 660 395 950 568 900 539 978 587
218 20 7918 868 515 568 327 685 402 814 480 950 569 924 558 652 409 671 416 832 493 875 518 989 594 349 210 857 523 959 577 914 552 927 555 883 537 953 572 569 340 597 336
219 20 8394 863 519 979 588 986 592 533 302 717 414 855 515 889 537 927 554 936 560 610 377 920 555 754 459 864 525 609 371 958 576 964 579 849 511 803 472 846 502 927 559
220 20 7961 651 405 827 490 943 564 964 579 921 555 778 468 897 541 749 453 919 551 919 550 519 314 957 572 783 463 882 527 757 447 548 306 624 366 533 324 761 455 990 594
221 20 8232 806 492 883 526 947 570 406 276 1000 600 937 561 905 543 899 536 884 533 562 313 927 556 843 502 672 403 689 398 968 580 749 460 833 507 854 506 717 444 983 590
222 20 7983 588 348 802 476 922 554 547 353 509 316 884 533 676 404 775 458 789 483 887 533 964 581 979 588 696 431 916 550 987 592 921 550 911 548 878 522 606 341 730 436
223 20 7730 848 513 474 306 455 252 728 439 558 340 914 548 343 169 933 563 817 480 978 586 838 496 679 420 923 558 930 562 869 514 753 449 838 501 874 528 752 464 956 575
224 20 7642 553 313 728 436 580 326 894 532 891 538 577 360 999 599 754 461 696 407 740 433 506 331 836 494 830 505 966 581 972 582 724 432 905 541 262 123 878 519 993 595
225 20 8112 942 566 664 407 903 538 945 569 979 587 916 553 948 570 657 378 468 270 765 455 741 454 765 461 833 504 714 436 952 570 936 562 426 279 889 528 817 498 965 580
226 20 7170 983 589 832 505 420 275 243 103 855 509 714 436 878 524 959 576 604 354 755 447 611 361 960 574 850 503 954 571 555 318 746 434 851 519 395 219 523 319 653 371
227 20 7947 668 401 753 460 987 593 624 394 923 553 711 422 807 475 732 441 917 549 778 474 963 577 908 551 686 406 733 428 621 357 770 466 867 514 467 249 989 594 990 594
228 20 7294 889 530 428 230 791 469 773 472 896 543 907 545 819 488 482 287 416 250 679 418 990 594 910 548 543 347 672 402 445 247 457 286 985 592 824 501 710 417 972 582
229 20 7266 548 333 681 412 809 484 899 534 600 350 671 408 763 459 763 471 663 381 867 515 702 424 852 506 858 517 740 443 953 572 635 369 963 577 521 308 848 502 197 103
230 20 7991 600 348 652 386 861 509 933 557 825 498 900 538 526 300 963 579 613 365 996 598 973 582 403 218 655 399 787 468 991 595 982 589 672 385 980 588 928 559 742 447
231 20 6864 717 424 592 378 950 567 950 573 661 394 631 395 958 575 468 253 507 310 945 565 707 412 900 538 471 300 931 561 183 70 974 584 308 212 815 481 609 380 451 292
232 20 7794 782 479 856 507 754 446 976 586 859 523 954 572 918 550 993 596 697 427 765 463 892 540 656 394 694 404 499 302 940 561 933 562 684 426 552 338 184 76 1000 600
233 20 8202 777 471 967 578 993 596 717 438 908 545 889 535 984 591 617 351 877 528 920 556 852 517 757 453 754 450 775 466 882 535 655 385 861 510 531 295 999 600 690 405
234 20 7837 801 484 777 459 786 471 796 486 405 263 908 547 872 527 934 563 846 512 506 333 578 360 985 590 947 567 906 542 395 261 730 436 850 505 837 494 860 524 955 575
235 20 7929 593 374 583 330 959 576 939 567 1000 600 900 535 994 597 603 371 556 319 708 421 258 138 935 562 956 573 852 507 820 483 720 429 932 563 868 521 830 507 852 504
236 20 7234 433 283 873 520 899 544 692 430 965 578 852 506 907 548 715 431 810 489 966 580 894 532 838 500 959 574 270 152 578 360 629 367 543 346 485 316 646 398 514 309
237 20 7068 957 575 370 228 584 368 685 401 867 515 484 268 495 326 929 554 625 374 568 329 883 527 794 465 856 507 588 340 965 578 508 283 881 530 570 355 927 555 600 343
238 20 7757 605 381 552 318 938 563 650 373 554 311 823 501 705 421 980 588 948 572 630 359 888 535 647 389 807 480 852 516 867 520 691 404 675 414 991 595 970 583 741 442
239 20 7722 846 514 876 520 873 531 851 504 842 505 421 284 968 581 900 541 776 463 993 596 936 558 661 414 583 358 651 380 944 568 756 467 947 571 903 537 256 195 462 272
240 20 7472 684 399 546 324 822 488 493 302 875 525 624 366 876 526 707 428 927 559 711 429 724 443 809 497 902 539 893 542 962 577 705 411 825 501 862 511 741 431 256 112
241 20 8522 676 403 926 555 997 598 791 465 959 578 865 521 930 559 708 433 822 491 939 562 907 547 727 434 862 518 978 587 684 427 865 520 644 384 969 582 905 543 891 533
242 20 8327 816 494 760 465 507 332 718 423 862 516 924 550 912 549 955 571 979 587 824 503 680 427 874 517 760 466 804 479 987 593 792 472 844 516 863 522 793 481 1000 600
243 20 7333 872 527 927 554 802 479 699 416 904 539 764 460 910 552 796 475 572 353 512 291 949 568 474 299 893 536 527 333 394 231 577 338 833 501 706 413 802 491 753 442
244 20 6998 349 180 875 526 774 472 601 376 878 521 416 263 738 457 499 278 815 484 416 248 963 578 592 347 668 419 948 572 713 428 706 408 728 423 713 420 933 560 672 387
245 20 7053 640 400 738 428 956 574 715 441 701 422 683 419 758 465 650 391 780 472 801 488 743 453 757 453 414 281 762 452 976 584 631 386 331 216 921 548 819 499 330 163
246 20 8169 969 582 869 523 839 506 977 587 829 496 503 274 949 572 829 496 993 596 964 577 996 598 440 278 755 453 842 497 916 548 937 562 792 476 159 132 901 539 879 521
247 20 7123 990 595 538 349 951 571 968 581 623 364 829 502 915 553 422 272 573 335 877 529 537 300 692 424 677 424 645 400 838 506 876 533 480 275 582 355 553 315 680 413
248 20 7820 622 387 865 525 973 585 776 453 878 534 826 498 986 592 644 390 952 571 821 499 974 583 972 583 511 279 984 590 920 548 748 442 587 339 455 256 795 468 351 223
249 20 7079 946 571 499 307 584 338 509 317 699 434 807 492 699 410 462 261 671 407 794 470 531 336 780 470 758 455 710 414 978 587 976 586 992 596 728 446 644 404 391 208
250 20 7394 646 405 935 559 732 443 656 411 981 588 640 403 313 173 898 536 876 532 489 285 766 456 733 451 779 466 741 440 783 478 991 595 569 322 711 426 824 492 726 448
251 20 7886 649 399 891 536 465 250 998 599 760 443 498 309 871 515 922 551 696 427 692 399 823 483 917 547 725 448 994 597 550 322 817 481 984 590 703 407 836 498 982 589
252 20 7772 870 526 698 406 410 238 832 494 966 580 831 502 647 396 797 476 927 554 853 518 627 355 987 593 855 520 720 445 458 251 656 405 985 591 987 592 848 507 590 368
253 20 8334 831 509 732 428 890 528 707 436 786 472 491 308 801 474 623 369 992 595 872 525 606 367 955 572 935 562 819 485 746 463 985 592 920 552 998 599 988 592 991 595
254 20 7442 843 497 302 215 645 401 931 555 664 406 988 593 703 439 681 407 880 532 659 403 905 541 702 424 695 400 589 372 919 556 721 449 769 457 975 584 569 322 744 453
255 20 7704 834 493 884 533 958 574 946 570 904 540 936 564 860 524 485 263 817 487 911 544 471 263 416 243 843 512 931 557 198 144 810 476 768 455 876 521 778 476 782 478
256 20 7198 458 299 961 576 625 368 410 232 570 362 776 479 622 389 922 551 951 571 849 518 882 527 660 393 752 441 383 226 726 426 715 434 406 248 912 550 971 584 845 511
257 20 7615 897 536 790 472 984 591 960 577 986 591 419 264 219 164 619 361 667 416 826 488 937 565 970 583 837 506 908 550 370 233 628 362 882 523 946 571 568 343 818 496
258 20 8282 851 513 744 451 843 515 601 368 742 442 872 518 762 447 955 573 864 521 882 532 947 567 928 562 836 494 917 552 919 549 870 529 973 585 807 481 668 409 584 373
259 20 7908 989 594 950 570 674 404 705 417 760 455 717 438 486 283 816 495 593 368 644 379 662 413 976 587 731 446 985 590 821 485 741 439 966 578 627 398 981 590 992 596
260 20 7072 706 422 859 509 558 356 931 561 881 523 781 477 508 333 536 301 857 518 895 537 556 324 588 353 833 491 950 568 784 475 645 393 676 419 416 269 523 286 662 391
261 20 7263 728 429 514 289 368 207 847 508 994 596 676 409 873 518 826 494 833 501 842 510 658 403 628 395 733 447 999 600 955 574 706 433 654 377 401 205 447 300 845 505
262 20 7596 685 417 666 381 939 565 621 353 904 546 749 438 783 459 687 396 936 565 768 464 973 585 755 467 976 587 555 349 828 491 450 277 999 599 834 506 503 329 581 346
263 20 7273 926 552 850 504 425 282 857 512 344 222 970 581 760 447 959 574 415 224 976 586 996 598 544 301 641 374 531 291 931 561 995 597 470 287 937 564 234 114 785 471
264 20 8190 990 595 769 449 797 486 896 533 868 516 898 537 911 549 790 465 751 459 951 569 730 450 829 492 657 402 884 528 664 390 536 328 636 366 884 535 976 585 964 580
265 20 7316 888 538 747 455 691 429 990 594 885 534 716 423 340 172 972 583 408 252 624 386 573 346 906 547 857 522 846 516 831 506 915 554 875 530 104 115 975 586 489 291
266 20 8528 990 594 832 498 985 591 558 359 959 575 892 533 893 533 956 576 747 462 960 575 850 503 616 389 812 478 992 596 851 507 863 524 762 456 992 595 773 460 774 454
267 20 8035 645 402 758 447 978 588 829 506 889 528 725 445 579 341 481 316 892 532 986 591 956 571 984 591 892 536 893 533 861 522 671 387 642 379 950 570 651 374 808 496
268 20 7246 787 479 946 570 652 387 671 413 269 156 948 571 750 441 569 329 106 68 431 247 935 561 984 592 970 580 749 458 551 328 747 436 683 394 915 552 907 544 922 557
269 20 8237 856 506 640 399 797 468 885 535 757 459 928 557 914 544 801 469 867 513 650 388 894 540 946 570 992 595 467 307 872 526 680 420 931 561 997 599 883 535 717 445
270 20 7946 624 363 814 497 929 554 657 395 914 544 963 578 286 144 806 474 993 596 703 417 959 573 639 370 873 530 850 518 536 304 675 425 863 512 959 574 923 555 926 553
271 20 7877 599 374 786 476 919 554 939 561 459 290 902 547 313 158 723 427 407 236 879 533 725 431 959 577 680 417 814 479 914 544 972 583 980 587 947 567 966 580 871 522
272 20 7248 801 483 905 546 307 186 885 534 562 321 781 472 627 369 680 416 317 170 724 442 849 514 971 582 784 469 859 524 974 584 247 171 896 537 909 548 606 342 813 491
273 20 8260 560 362 992 595 807 486 893 537 910 551 662 389 966 579 787 463 963 577 801 483 909 540 834 497 844 516 980 588 952 574 814 498 792 475 797 473 736 434 521 327
274 20 7844 688 421 823 489 921 549 672 408 966 580 747 455 770 469 669 406 458 294 769 464 323 191 903 542 735 443 879 524 882 529 926 559 845 512 925 558 855 512 933 558
275 20 8223 968 582 379 242 933 560 955 576 991 594 811 495 928 557 569 338 838 510 599 348 967 581 879 531 865 526 651 387 866 517 758 459 677 426 933 560 974 584 905 540
276 20 6962 666 403 691 414 957 575 418 274 664 410 597 354 744 456 994 597 490 283 693 412 884 526 917 548 677 410 384 254 137 33 952 570 651 385 966 578 581 333 862 513
277 20 7592 397 251 904 540 979 587 995 597 675 387 710 429 759 466 555 358 984 591 900 543 620 368 803 475 849 513 484 272 621 366 796 471 708 415 634 373 828 506 984 591
278 20 8185 794 484 964 578 811 481 571 326 961 576 852 512 578 340 722 430 665 403 921 552 716 417 944 566 820 486 976 586 955 573 960 578 951 568 545 324 958 576 706 424
279 20 7591 899 539 848 514 759 455 940 562 506 306 696 428 950 573 888 527 606 362 754 467 918 550 397 247 873 530 923 557 857 513 794 470 476 283 795 488 525 323 779 476
280 20 7630 954 572 967 581 791 487 598 351 705 415 726 450 500 287 534 295 700 411 896 542 680 424 586 331 994 597 873 529 974 585 835 509 606 363 864 513 928 553 550 311
281 20 6560 701 429 862 522 952 569 852 511 929 562 731 436 828 493 855 521 713 436 601 346 409 263 743 448 808 486 676 411 155 127 366 238 384 225 754 458 411 258 390 259
282 20 8085 757 468 917 553 625 369 450 252 981 589 468 305 969 583 693 405 747 456 925 558 926 551 929 554 899 536 886 531 827 494 605 381 874 523 791 478 964 577 937 561
283 20 7101 847 510 885 532 917 551 746 462 265 123 913 552 951 572 710 414 956 574 880 528 316 173 549 330 582 332 679 424 680 397 975 584 905 543 217 157 274 204 955 573
284 20 7623 486 313 925 560 989 593 562 324 723 443 841 505 554 325 917 550 812 496 569 364 269 197 796 480 956 576 905 540 888 537 901 542 798 471 934 559 923 554 498 280
285 20 8787 972 583 994 597 979 586 897 534 972 583 806 481 989 594 715 431 860 516 994 597 741 460 790 477 730 454 667 414 880 531 977 587 943 568 710 440 982 590 976 585
286 20 7401 733 444 795 466 747 442 659 394 943 567 786 469 839 498 958 575 971 581 636 386 694 429 999 599 884 534 504 324 890 529 644 380 511 327 292 163 696 424 622 376
287 20 7710 529 341 891 537 833 500 756 463 954 572 676 405 828 496 840 501 700 406 978 586 986 592 813 487 852 513 492 268 816 486 466 299 767 454 610 372 774 463 860 523
288 20 7969 932 560 813 483 858 509 829 500 517 312 719 423 979 587 691 399 708 415 687 417 972 585 863 516 708 422 879 531 540 312 918 554 600 377 875 528 948 572 903 539
289 20 7194 431 234 922 558 473 255 832 490 601 371 774 454 413 272 463 307 664 392 650 386 728 438 967 579 729 454 879 530 853 515 839 501 912 544 705 420 613 382 940 563
290 20 8201 719 423 919 556 896 534 915 551 904 543 860 509 820 497 681 390 740 460 857 519 965 581 505 303 798 481 879 525 887 535 891 537 913 550 970 582 640 399 644 397
291 20 7680 835 498 802 472 761 455 910 542 611 350 811 493 805 491 778 461 842 511 990 594 983 589 408 220 732 441 550 323 926 557 953 571 703 424 977 585 766 457 218 155
292 20 8106 972 582 865 518 976 587 943 564 831 509 954 575 330 232 888 528 748 446 971 582 536 303 836 499 872 516 733 433 575 369 781 460 708 423 834 507 924 555 936 562
293 20 8334 740 432 925 553 697 418 842 513 688 422 960 578 854 517 898 535 710 440 857 519 975 586 863 516 941 565 857 511 651 397 1000 600 944 565 901 545 775 453 591 333
294 20 7435 730 449 429 282 948 568 829 498 745 453 372 235 749 464 811 484 949 569 849 513 503 325 867 527 682 415 835 504 987 592 724 429 758 442 683 412 815 481 605 387
295 20 8327 656 405 452 253 1000 600 909 540 795 468 823 504 861 518 950 569 745 435 901 541 759 466 819 500 752 442 995 598 995 597 567 360 980 588 949 569 955 575 792 480
296 20 7754 816 490 772 474 972 583 838 501 982 589 802 490 796 481 858 512 772 462 289 203 712 423 990 594 562 346 812 486 848 509 801 491 486 305 774 459 751 449 876 519
297 20 7934 814 480 656 414 987 592 934 558 930 559 958 573 745 441 705 409 389 243 807 479 932 557 541 338 407 247 764 465 989 594 957 573 728 437 884 533 1000 600 741 453
298 20 7979 924 555 987 592 455 293 564 337 642 400 849 511 942 566 364 241 944 567 995 597 986 592 861 524 908 543 611 344 997 599 304 163 850 505 937 561 875 531 964 577
299 20 7771 762 467 944 564 593 366 828 490 879 532 920 547 828 506 830 488 688 406 917 549 644 373 853 505 363 224 642 397 820 499 697 402 972 584 592 334 808 487 963 577
300 20 7918 934 564 424 260 646 405 924 553 679 406 935 565 769 449 919 556 770 462 879 521 608 372 708 410 989 594 620 351 759 446 527 323 960 574 810 476 983 590 993 596
301 20 8170 676 388 755 443 789 465 690 408 875 521 957 577 725 438 984 592 650 373 966 579 897 534 726 448 755 442 966 578 921 554 637 375 894 534 796 481 727 442 954 574
302 20 7619 924 553 868 518 737 454 505 276 940 562 759 458 744 449 916 552 997 599 631 369 694 420 592 374 498 310 807 488 984 591 551 316 881 524 725 431 795 481 690 431
303 20 7677 859 507 859 522 749 443 594 378 975 587 599 363 862 513 719 433 696 416 683 394 866 516 703 405 794 484 632 362 874 519 980 588 957 574 702 429 648 391 603 360
304 20 7898 762 466 721 425 964 579 880 525 996 598 962 577 574 326 990 594 702 407 606 385 861 522 998 599 728 426 786 462 419 270 461 297 912 549 898 543 964 577 612 348
305 20 8459 909 547 539 306 822 494 721 427 839 512 805 485 703 414 907 545 991 594 987 592 950 570 739 450 730 429 968 580 830 494 958 576 760 442 984 590 939 564 837 497
306 20 8129 982 589 879 521 781 479 553 351 461 272 908 544 943 567 850 518 991 595 325 204 910 545 858 521 946 568 918 556 923 551 351 183 877 533 925 554 953 571 925 556
307 20 7168 444 294 618 384 958 578 317 153 944 567 809 475 599 348 777 459 670 399 698 436 659 411 979 588 934 562 922 553 624 387 681 412 721 426 857 508 323 187 803 483
308 20 7617 898 542 903 543 905 541 782 478 448 250 678 408 759 442 274 208 684 427 808 479 980 589 772 452 976 587 631 388 899 541 815 491 738 432 961 579 536 305 787 483
309 20 7522 370 239 972 585 614 371 312 156 773 475 813 497 867 515 882 527 737 456 291 168 944 563 748 435 937 561 934 563 948 571 621 383 788 481 928 555 863 512 703 434
310 20 8112 844 509 852 507 583 338 966 580 877 522 926 553 992 596 738 455 872 525 718 443 860 516 551 346 630 393 972 584 734 427 837 507 962 575 747 444 785 469 779 461
311 20 7374 703 423 874 520 477 294 958 574 744 439 972 584 787 478 417 277 469 257 968 582 961 578 680 389 909 543 466 258 933 560 424 250 971 582 655 390 619 393 761 455
312 20 7639 694 416 484 285 968 582 879 525 850 504 583 334 360 211 831 505 801 478 453 299 821 493 852 507 775 459 973 584 947 571 788 476 589 371 989 594 794 476 847 507
313 20 7719 890 529 850 505 769 457 883 523 538 335 912 552 944 564 906 538 266 131 914 552 965 581 914 550 906 547 899 542 676 395 690 405 342 190 301 199 982 589 891 533
314 20 7753 224 128 724 430 989 594 803 471 702 416 741 438 712 442 665 399 904 544 776 468 878 526 811 477 979 589 987 593 612 359 652 381 793 483 677 412 932 561 945 568
315 20 8320 961 578 590 375 925 553 539 304 873 529 972 584 716 421 908 548 679 395 940 566 902 541 1000 600 489 299 713 435 898 537 812 482 928 559 996 597 869 524 931 561
316 20 7906 692 400 811 487 896 542 995 597 548 319 672 396 731 425 858 507 702 430 953 574 976 585 587 358 633 374 776 462 777 454 803 473 704 414 923 554 878 529 898 544
317 20 8592 960 577 764 467 916 552 711 425 983 589 813 482 796 467 937 559 938 559 588 373 996 598 775 475 995 597 919 548 596 343 962 578 931 555 850 517 789 475 966 578
318 20 7455 957 573 925 554 933 562 625 392 736 453 843 498 423 222 652 400 453 260 833 499 624 369 730 435 845 510 779 457 418 268 628 371 948 570 882 532 998 599 678 409
319 20 7902 684 424 877 522 482 264 610 347 786 472 941 562 988 594 960 577 492 282 889 527 993 596 989 593 721 428 900 537 606 365 587 359 1000 600 784 460 597 378 918 553
320 20 7209 996 598 366 200 628 383 716 419 996 598 312 199 799 476 554 357 622 393 961 577 486 267 602 338 988 593 946 571 301 150 997 598 862 517 730 449 857 506 700 425
321 20 7872 834 502 974 583 867 522 865 517 290 196 618 388 971 582 713 426 833 502 888 539 890 529 848 509 851 515 525 291 964 578 297 208 726 444 945 570 868 514 977 587
322 20 8052 411 238 859 516 708 425 848 503 818 488 911 543 835 492 573 358 982 589 942 564 804 491 826 495 776 464 931 562 845 512 682 409 888 526 894 540 951 570 621 381
323 20 7466 786 483 746 439 944 566 887 537 432 226 733 453 460 282 789 477 584 338 877 532 668 390 680 403 872 522 486 321 829 492 985 592 975 585 760 464 492 310 948 568
324 20 7712 800 479 688 400 986 591 546 313 760 447 971 584 472 270 827 487 885 536 691 429 950 571 795 470 852 509 776 471 910 542 837 506 448 294 866 517 827 506 538 328
325 20 8140 694 399 843 506 609 371 905 541 766 449 982 590 813 482 932 561 659 396 896 534 829 497 897 533 709 432 771 459 901 540 832 496 854 508 932 557 593 345 864 511
326 20 7401 674 407 872 528 691 430 503 310 962 575 817 481 564 323 998 599 723 445 644 382 912 548 901 544 739 446 469 291 856 513 503 323 812 481 720 421 474 303 968 583
327 20 8526 846 511 962 576 693 424 861 509 825 486 922 552 931 556 880 522 992 596 981 589 965 581 698 409 916 550 632 361 659 382 676 421 999 600 926 557 918 550 770 451
328 20 8465 935 562 825 491 424 250 898 539 885 525 748 460 771 461 879 527 953 571 952 570 995 597 896 542 996 597 884 531 671 400 845 499 738 440 902 542 984 591 749 458
329 20 8515 961 577 910 545 886 537 902 546 752 441 959 576 622 379 942 565 895 543 988 593 912 547 742 442 880 521 854 510 584 374 764 457 932 562 904 539 745 434 896 537
330 20 8019 805 481 498 312 650 379 446 258 818 485 899 536 844 508 751 446 976 586 981 589 801 482 788 467 879 525 739 447 881 531 880 530 786 469 938 566 682 419 996 598
331 20 7859 981 589 767 471 953 570 736 448 799 475 829 490 627 391 798 478 998 599 818 488 751 439 818 491 883 534 704 414 602 346 517 311 755 458 783 460 961 578 638 364
332 20 7812 935 564 484 286 971 584 596 339 967 579 940 563 915 553 499 297 979 589 673 392 957 575 288 131 814 485 683 399 626 377 985 591 677 400 863 526 814 487 958 575
333 20 7807 838 502 640 371 639 380 946 568 623 359 821 503 979 589 952 571 736 443 846 515 772 461 430 225 988 593 577 324 890 535 621 388 646 371 918 551 909 550 844 507
334 20 7844 776 458 501 289 849 518 870 515 952 569 441 237 934 562 957 576 940 565 994 596 984 590 369 212 961 578 957 575 600 382 765 456 284 162 934 564 784 470 836 494
335 20 7856 827 499 775 462 854 510 415 268 780 467 480 310 979 587 717 425 845 501 828 505 890 541 863 521 964 580 953 570 726 437 717 425 863 512 664 404 613 384 960 575
336 20 8122 970 583 951 572 403 207 825 498 872 518 859 511 983 589 756 448 899 537 464 292 929 555 752 438 949 570 994 597 772 456 808 493 772 466 810 494 981 588 496 272
337 20 7333 805 495 447 256 434 233 927 558 805 493 609 359 648 384 700 424 843 514 764 457 640 363 913 543 926 556 783 480 704 427 509 299 909 540 992 595 502 328 807 474
338 20 6806 731 436 948 570 476 266 468 271 897 543 810 481 690 431 944 568 753 442 820 500 440 278 391 258 812 494 770 469 696 425 344 212 932 557 369 224 848 505 473 310
339 20 7331 847 508 925 553 831 496 408 218 750 457 721 439 870 528 831 491 944 568 819 491 656 389 593 368 785 460 372 225 590 367 967 582 695 430 648 372 831 491 580 331
340 20 7549 737 451 911 548 825 491 495 320 679 423 945 568 891 534 975 586 627 374 916 548 721 416 512 316 303 178 714 440 766 465 678 420 888 527 744 441 833 499 938 566
341 20 8063 738 430 950 573 798 481 937 560 935 558 971 584 576 353 487 318 768 472 698 422 844 502 991 595 850 518 946 566 880 533 985 591 526 334 621 383 718 415 908 544
342 20 7985 661 379 521 338 820 486 886 537 913 552 793 468 971 582 869 518 683 412 969 579 745 435 536 339 982 590 913 547 480 298 889 528 746 446 900 542 842 508 852 504
343 20 7359 654 382 702 410 938 563 641 392 801 488 330 223 425 226 996 598 657 388 459 302 999 600 871 528 470 286 946 570 692 411 791 475 646 397 776 475 943 565 982 589
344 20 7090 670 419 307 219 678 390 709 436 613 391 762 443 655 405 512 300 838 507 892 538 877 532 908 547 801 478 906 548 646 402 767 472 790 477 828 487 592 353 429 286
345 20 7066 752 465 859 508 604 372 761 464 876 528 156 137 827 507 866 518 725 424 671 397 640 372 610 375 998 599 949 567 485 279 779 461 386 243 717 446 627 370 845 506
346 20 7597 972 583 507 332 846 507 626 393 660 408 901 541 898 536 576 361 841 504 733 424 609 347 900 540 850 508 902 535 835 501 948 571 862 510 837 509 369 185 523 316
347 20 7582 822 492 828 492 486 268 835 506 855 520 610 354 625 363 638 364 543 324 554 322 921 549 967 581 718 439 994 597 813 495 476 306 950 570 714 443 909 541 906 540
348 20 7732 778 463 320 184 953 571 514 284 782 476 895 542 894 537 826 496 967 581 741 432 800 480 824 487 776 462 532 332 703 417 959 575 827 496 946 568 601 352 827 497
349 20 7744 294 201 894 532 993 596 829 490 536 294 941 563 902 546 867 528 863 512 713 440 736 438 552 331 637 372 689 423 874 518 629 384 915 547 865 517 892 540 868 522
350 20 7304 583 361 972 584 807 485 548 344 813 488 598 375 329 200 864 515 295 179 1000 600 998 599 354 187 850 505 871 526 503 305 988 594 932 560 626 398 835 498 842 500
351 20 7671 970 583 697 431 771 475 880 535 611 360 528 329 836 496 597 340 691 429 550 354 708 424 993 596 948 570 628 370 876 521 708 410 746 435 951 570 940 565 714 432
352 20 7717 915 549 448 272 800 490 783 478 501 290 694 417 973 584 716 427 903 543 861 524 701 415 735 454 712 411 212 160 984 591 976 587 932 561 883 530 940 564 766 458
353 20 7967 919 548 974 586 963 580 511 321 927 553 910 541 931 560 965 581 995 597 642 378 699 423 790 482 927 557 430 260 786 483 651 375 372 213 986 592 678 424 879 527
354 20 7504 788 473 450 237 882 524 412 280 974 584 990 594 890 536 749 457 947 567 662 395 538 341 892 530 869 529 786 475 908 549 957 576 711 425 422 235 773 456 409 227
355 20 7701 987 593 873 530 907 547 789 486 542 319 569 362 803 488 457 250 750 438 396 264 721 428 879 529 849 502 952 570 733 447 959 578 821 500 505 282 970 581 940 561
356 20 7552 840 513 925 555 769 465 858 508 674 409 417 246 655 401 626 355 396 229 892 540 633 387 963 580 540 310 872 520 951 570 748 459 878 526 963 580 613 382 892 535
357 20 7456 933 561 359 182 949 567 887 533 973 585 725 445 976 587 762 447 595 366 784 475 805 486 404 255 641 387 458 266 486 302 671 414 785 476 880 531 957 575 882 529
358 20 7728 864 519 954 573 992 595 779 459 905 545 846 509 903 537 807 478 844 505 935 558 809 491 276 157 795 465 710 443 931 555 613 363 926 557 628 368 729 452 210 98
359 20 7545 587 340 681 423 878 524 989 594 722 424 879 532 783 477 983 589 620 349 831 492 811 476 563 356 436 254 913 552 698 435 375 232 907 549 900 546 671 421 864 519
360 20 8177 901 539 941 567 914 546 940 565 580 332 603 366 723 447 519 290 891 540 925 557 916 549 840 498 681 420 801 479 884 530 977 586 995 597 569 344 784 481 971 582
361 20 7713 794 482 737 431 965 577 592 343 860 518 748 456 911 542 925 554 690 433 877 533 538 301 688 422 936 564 735 428 993 596 610 374 930 561 895 532 522 327 480 271
362 20 7198 930 556 422 254 791 464 943 568 335 212 821 492 680 403 846 505 830 491 768 461 775 456 796 478 495 312 687 411 627 394 709 425 874 529 913 553 619 359 536 305
363 20 7474 823 497 994 597 391 238 834 502 568 340 961 577 654 380 732 450 879 523 863 519 618 387 611 348 901 536 737 456 603 369 599 339 514 334 991 595 744 458 932 560
364 20 7649 877 532 966 581 493 266 937 562 777 475 568 334 750 464 887 538 539 339 616 352 849 514 887 533 856 506 524 321 954 574 564 344 620 375 865 513 915 548 854 514
365 20 7737 535 325 913 552 795 482 640 374 769 463 702 406 894 538 952 569 479 268 950 570 1000 600 655 380 697 407 764 472 786 468 404 244 947 568 866 523 806 490 920 553
366 20 7899 904 548 806 477 728 449 845 501 984 591 730 433 741 448 853 505 395 260 993 596 677 425 585 327 991 595 822 498 570 322 906 543 825 499 784 475 958 577 701 428
367 20 7497 949 569 589 358 713 442 820 492 396 262 438 265 531 325 944 570 870 514 820 484 573 361 723 428 589 349 847 511 648 369 821 483 975 586 968 582 790 483 991 595
368 20 8025 943 563 384 210 988 594 791 487 798 479 905 542 952 573 457 245 994 597 590 371 705 429 875 526 587 348 909 546 871 518 713 420 842 497 878 525 904 537 965 579
369 20 6363 615 385 111 100 874 524 964 579 787 484 275 166 802 473 520 300 642 378 368 216 620 382 198 161 765 460 688 424 979 588 877 531 474 304 970 583 853 513 345 179
370 20 7321 507 311 985 591 786 460 891 532 318 172 566 343 972 585 1000 600 822 502 686 427 883 529 280 172 701 425 838 496 573 339 752 458 764 459 802 479 564 318 953 573
371 20 7646 793 469 963 577 696 421 987 593 791 475 852 516 643 384 897 534 787 476 719 442 800 489 300 174 912 545 771 454 681 397 989 593 822 504 629 388 448 258 813 491
372 20 7750 663 400 806 495 779 474 864 521 650 371 277 133 658 390 725 449 949 567 989 593 703 415 991 595 984 590 695 419 919 552 922 558 765 453 948 571 390 261 823 499
373 20 7354 903 548 586 352 728 424 481 319 590 376 609 382 601 351 853 508 416 257 920 548 823 496 664 381 954 574 821 484 934 563 783 463 886 527 662 394 656 390 839 510
374 20 8022 935 562 573 343 778 458 920 549 778 471 966 580 936 558 757 443 550 357 903 540 870 519 798 482 779 460 900 538 643 388 848 502 840 508 623 385 917 551 730 435
375 20 8468 619 350 930 561 847 515 952 569 877 532 786 469 901 546 897 544 919 548 708 438 738 449 784 471 978 588 791 483 955 572 904 547 955 574 898 537 674 387 823 502
376 20 7336 352 217 989 594 941 567 909 546 597 352 515 332 585 369 944 566 469 257 593 369 798 491 325 160 663 400 495 323 897 540 976 585 741 450 910 541 982 590 991 595
377 20 8216 549 324 832 491 944 564 978 588 697 404 709 427 901 539 801 490 959 575 918 547 765 461 490 306 757 457 990 594 649 372 616 374 966 582 966 578 949 569 996 598
378 20 7856 554 347 702 415 820 502 970 583 465 290 824 495 725 438 830 498 990 594 924 550 802 482 938 562 432 252 838 500 424 223 1000 600 905 543 859 509 817 486 893 542
379 20 7418 647 409 716 437 939 565 849 504 964 578 455 303 956 575 470 296 698 409 904 539 796 473 461 281 809 489 732 448 720 435 972 584 444 275 882 530 752 444 671 384
380 20 7566 940 564 418 224 997 598 696 416 865 519 668 399 888 526 564 326 932 560 469 313 957 573 829 488 926 552 861 516 555 326 962 579 452 264 859 519 859 518 436 249
381 20 7926 873 518 768 470 548 345 972 583 751 443 732 455 720 431 748 441 961 575 906 539 904 543 960 577 458 305 740 435 853 510 931 556 896 541 799 486 349 220 984 591
382 20 6835 553 357 649 375 724 430 567 330 744 436 551 353 625 363 908 548 882 525 948 571 389 210 762 465 862 514 892 540 314 206 539 326 538 345 966 580 698 412 560 355
383 20 7582 945 570 899 539 646 385 630 358 695 419 962 578 991 595 797 485 901 539 730 436 970 581 514 323 526 307 227 130 599 360 890 528 755 443 809 488 778 455 900 544
384 20 7338 939 561 649 380 711 434 967 579 843 500 861 524 774 455 545 353 903 544 843 500 914 552 774 472 622 387 736 440 411 237 359 213 699 431 803 475 877 522 447 271
385 20 7789 566 330 772 452 822 500 803 490 580 340 841 509 926 552 661 399 793 487 946 569 952 573 958 577 608 386 841 508 955 570 658 401 913 553 963 579 690 424 331 229
386 20 7668 175 122 507 297 875 523 938 565 704 439 812 498 999 600 617 374 984 590 943 564 775 463 964 577 661 417 755 455 812 493 947 568 789 462 968 581 859 507 252 191
387 20 7273 819 496 448 240 725 445 895 531 865 517 853 506 923 554 874 517 524 343 524 313 187 143 734 453 944 570 787 482 809 478 728 447 268 130 932 560 934 557 773 473
388 20 7604 981 589 632 396 505 297 723 420 640 400 994 596 660 414 959 573 498 277 677 389 819 490 731 427 568 316 848 501 860 519 713 417 956 573 984 592 905 542 555 319
389 20 7719 531 317 863 517 956 575 595 366 570 339 532 312 989 594 802 492 827 499 1000 600 869 517 978 588 935 561 754 454 973 583 637 382 368 255 538 348 733 450 989 594
390 20 7298 527 312 948 568 647 382 764 459 994 597 938 566 960 574 475 263 591 357 689 427 906 549 688 395 675 396 961 576 700 430 870 530 832 499 630 388 268 136 534 308
391 20 7065 917 546 904 542 799 476 328 207 558 356 813 494 935 560 645 395 367 231 579 340 949 567 702 426 916 549 438 240 525 315 872 522 661 377 749 441 906 544 567 336
392 20 7945 900 540 408 220 967 579 879 528 847 502 652 398 744 437 786 474 805 474 882 530 562 341 998 599 950 570 800 472 994 597 808 483 785 467 495 272 909 546 719 429
393 20 7786 985 591 993 596 704 408 231 134 878 525 612 355 926 553 841 502 983 589 550 320 887 531 735 437 683 425 996 598 397 250 857 519 921 550 495 307 952 572 947 565
394 20 8009 833 500 613 373 483 297 382 228 466 261 925 553 824 504 931 556 794 485 798 478 745 458 915 551 943 565 952 570 968 582 746 443 793 470 995 597 922 549 991 594
395 20 7314 984 590 709 420 462 276 764 472 490 291 489 276 890 528 885 531 820 490 751 452 940 561 860 512 921 557 412 234 997 599 763 466 810 494 641 394 485 305 556 348
396 20 7308 1000 600 976 585 981 588 586 368 547 348 749 447 391 222 897 539 921 557 784 461 708 433 450 291 378 224 641 405 765 449 320 216 766 452 862 517 916 545 978 586
397 20 7433 446 281 968 583 786 478 926 555 803 494 859 510 750 449 370 260 876 520 973 584 724 431 666 412 762 469 177 118 779 475 930 556 616 351 817 499 739 451 900 541
398 20 7679 723 437 751 451 799 480 632 387 933 557 497 274 919 548 782 471 495 317 936 561 823 489 936 561 659 378 962 576 847 516 736 429 943 569 872 529 944 568 169 92
399 20 8159 866 512 612 391 950 567 903 540 955 573 884 530 754 457 978 588 625 381 871 521 924 559 863 513 950 569 382 250 743 450 520 286 997 598 942 569 777 471 823 504
400 20 6997 587 328 938 563 461 296 897 543 689 409 557 358 825 497 798 486 576 357 705 423 771 468 751 438 787 461 790 467 725 430 515 317 719 422 585 366 688 404 631 396
