1 20 5258 144 53 452 241 595 338 259 137 586 357 242 152 856 510 901 542 977 585 89 84 547 337 470 263 486 266 401 211 800 480 297 139 657 395 334 163 852 506 572 335
2 20 5897 602 368 790 485 59 73 70 19 654 379 877 523 197 103 298 183 943 569 956 574 862 523 199 163 427 227 345 189 650 399 701 406 962 578 743 455 751 445 708 409
3 20 4293 744 435 543 341 466 294 539 307 620 391 316 212 108 26 471 271 682 419 102 79 48 84 379 207 100 49 261 157 313 223 516 320 638 403 208 132 801 487 731 450
4 20 4939 617 352 776 456 886 537 96 73 409 223 260 126 628 388 268 195 791 477 65 36 188 119 784 475 475 279 769 468 770 450 383 213 125 70 264 139 435 230 890 535
5 20 6108 232 153 877 520 660 399 577 354 242 110 599 377 980 589 853 509 698 418 375 213 281 140 579 332 990 594 518 311 970 582 992 596 875 524 185 84 300 157 434 241
6 20 4564 408 276 75 25 663 413 166 80 387 203 183 111 281 158 631 394 459 266 10 43 104 44 361 195 448 246 295 152 981 589 789 464 785 471 801 470 480 308 822 492
7 20 5613 857 508 990 594 813 487 256 142 297 157 927 560 670 395 173 77 384 202 509 327 326 189 789 478 801 486 88 11 443 253 573 332 604 350 879 534 386 241 462 248
8 20 4575 8 26 910 544 994 596 98 107 568 331 933 557 283 206 852 507 817 480 34 76 313 196 15 38 801 493 324 218 429 250 260 168 98 43 660 389 429 245 324 223
9 20 5072 207 128 489 272 533 336 839 501 67 52 120 78 151 131 875 523 278 165 501 290 765 451 141 122 973 585 175 100 151 106 904 540 955 576 595 356 658 402 767 451
10 20 5511 188 88 524 315 961 575 420 248 119 82 291 165 912 547 768 470 362 249 697 433 799 489 51 63 415 221 376 221 898 538 150 124 536 303 959 577 798 485 798 488
11 20 3875 75 25 238 102 413 278 840 496 200 151 316 220 11 40 200 148 168 117 450 298 165 73 411 241 297 203 409 278 192 69 798 474 754 442 430 267 869 528 514 323
12 20 5422 738 444 967 581 33 62 316 196 37 30 933 563 871 522 894 533 182 62 716 434 494 294 91 57 411 277 530 333 241 165 105 29 779 455 977 586 908 541 621 373
13 20 4127 512 297 75 9 129 62 284 173 134 119 470 293 925 555 737 455 142 105 506 288 320 176 515 333 36 70 364 185 757 467 812 481 262 125 665 416 228 96 381 227
14 20 4999 876 524 506 310 429 276 502 273 159 134 849 505 117 120 261 189 816 491 898 534 123 47 540 315 57 13 166 107 996 598 157 119 990 595 599 367 530 298 428 273
15 20 4958 846 512 916 553 372 259 229 140 899 539 81 65 687 419 56 14 431 227 256 176 358 236 19 34 568 348 968 581 970 581 268 125 754 440 368 258 375 236 496 299
16 20 5614 899 543 457 246 32 18 944 568 869 522 764 456 722 427 408 273 768 462 315 228 131 38 630 373 632 387 741 444 875 525 122 55 771 472 976 586 135 91 37 51
17 20 4402 793 485 237 145 320 219 753 454 426 242 167 90 369 259 14 49 450 269 561 361 540 313 140 88 867 516 992 595 448 300 115 25 465 269 84 52 909 550 155 126
18 20 5105 789 486 451 262 89 82 123 63 15 62 766 451 256 192 457 277 500 316 18 27 387 229 348 186 857 519 983 590 900 541 474 302 716 418 909 548 834 508 338 217
19 20 5504 420 228 496 298 790 470 299 191 90 9 349 202 439 236 705 410 678 390 53 28 738 456 484 318 530 294 928 555 916 546 840 502 839 507 454 273 836 511 125 41
20 20 4832 7 13 101 86 302 146 957 572 913 548 345 185 481 263 149 85 921 553 334 205 357 223 574 347 695 425 625 397 390 205 856 518 271 162 482 281 787 485 117 85
21 20 4705 736 442 556 328 359 226 476 273 422 271 188 132 334 210 114 57 840 500 856 507 116 28 806 491 371 218 676 408 754 439 1 12 36 55 826 500 346 214 597 371
22 20 4447 382 248 583 336 52 47 155 135 252 162 895 534 244 185 586 328 645 374 912 544 755 439 303 222 670 403 100 49 168 135 272 141 263 181 730 448 749 440 179 95
23 20 5502 968 583 998 599 879 528 221 100 188 131 895 531 352 243 346 222 472 306 480 289 82 78 604 373 315 212 880 527 80 52 794 475 369 212 667 414 426 239 989 594
24 20 4712 180 129 84 23 978 586 187 87 638 378 517 303 574 347 4 20 260 139 247 109 756 456 326 219 978 586 918 548 360 194 208 147 974 584 670 420 378 224 187 71
25 20 4702 461 306 823 498 299 182 628 388 369 192 256 175 16 28 55 4 384 258 658 395 170 71 906 549 931 560 532 325 18 58 996 598 416 215 355 188 976 586 155 114
26 20 5913 812 478 938 564 749 441 540 320 54 49 877 531 326 233 350 182 276 185 632 385 913 548 952 569 59 67 523 303 292 143 706 419 868 514 493 275 594 344 872 523
27 20 4518 367 254 392 266 511 307 790 462 183 100 487 267 197 102 884 527 933 556 553 323 51 56 22 50 151 96 453 248 193 93 323 168 569 348 916 554 374 234 688 425
28 20 4819 983 591 379 238 138 105 334 211 733 431 718 448 457 246 804 486 255 129 251 106 557 324 15 23 880 533 201 139 304 215 979 587 560 321 201 128 605 365 284 141
29 20 5468 745 446 961 575 369 214 50 59 379 252 11 34 45 16 500 325 744 445 742 440 509 296 621 370 372 254 563 328 841 509 771 450 898 542 616 351 537 328 662 385
30 20 4417 180 99 385 266 62 62 538 346 452 260 921 550 24 73 705 436 828 494 199 154 162 81 465 286 5 39 928 558 49 21 884 526 849 508 367 203 7 14 824 498
31 20 4960 516 297 321 219 10 3 797 472 589 347 281 150 398 212 22 48 506 312 433 288 155 52 789 467 778 455 326 205 338 171 971 584 663 380 554 343 726 424 747 445
32 20 4625 865 512 964 576 280 203 501 277 927 555 45 84 436 271 113 76 270 172 160 116 972 585 558 353 191 67 345 217 159 145 652 386 129 56 701 407 216 145 766 473
33 20 4296 541 323 869 528 597 343 365 188 81 29 625 373 179 109 174 146 632 382 911 546 182 131 72 39 218 124 51 25 801 484 550 333 162 88 664 407 55 8 863 522
34 20 5216 248 115 849 507 167 130 390 257 983 589 959 576 674 386 866 516 212 101 647 383 762 452 95 46 736 449 962 580 120 83 37 47 103 84 606 343 671 415 345 223
35 20 6008 563 355 810 480 336 181 414 273 642 368 806 477 930 555 199 106 556 328 342 179 462 288 824 490 441 276 430 264 259 194 981 588 842 506 768 463 862 511 549 303
36 20 4363 357 205 566 344 121 112 880 534 711 438 10 12 319 198 402 236 386 196 1000 600 141 92 161 78 771 469 274 180 681 395 504 321 387 251 393 257 118 109 545 341
37 20 4162 944 565 150 100 719 427 57 54 407 261 546 329 140 90 515 303 549 338 864 520 19 3 332 228 597 368 126 107 311 205 185 149 63 10 887 528 618 353 296 179
38 20 5070 848 504 4 20 405 231 305 174 744 437 442 242 512 297 1 21 478 283 953 571 501 300 387 222 151 94 858 510 996 598 529 317 359 179 447 238 844 509 376 241
39 20 4854 714 419 298 137 156 80 569 353 855 507 919 550 543 337 176 100 906 549 499 274 221 126 343 176 318 201 715 433 291 189 497 283 751 462 163 95 674 405 101 51
40 20 5432 893 542 298 139 249 126 346 205 238 168 844 510 478 312 858 510 764 457 70 21 894 532 487 289 964 577 741 454 469 266 184 119 888 534 7 21 304 186 888 531
41 20 4720 249 162 237 181 983 590 535 310 644 377 1 40 982 590 160 51 179 132 690 409 711 424 823 489 396 248 653 382 571 326 350 202 231 165 31 2 889 529 125 60
42 20 5531 948 572 807 483 997 598 536 334 642 367 665 381 958 573 522 335 587 370 283 211 230 162 650 404 423 235 363 209 133 29 569 340 266 158 647 372 561 360 275 199
43 20 5034 580 324 268 182 392 249 330 211 773 461 552 338 736 430 445 267 924 553 682 408 389 206 458 255 543 347 780 467 444 269 927 558 12 5 577 338 183 73 74 55
44 20 3486 101 89 123 54 231 102 333 177 155 88 810 490 838 510 487 269 98 52 52 49 629 374 618 379 134 122 149 113 84 99 791 483 928 556 147 127 30 29 234 111
45 20 6351 802 493 918 548 370 244 634 399 629 388 772 452 998 599 449 281 594 345 858 509 757 467 990 594 401 230 98 71 83 105 804 482 353 204 724 423 709 441 759 464
46 20 4991 233 167 74 97 436 257 595 375 261 197 484 276 476 311 483 298 409 222 315 214 815 492 104 41 798 485 555 310 866 516 874 524 265 171 997 599 66 76 876 531
47 20 5419 951 574 83 94 319 181 747 435 661 415 815 484 25 61 625 361 558 337 521 284 718 431 343 171 763 453 411 269 237 109 646 383 934 557 231 157 667 394 583 369
48 20 5553 576 370 801 486 501 328 832 498 537 323 316 153 280 149 742 460 601 383 768 456 277 181 853 514 886 530 557 344 582 339 162 138 281 132 136 34 770 472 648 409
49 20 5386 501 300 550 323 18 43 976 587 941 566 76 34 242 120 814 488 186 101 31 24 711 430 965 580 502 272 405 217 977 587 857 510 786 479 209 110 813 489 213 123
50 20 5455 520 289 890 536 935 558 941 568 39 48 628 363 382 203 775 456 134 60 616 372 537 301 39 31 489 283 708 414 67 47 904 539 698 423 287 211 648 410 674 417
51 20 5766 578 346 889 532 693 432 460 280 592 352 80 42 360 245 637 378 785 479 565 320 906 544 815 487 797 488 545 313 520 308 15 35 954 570 443 285 118 53 781 469
52 20 3701 550 342 524 303 164 142 382 229 809 496 3 22 165 119 148 82 786 460 147 58 442 275 123 98 14 46 559 325 881 523 260 162 477 304 134 69 233 136 601 356
53 20 4336 700 407 197 111 558 333 558 317 846 516 1 56 451 243 874 526 67 29 676 418 461 296 284 162 95 106 24 32 191 133 902 545 723 428 160 138 32 42 872 519
54 20 4965 490 303 231 154 685 416 681 418 172 96 656 393 383 264 245 188 286 156 788 462 395 236 743 438 3 33 123 75 309 163 950 570 368 234 610 388 974 583 839 512
55 20 4329 695 427 795 487 311 184 663 408 636 366 796 483 113 99 86 6 114 20 307 212 274 178 669 420 777 466 180 156 789 467 459 251 238 98 125 101 27 49 604 366
56 20 5640 1000 600 865 521 434 259 425 237 766 466 308 154 288 199 928 558 678 417 156 122 319 170 517 291 205 79 650 380 550 317 33 52 316 181 952 571 975 584 915 547
57 20 5553 859 522 729 423 660 387 319 167 10 14 728 435 567 341 351 231 191 102 614 353 779 478 902 547 289 195 726 443 984 592 236 169 598 375 673 420 781 479 110 85
58 20 5848 465 265 966 578 713 429 815 498 967 582 635 379 676 420 75 89 325 234 920 557 433 267 83 65 643 386 109 104 719 444 431 264 866 525 944 565 377 250 535 336
59 20 4523 578 363 455 251 59 70 247 103 683 398 677 388 831 508 256 124 6 19 738 454 26 63 588 341 644 385 421 255 370 239 852 507 414 240 203 126 645 393 354 187
60 20 5970 805 475 435 260 913 544 829 498 53 84 240 113 667 418 93 22 706 438 211 137 847 506 906 549 603 345 859 520 462 303 600 341 814 493 901 538 59 51 937 562
61 20 5533 154 133 876 520 598 373 842 507 750 448 441 245 962 576 151 128 459 290 595 366 748 437 442 245 570 328 942 566 393 267 288 155 706 437 274 159 872 516 4 16
62 20 5365 962 576 632 366 667 413 743 435 394 273 378 204 510 292 273 178 65 57 978 586 915 551 23 43 186 145 236 183 798 480 899 541 272 165 700 416 447 289 652 372
63 20 4324 900 544 63 17 184 77 870 524 328 212 303 162 136 125 86 61 598 357 941 567 511 315 225 146 706 423 471 293 49 82 838 497 168 93 316 228 424 289 531 293
64 20 6292 233 120 784 463 757 456 997 599 781 477 369 228 271 121 878 531 401 248 734 427 526 339 559 356 534 344 103 84 781 471 796 472 772 457 518 296 902 543 889 536
65 20 5051 702 416 124 79 988 593 342 224 52 71 60 49 101 34 298 204 464 288 817 494 106 18 633 368 254 115 476 311 624 382 693 429 954 574 709 422 986 592 720 445
66 20 5641 660 383 421 275 502 308 550 310 949 567 131 103 802 470 911 545 614 353 395 202 500 307 371 218 724 439 947 567 572 353 251 139 533 295 924 555 181 108 345 231
67 20 5173 824 502 448 279 766 473 400 224 471 290 835 510 234 108 374 217 486 295 540 317 758 467 79 5 894 541 529 339 99 88 178 125 872 521 305 189 318 226 937 559
68 20 4829 361 228 651 391 960 574 503 282 832 497 227 107 245 129 369 205 195 117 188 141 847 511 813 479 167 90 911 545 559 358 116 75 88 9 497 289 686 406 444 290
69 20 4917 68 64 768 472 870 522 89 36 285 154 408 269 372 194 331 214 48 60 398 207 773 475 903 537 168 136 140 85 359 186 565 358 650 401 800 477 887 539 952 569
70 20 5155 69 48 947 567 358 249 648 402 236 169 941 566 549 314 537 338 47 82 624 368 630 398 636 385 179 102 472 293 887 527 132 94 758 457 933 557 639 385 89 32
71 20 4691 205 117 562 346 995 597 689 426 85 4 189 85 477 264 849 517 128 114 174 81 146 120 216 123 273 191 379 208 386 242 919 549 786 473 976 585 832 503 117 83
72 20 4269 377 247 996 598 560 332 201 93 581 367 901 542 187 94 782 473 80 62 92 1 64 36 168 131 603 380 68 8 30 31 635 398 619 353 581 350 945 564 69 25
73 20 5673 828 488 360 240 236 149 574 367 230 110 929 558 858 516 234 170 957 575 837 493 420 250 349 181 210 114 464 264 838 512 90 80 963 579 552 329 613 357 805 474
74 20 4723 663 404 386 242 894 539 690 403 698 405 337 183 263 132 461 266 478 281 134 89 754 461 645 379 863 516 395 271 579 329 75 97 451 245 241 100 177 141 262 194
75 20 4339 468 255 921 548 943 563 95 110 652 372 179 94 83 39 916 548 978 587 14 35 112 49 5 9 392 211 609 373 476 292 957 575 236 107 313 229 116 111 213 155
76 20 5153 831 498 267 133 571 345 540 320 846 509 446 254 235 119 714 444 327 189 218 146 666 416 33 70 987 592 439 242 758 467 252 156 177 61 412 217 747 443 841 505
77 20 5931 510 323 873 532 516 290 986 592 209 117 729 426 403 277 878 529 816 488 151 102 943 564 945 570 518 285 16 66 204 159 324 217 574 353 763 453 820 482 684 415
78 20 6023 548 310 463 246 915 548 644 377 25 50 767 471 806 494 84 31 578 368 631 392 75 5 978 586 505 275 792 464 801 477 279 149 485 315 781 458 932 560 958 573
79 20 5135 715 413 965 580 687 397 226 92 666 393 632 385 574 360 234 182 799 482 758 441 27 52 54 28 349 202 398 250 715 428 515 321 797 469 571 344 60 91 529 343
80 20 5691 677 418 252 165 919 548 977 587 433 285 866 513 238 145 475 315 856 512 670 414 854 507 774 461 245 117 68 51 317 211 855 507 551 356 665 392 584 345 106 109
81 20 5902 721 441 115 42 911 545 194 73 711 426 834 509 86 13 834 510 707 421 528 318 225 178 420 279 658 414 923 557 912 549 218 90 961 578 919 553 485 319 442 288
82 20 4978 134 82 284 199 992 595 323 161 959 577 870 518 482 272 842 509 523 329 24 11 306 161 456 272 92 63 356 242 446 268 641 385 595 356 438 267 691 420 503 329
83 20 4557 867 524 993 596 964 577 62 56 51 20 30 68 606 387 143 56 409 221 108 27 134 33 953 570 984 591 222 131 206 101 935 562 129 68 104 17 918 548 296 162
84 20 5860 75 60 55 3 997 598 891 533 891 534 963 579 544 350 687 421 823 503 919 556 510 327 327 228 390 224 811 493 407 245 272 177 95 85 357 219 965 578 741 432
85 20 5408 487 263 661 416 517 304 545 351 277 192 650 380 958 573 342 236 928 559 153 97 628 359 304 198 482 319 371 206 806 480 906 547 52 9 553 313 707 420 489 308
86 20 4055 109 86 52 19 85 81 620 391 692 419 836 511 23 31 524 319 733 432 203 88 363 238 540 312 115 47 852 508 402 217 183 97 108 103 952 570 707 440 11 40
87 20 4586 122 79 188 156 524 326 902 547 148 108 975 586 970 583 835 511 203 102 385 225 30 44 177 132 445 246 229 127 531 304 901 543 936 562 578 369 49 48 45 72
88 20 5849 532 314 753 456 531 337 690 431 111 29 789 472 367 251 424 235 468 303 764 456 717 440 773 458 644 399 622 366 728 447 966 578 186 115 555 317 205 89 873 518
89 20 4966 946 570 991 594 632 365 101 104 412 256 110 92 743 443 593 340 766 467 991 595 620 364 516 311 52 85 180 82 324 197 950 570 22 14 381 246 150 111 452 243
90 20 4654 105 62 150 99 766 449 979 588 525 340 563 355 395 239 320 221 995 597 302 181 442 248 588 373 627 356 41 39 646 398 470 258 756 468 491 310 8 49 139 69
91 20 5469 180 71 355 239 929 561 489 278 992 596 811 488 485 270 528 329 799 471 652 389 823 504 801 481 74 11 207 156 45 39 888 538 634 365 192 84 784 471 271 125
92 20 5356 57 54 756 450 388 233 616 364 524 342 291 166 963 577 825 495 871 522 960 576 194 154 520 304 217 151 144 69 440 241 450 256 891 538 438 245 914 544 253 177
93 20 4405 435 266 44 2 163 113 587 359 551 327 251 128 773 460 807 478 237 103 140 52 367 194 25 48 564 335 342 205 907 541 847 503 548 309 596 339 204 118 422 228
94 20 4859 982 589 365 206 703 416 738 447 349 239 209 169 798 483 167 104 83 4 717 425 459 246 999 600 129 92 840 505 959 578 54 83 16 43 681 411 93 102 378 204
95 20 4960 602 370 169 62 355 179 701 433 598 374 306 196 868 518 500 289 608 360 941 567 25 12 637 385 312 186 223 174 844 504 851 503 733 445 562 340 22 63 64 47
96 20 5047 317 187 824 494 926 556 383 218 66 15 450 266 887 534 157 45 750 445 161 73 626 395 507 291 565 342 974 586 169 65 347 187 460 273 507 317 530 344 488 281
97 20 4301 100 16 203 99 326 177 161 84 809 487 5 14 39 45 989 594 657 414 568 340 157 143 323 166 279 182 579 353 496 276 54 78 549 323 708 410 817 483 784 482
98 20 4501 366 194 686 399 926 553 928 558 143 82 450 303 753 442 69 90 817 480 82 57 236 101 324 235 263 117 122 71 35 2 583 337 764 448 981 588 264 167 210 93
99 20 4728 497 314 944 569 786 470 605 359 958 573 141 76 28 26 390 246 631 379 282 207 356 198 484 290 248 181 387 210 858 509 619 386 42 45 156 47 790 466 254 132
100 20 5172 358 249 976 585 772 457 710 412 805 491 579 327 819 486 436 257 891 532 385 200 204 120 498 285 640 383 451 297 657 405 568 364 39 67 55 35 459 296 43 74
101 20 5165 207 152 665 400 223 95 415 263 892 534 80 77 970 583 501 299 900 541 611 367 633 373 560 340 200 73 401 252 880 521 390 258 985 591 500 293 208 127 110 44
102 20 5644 696 406 269 130 903 538 578 368 352 225 268 183 572 342 182 128 136 51 500 276 631 389 764 468 962 576 759 444 37 72 541 306 711 418 833 492 634 369 961 575
103 20 4627 401 216 176 78 33 65 729 432 272 193 22 49 599 342 647 367 446 293 545 355 14 11 376 193 897 539 916 551 370 191 62 2 441 237 869 526 495 294 944 568
104 20 4545 519 283 347 223 762 444 853 513 993 596 169 55 44 72 490 303 12 9 501 307 217 98 438 268 238 186 966 581 342 189 695 404 14 11 362 196 170 136 959 573
105 20 3295 9 58 282 208 439 237 338 224 460 256 348 207 102 16 228 118 488 282 619 388 431 292 39 76 284 147 30 29 268 123 778 464 197 149 279 139 415 273 556 333
106 20 4936 898 544 353 210 525 290 748 454 823 494 66 90 275 124 902 546 198 121 174 149 504 301 781 474 568 323 365 216 225 113 493 311 785 482 140 66 678 417 371 197
107 20 5071 133 83 878 529 153 133 380 263 715 428 565 338 523 327 903 536 977 586 142 45 380 244 710 428 606 347 29 13 822 494 501 310 894 536 236 178 203 131 393 251
108 20 4920 873 518 843 498 252 189 687 406 756 441 468 311 784 478 204 97 888 536 568 335 195 88 140 103 805 474 13 4 502 324 211 134 136 58 37 21 711 442 768 465
109 20 4741 97 15 229 114 700 424 283 189 118 93 572 324 310 173 841 497 466 278 748 442 355 252 801 474 208 98 120 105 275 128 820 495 662 414 789 461 231 121 858 513
110 20 5280 405 260 220 160 942 562 476 267 198 97 21 37 923 551 231 94 964 579 136 60 451 283 60 60 816 479 413 220 851 510 756 465 383 258 468 291 922 552 925 556
111 20 4954 504 296 597 343 718 414 119 66 878 520 141 55 379 242 729 431 775 478 497 305 684 409 70 61 85 87 722 448 268 201 626 398 450 254 111 71 727 422 829 495
112 20 5093 635 396 919 555 819 492 871 521 60 60 202 165 74 75 800 491 265 174 312 179 774 458 62 75 536 320 168 78 806 486 323 178 954 574 1000 600 245 159 362 244
113 20 5774 96 78 344 180 958 575 917 549 359 228 53 85 486 299 721 427 701 408 133 34 444 275 890 538 509 309 686 406 788 462 845 502 517 313 900 544 534 343 667 404
114 20 4548 850 515 161 49 452 248 175 78 515 330 323 158 395 250 919 548 17 29 384 195 108 45 232 177 745 449 340 195 672 400 732 425 365 193 890 530 658 392 164 127
115 20 5321 757 448 247 188 561 352 604 351 629 365 790 467 913 544 331 231 415 226 452 295 83 79 709 429 35 45 649 410 894 538 171 138 608 369 566 341 674 412 555 324
116 20 5283 30 6 553 343 919 549 849 506 243 185 838 494 410 256 334 177 728 439 560 320 162 76 248 119 565 321 75 93 782 459 944 569 429 236 206 135 745 435 946 565
117 20 4651 100 21 838 504 330 184 781 471 641 389 850 514 615 355 302 155 183 102 915 554 433 230 151 96 325 167 330 237 334 173 540 342 660 387 530 327 229 152 216 85
118 20 5048 622 352 606 382 203 159 724 427 798 471 68 88 958 573 283 180 243 163 386 269 940 564 372 192 516 324 868 525 741 440 352 248 19 1 413 220 766 470 219 102
119 20 4363 349 172 339 174 538 347 476 275 364 246 989 594 84 89 221 102 9 28 578 343 823 489 148 45 843 515 277 165 918 551 92 3 370 221 547 352 699 406 63 9
120 20 4998 638 378 831 506 16 24 90 103 302 223 788 464 89 21 761 459 125 31 899 536 635 387 751 450 684 405 246 121 874 526 815 479 349 215 843 500 42 22 218 110
121 20 5090 8 35 129 55 895 536 998 599 411 234 699 415 390 235 510 289 607 361 707 411 913 543 733 433 774 468 609 378 326 180 67 75 78 35 308 150 157 106 861 516
122 20 4393 377 228 977 586 473 276 177 93 437 258 187 68 234 108 209 142 858 516 212 116 99 75 508 283 609 344 578 352 971 584 79 65 454 256 985 591 74 26 288 150
123 20 4378 922 552 852 504 115 42 540 320 663 406 682 402 440 283 505 327 973 585 393 230 954 570 100 12 155 102 27 14 33 23 195 73 501 328 526 331 53 78 127 62
124 20 5609 19 45 977 587 264 116 699 415 961 575 632 376 904 540 140 78 764 472 820 498 209 104 548 305 278 185 830 495 777 476 701 416 314 178 361 195 768 464 253 152
125 20 5055 724 445 362 242 272 166 558 314 855 509 376 256 86 74 647 394 215 102 761 448 824 487 235 123 905 545 12 32 176 73 862 523 568 329 552 323 455 301 666 415
126 20 4209 299 138 339 171 493 281 468 301 933 561 176 139 600 384 156 109 119 56 258 139 774 454 72 59 142 95 558 350 145 91 439 290 924 551 657 412 436 282 431 293
127 20 3556 596 340 537 323 778 465 40 16 543 318 220 132 598 363 188 135 83 75 270 130 659 414 95 35 62 56 296 139 36 1 510 287 758 457 15 61 447 286 381 224
128 20 5804 512 296 402 234 813 487 834 498 778 465 219 146 710 418 482 291 265 199 383 226 479 317 205 148 831 502 496 318 871 521 918 547 594 356 567 319 405 267 844 513
129 20 3533 154 46 960 576 751 442 377 243 51 80 791 486 262 175 206 97 377 234 552 314 339 183 15 59 136 92 174 152 522 342 225 125 415 272 411 217 73 35 276 174
130 20 5424 540 346 380 209 858 522 904 545 880 527 71 45 583 354 888 527 468 260 425 253 613 366 128 106 166 103 848 504 2 27 675 422 688 432 303 173 571 359 858 518
131 20 5005 167 98 470 268 966 579 987 593 883 535 470 273 747 447 815 480 258 154 807 487 691 426 240 161 425 229 310 214 93 87 159 139 422 274 64 46 171 134 866 524
132 20 5091 741 452 694 416 35 38 72 97 733 454 140 106 618 380 814 478 761 455 834 503 281 165 647 409 250 138 442 266 399 244 591 349 629 361 198 123 633 389 671 392
133 20 3880 424 245 308 174 212 170 926 553 492 294 164 51 739 449 216 160 446 254 353 196 107 112 484 281 458 264 112 20 433 233 617 366 169 132 456 293 493 309 152 133
134 20 5971 500 295 667 388 492 283 510 322 987 593 355 208 204 167 792 486 623 367 885 528 480 309 454 290 934 561 853 504 953 571 533 337 110 80 552 313 357 230 701 413
135 20 5391 936 564 500 277 147 68 827 491 656 400 823 495 694 404 261 175 255 159 489 300 560 334 121 54 725 432 932 556 616 375 338 234 570 340 252 147 857 510 224 104
136 20 5430 61 17 302 169 659 377 802 482 949 572 100 96 444 298 654 405 442 257 883 524 507 277 968 579 238 117 789 483 290 188 895 539 968 582 594 359 244 169 72 27
137 20 5731 966 579 102 45 615 369 690 416 45 72 889 536 903 537 792 477 813 481 175 148 724 438 134 66 726 449 832 496 88 70 401 223 918 553 863 524 677 388 110 26
138 20 5446 729 445 800 475 933 557 944 568 435 261 556 342 970 582 548 326 640 364 977 586 667 381 403 219 84 51 268 171 43 60 362 213 258 183 119 40 699 434 458 278
139 20 5471 930 554 30 66 717 418 978 588 499 277 436 294 691 419 395 232 939 561 172 124 344 210 637 362 413 270 538 305 358 177 852 518 653 411 499 319 109 81 752 454
140 20 4106 118 19 277 149 6 23 786 484 933 556 42 47 59 6 50 79 626 382 555 349 902 539 211 151 986 593 101 68 426 236 64 11 280 151 594 380 347 183 849 517
141 20 4751 991 595 66 83 604 348 989 594 78 14 385 256 684 401 463 273 123 22 104 83 673 389 177 94 64 79 627 369 106 106 304 173 950 570 506 331 676 400 933 562
142 20 5326 68 95 98 79 921 550 990 595 480 292 912 545 529 340 737 455 84 61 676 397 803 478 28 34 518 302 591 345 439 283 837 501 459 252 967 581 357 216 159 63
143 20 3299 909 542 188 67 13 45 117 60 87 103 216 103 615 368 975 585 318 214 357 233 98 49 773 462 150 43 216 123 106 113 363 256 579 339 265 155 63 83 190 96
144 20 5283 849 514 580 332 747 458 399 233 337 222 444 279 559 339 783 465 907 541 856 510 10 20 500 270 102 71 616 366 565 352 933 556 476 270 289 185 3 21 611 372
145 20 5051 768 454 811 498 176 99 384 233 483 291 633 394 119 63 556 351 599 375 205 147 57 33 352 206 809 489 909 543 805 484 30 20 711 430 230 122 648 376 817 491
146 20 4668 173 60 216 124 146 66 819 488 408 241 537 322 792 478 958 576 723 430 724 449 363 229 305 190 516 325 437 275 3 4 63 92 793 467 486 283 452 256 422 228
147 20 5465 553 323 681 390 401 208 816 480 999 600 348 241 195 161 905 548 684 397 188 114 728 441 752 456 322 198 706 435 904 537 673 395 196 134 635 382 213 121 32 32
148 20 5251 763 462 1 37 985 591 771 468 295 173 916 555 136 108 815 494 481 284 571 360 115 18 758 463 995 597 316 172 251 181 674 409 261 190 965 580 99 31 335 231
149 20 4970 667 399 682 412 355 240 761 457 294 178 578 340 391 213 73 56 983 589 348 223 643 389 974 586 4 42 423 222 842 508 428 227 534 299 180 118 513 297 268 178
150 20 4502 204 132 805 491 857 522 343 233 10 65 718 431 83 83 2 10 410 214 28 35 246 122 525 343 996 597 754 442 405 276 148 127 228 139 659 384 803 484 781 458
151 20 4424 685 415 218 122 646 382 501 301 380 205 603 361 562 319 124 74 208 84 322 224 174 140 900 541 63 70 875 524 492 265 318 195 77 84 207 99 593 352 901 538
152 20 5272 546 319 260 145 204 160 971 582 876 531 75 30 463 287 169 79 958 574 569 357 987 592 489 274 159 96 787 479 435 249 741 455 945 566 287 138 431 258 192 111
153 20 5037 793 469 470 286 998 599 753 463 89 25 853 509 499 300 536 323 626 387 44 45 27 33 657 387 466 272 174 118 395 224 292 210 623 377 864 513 643 395 272 159
154 20 4796 936 559 244 133 796 487 252 175 992 596 971 584 795 465 102 29 756 466 391 253 146 59 681 413 270 179 84 42 749 435 527 311 110 33 253 153 432 251 105 116
155 20 5643 98 15 736 434 609 344 394 270 603 348 492 311 961 578 765 466 626 379 823 491 198 129 506 275 766 451 376 251 965 578 578 353 709 426 240 164 642 370 200 124
156 20 6152 420 242 712 417 434 265 501 302 955 573 814 478 255 173 642 402 247 138 666 408 621 382 422 249 282 129 686 402 972 582 520 331 525 328 957 575 781 469 892 530
157 20 4719 70 72 25 55 401 208 559 310 530 305 159 140 614 357 892 539 721 447 646 375 523 320 428 263 794 481 42 7 814 485 12 21 231 135 874 532 463 263 640 402
158 20 5251 24 39 781 477 670 420 709 414 789 470 207 81 733 445 444 262 225 113 802 471 554 313 27 49 772 468 993 596 626 380 663 410 753 446 247 179 456 279 28 19
159 20 5757 568 316 815 479 939 563 491 316 392 234 944 567 64 45 647 368 803 490 840 510 220 119 305 208 96 110 465 268 776 456 892 537 411 216 104 20 748 458 994 597
160 20 6033 927 554 463 283 898 536 95 24 130 130 615 380 720 423 876 527 412 236 909 546 293 152 957 575 719 421 770 457 861 514 394 224 66 44 685 402 746 437 530 306
161 20 4269 188 119 521 307 676 416 669 397 474 303 746 455 62 69 6 58 390 203 437 267 312 187 471 270 154 71 996 598 2 45 576 352 43 31 442 277 638 367 735 445
162 20 5457 77 27 750 451 35 69 808 485 782 469 971 583 610 351 71 2 49 72 343 189 529 313 531 301 374 212 738 431 982 590 351 240 590 341 536 332 935 561 852 512
163 20 4520 507 286 974 585 821 489 364 233 709 411 509 301 788 477 503 319 810 496 255 112 305 160 473 305 73 24 230 170 76 12 4 40 301 219 355 216 7 59 977 586
164 20 4499 1 46 524 321 323 225 282 169 828 488 27 22 852 506 20 29 812 495 382 230 375 234 446 265 765 465 643 392 933 564 102 9 420 255 280 151 398 219 585 359
165 20 3962 534 347 237 165 342 241 706 440 150 97 512 328 355 199 965 579 298 196 925 554 16 49 80 101 328 171 99 10 411 212 455 296 469 310 654 387 182 153 207 96
166 20 5690 721 436 665 406 44 36 113 27 966 580 345 185 476 278 722 441 259 153 774 459 343 233 896 539 308 225 338 185 584 339 804 485 977 586 868 515 476 306 701 432
167 20 4918 912 547 52 58 656 385 157 73 396 206 665 387 976 587 652 380 351 245 90 42 709 412 822 483 41 63 409 230 642 403 123 92 192 158 924 554 852 512 216 124
168 20 4784 594 352 610 362 69 72 40 44 339 236 143 102 220 140 160 97 70 43 813 487 868 526 716 429 434 233 690 424 870 528 774 453 138 125 511 310 921 554 588 345
169 20 5071 646 392 841 511 819 502 67 76 179 105 224 118 124 38 4 41 834 506 754 440 436 251 341 242 986 592 132 103 431 245 666 414 774 472 10 12 900 544 975 585
170 20 4472 776 474 223 123 413 249 416 251 555 355 52 55 963 580 349 195 527 307 845 506 612 359 172 125 90 47 738 447 366 204 378 221 353 249 402 264 66 7 649 370
171 20 4779 988 593 604 386 342 238 244 138 894 535 228 171 357 237 156 56 663 396 506 279 144 112 666 399 613 372 8 23 677 408 375 191 94 52 689 407 356 178 954 571
172 20 5706 960 576 896 532 188 108 827 503 131 80 257 134 359 183 39 69 750 458 720 433 434 277 599 358 619 355 687 402 215 101 544 350 784 475 777 467 953 573 674 400
173 20 5336 265 170 322 193 786 472 884 531 762 451 626 385 489 295 161 66 588 359 326 206 834 495 525 293 739 439 391 225 647 387 890 536 243 102 129 50 145 41 920 548
174 20 4276 761 452 30 19 769 449 24 47 531 339 737 434 814 481 22 27 77 99 912 543 222 177 260 171 914 545 736 439 394 210 600 374 246 145 92 107 259 146 153 130
175 20 4223 108 82 128 55 295 194 588 376 48 31 471 258 655 382 774 466 311 152 249 160 705 439 512 285 832 492 375 262 317 178 499 281 261 191 51 78 500 295 767 470
176 20 4826 209 157 228 182 659 409 87 58 557 354 782 474 915 547 578 340 869 522 218 129 669 415 193 132 224 113 120 94 440 267 932 562 972 583 36 4 893 533 72 79
177 20 4472 593 366 819 496 152 123 932 563 172 74 598 372 547 355 217 134 785 481 413 216 212 113 661 388 539 344 312 219 544 309 135 72 666 402 21 67 268 171 359 204
178 20 5393 997 598 563 364 646 378 628 386 800 490 640 389 324 193 48 59 361 229 947 570 817 494 233 109 701 405 103 71 568 358 343 210 78 42 411 266 740 450 839 496
179 20 4687 343 224 538 307 739 436 228 170 350 228 358 218 294 210 633 372 868 525 710 416 355 241 764 469 399 211 190 90 806 490 311 223 330 201 39 69 648 397 472 295
180 20 4574 78 95 744 450 488 299 211 132 554 334 269 182 792 485 175 153 212 114 641 394 787 473 243 163 360 186 71 38 250 177 345 183 886 536 668 416 780 477 595 348
181 20 3958 165 132 245 102 509 300 129 113 955 573 932 560 6 1 968 582 273 195 295 200 68 95 306 195 111 69 845 514 67 81 729 437 446 251 38 54 560 352 269 181
182 20 5775 653 395 416 250 655 395 669 407 513 327 856 506 267 148 576 353 865 522 168 133 376 217 613 390 701 439 515 311 128 40 915 553 521 315 992 596 760 451 391 245
183 20 4855 211 143 440 278 499 283 330 197 996 598 733 456 308 150 128 103 64 61 122 48 649 377 936 561 209 87 257 159 447 252 671 408 670 413 580 352 965 579 495 295
184 20 5512 485 316 923 556 709 439 835 504 961 577 136 129 104 50 667 393 423 254 257 186 803 481 762 448 932 557 430 231 840 501 456 251 237 139 106 86 846 501 113 20
185 20 4175 69 88 178 116 147 52 541 343 374 192 50 24 440 253 827 493 140 81 840 509 406 271 252 141 247 113 789 468 185 159 690 425 638 400 771 475 457 297 310 173
186 20 4731 761 463 95 89 198 74 127 76 494 326 99 104 292 210 845 513 132 53 454 294 934 561 817 481 972 583 149 105 145 58 534 334 797 477 532 341 971 582 114 58
187 20 4562 200 165 328 178 664 412 790 462 21 16 762 461 758 443 236 144 444 249 389 264 529 309 628 360 685 399 827 503 180 135 512 292 159 46 424 258 361 215 228 123
188 20 5156 340 194 563 327 8 17 967 583 549 333 982 589 483 310 735 430 344 178 977 586 378 231 668 382 489 324 390 225 559 344 514 310 13 38 669 415 48 59 637 381
189 20 6054 991 595 114 33 755 463 977 588 715 439 603 370 760 448 150 132 412 223 9 23 527 311 907 543 597 336 711 436 588 361 921 548 631 366 892 537 795 467 54 35
190 20 4168 118 49 730 423 184 70 21 38 90 7 894 540 32 10 958 575 582 371 827 503 322 190 754 448 412 281 425 268 250 146 102 52 523 336 202 156 612 358 298 183
191 20 4966 377 208 367 240 39 15 697 435 523 295 576 332 433 228 520 322 869 519 825 502 621 393 837 494 821 493 126 37 460 247 456 258 570 324 144 53 27 19 645 373
192 20 5462 309 192 600 375 705 426 184 139 227 94 272 129 999 600 421 235 924 557 289 144 663 395 430 268 773 453 912 548 420 238 469 302 477 275 646 403 393 262 811 478
193 20 5241 583 333 646 398 481 289 964 579 944 565 117 67 635 381 753 455 270 150 881 522 59 20 23 36 281 167 93 101 863 522 503 297 75 32 912 544 660 384 740 445
194 20 3578 306 182 197 93 230 156 915 546 591 373 64 10 544 329 201 118 411 230 224 133 281 157 131 98 500 326 476 260 458 300 414 245 191 82 350 247 482 293 190 124
195 20 4981 743 451 313 173 631 362 964 579 142 50 127 122 88 104 275 125 810 497 311 146 140 64 717 435 545 354 459 276 825 505 822 492 422 221 384 236 487 287 758 445
196 20 5565 665 385 405 228 734 451 476 303 501 290 252 138 789 479 902 541 185 100 459 285 942 568 849 502 733 444 92 95 887 527 727 439 935 563 238 127 105 98 254 148
197 20 4794 338 226 589 367 362 212 921 550 766 452 187 154 24 26 130 114 564 332 932 560 215 107 235 114 532 322 795 466 677 390 642 382 508 288 637 395 279 186 256 116
198 20 5140 733 429 764 460 373 246 943 569 478 266 606 387 26 35 39 28 734 426 382 240 795 477 755 448 681 411 173 140 421 224 175 63 365 246 92 71 869 528 877 519
199 20 4311 685 396 757 461 981 590 166 147 304 154 272 131 195 83 131 92 310 186 334 200 765 447 302 217 155 103 588 336 493 298 593 375 942 565 312 228 117 23 220 98
200 20 3854 430 266 598 381 69 97 381 226 273 134 616 380 412 217 254 178 69 3 844 501 39 49 427 242 703 435 139 73 254 126 438 263 795 480 712 441 17 24 239 162
201 20 5098 141 113 467 268 541 321 929 554 415 217 87 16 483 287 146 77 943 566 793 478 721 444 535 341 104 10 416 272 695 424 467 255 355 250 841 513 496 275 622 382
202 20 5747 644 388 780 457 432 275 855 510 377 224 547 343 647 400 516 298 17 63 954 571 590 360 958 574 859 519 200 129 727 425 971 583 33 15 744 444 304 219 339 191
203 20 6982 987 593 208 144 621 392 838 498 863 518 957 577 324 165 779 471 143 68 752 466 993 596 736 436 511 313 354 204 896 537 877 529 996 598 571 333 793 475 765 464
204 20 6149 727 421 94 59 958 576 106 13 336 168 854 521 836 494 445 263 634 395 946 566 148 49 578 349 391 207 917 548 998 599 735 432 347 195 985 590 422 244 842 503
205 20 4763 319 178 558 337 843 515 585 333 815 488 191 88 926 557 798 478 282 170 357 195 422 287 521 318 204 106 100 91 223 108 944 569 408 211 720 433 11 15 300 163
206 20 4622 399 227 347 188 804 483 977 587 80 25 741 457 676 423 620 349 28 39 960 576 722 432 185 156 133 130 259 136 472 271 111 87 874 522 466 287 307 186 84 47
207 20 5252 508 288 829 494 518 317 305 167 720 433 58 14 642 373 881 536 294 209 266 116 925 558 2 29 136 86 863 515 669 421 839 503 656 396 148 43 284 184 962 579
208 20 4312 487 264 444 257 209 81 594 354 702 409 131 100 310 226 171 76 524 315 337 239 667 415 534 330 196 100 565 339 304 157 706 412 89 86 666 409 479 270 510 320
209 20 4831 399 205 705 435 167 57 461 266 375 207 812 487 239 167 953 575 797 486 88 36 577 357 674 393 706 432 94 14 138 122 368 252 796 478 732 434 550 342 32 21
210 20 5107 14 55 749 448 487 316 46 64 395 203 268 149 749 436 922 553 946 566 462 248 161 107 312 225 575 330 605 343 991 595 8 22 559 331 649 391 956 573 361 197
211 20 4745 628 387 450 239 591 356 34 3 790 463 573 339 956 574 369 254 100 79 166 107 730 447 72 4 834 492 452 243 449 253 447 258 132 27 445 266 691 419 582 371
212 20 4699 777 455 201 99 98 69 573 368 236 171 363 195 535 306 806 489 336 233 854 510 259 127 480 287 97 50 523 328 427 230 523 303 321 208 810 479 775 476 404 274
213 20 4427 99 103 628 394 367 202 251 128 425 276 127 107 301 149 970 582 938 564 333 194 974 586 52 53 473 314 691 411 168 106 283 196 561 333 614 380 54 32 545 316
214 20 4668 978 587 903 543 417 238 153 81 940 565 68 38 873 517 349 236 188 77 35 11 294 216 53 39 636 397 210 106 256 146 468 252 454 284 886 534 695 409 481 300
215 20 5409 616 353 206 90 706 416 201 82 242 189 617 386 341 208 829 494 166 73 652 381 457 303 871 521 699 402 756 441 908 547 137 77 471 273 134 79 934 561 875 526
216 20 5319 740 439 919 554 65 68 558 339 192 112 364 221 181 77 475 276 50 11 774 472 934 560 725 434 931 556 299 182 305 214 288 153 955 575 602 385 981 588 301 208
217 20 4398 100 95 135 117 679 423 183 67 55 41 701 430 660 409 100 28 562 354 323 194 246 157 784 465 765 459 572 322 811 494 15 39 817 486 491 272 785 480 13 20
218 20 5257 270 206 795 471 263 157 929 554 555 318 467 280 61 30 81 65 454 303 969 581 386 249 919 549 127 87 625 369 806 479 994 597 845 499 179 64 51 14 738 453
219 20 5049 656 386 85 26 616 357 109 113 149 74 621 395 589 364 17 57 368 226 933 562 153 70 414 253 700 409 358 231 974 584 227 138 979 589 366 237 985 591 799 478
220 20 4856 393 252 951 569 34 50 390 209 567 333 223 102 601 354 349 228 136 82 981 588 816 498 712 423 149 128 990 593 153 100 118 120 728 445 289 147 507 328 625 371
221 20 3849 139 81 412 279 536 300 62 59 86 44 195 116 877 532 311 185 28 55 413 219 939 564 568 349 217 140 488 320 212 129 29 73 260 199 140 78 965 580 822 494
222 20 4599 646 401 578 334 925 556 254 172 19 3 661 417 232 147 509 334 233 147 160 117 171 96 332 178 71 85 708 412 67 69 862 517 988 593 833 495 280 155 670 421
223 20 4686 56 48 314 154 555 313 995 597 543 316 987 593 617 390 504 328 590 368 829 497 63 6 27 31 787 459 843 514 3 40 117 79 484 302 28 10 796 469 235 144
224 20 5017 771 470 571 339 678 414 551 320 859 516 792 467 682 396 570 337 475 302 184 122 183 115 404 233 1000 600 168 93 326 171 980 588 630 375 45 41 23 11 142 112
225 20 5068 91 88 705 419 121 60 29 61 5 4 271 149 356 200 708 433 407 263 535 328 865 525 960 576 868 522 946 570 747 455 313 185 431 225 113 76 672 396 993 596
226 20 6071 353 238 999 599 44 15 6 28 780 480 186 137 689 422 680 397 454 273 989 594 346 245 854 518 962 576 680 400 971 584 996 598 511 281 232 127 977 586 433 278
227 20 4531 315 195 955 575 136 108 208 101 969 580 436 275 333 237 232 115 96 109 33 36 512 293 276 168 684 399 633 379 643 366 768 474 792 481 98 54 886 538 57 42
228 20 5408 542 304 669 396 635 395 873 527 911 541 209 92 838 512 901 537 928 558 908 541 58 13 251 110 444 243 183 109 91 16 963 577 556 318 3 33 411 236 443 246
229 20 5200 115 49 154 143 441 243 129 60 414 263 712 422 444 245 932 561 473 265 762 467 510 330 787 465 108 66 790 474 695 434 489 293 789 476 898 543 723 445 35 64
230 20 5135 893 540 696 430 819 484 660 391 5 5 603 342 297 182 518 326 28 1 467 272 301 156 355 246 419 246 595 349 640 392 724 426 342 245 561 317 816 484 531 317
231 20 5292 872 526 376 203 367 225 788 486 891 530 197 148 477 255 296 193 416 266 988 593 549 346 56 63 323 201 653 380 596 354 638 383 358 224 250 150 990 594 503 308
232 20 5205 191 109 724 450 968 583 419 251 389 232 225 116 656 399 379 206 482 312 461 289 150 124 46 28 900 535 824 492 834 492 328 217 860 512 232 127 846 505 496 270
233 20 4211 118 62 588 332 225 106 796 473 955 575 25 36 320 180 677 405 924 557 235 186 354 235 642 379 13 20 463 277 698 428 585 359 427 285 238 122 19 58 121 74
234 20 5014 713 416 742 437 490 285 765 453 410 216 286 135 539 320 515 308 116 37 310 167 391 220 272 203 936 565 494 306 993 595 510 294 542 330 256 110 122 88 627 359
235 20 6010 977 586 739 451 871 530 790 463 194 140 917 552 60 59 698 407 443 288 286 198 28 18 727 447 485 310 228 112 724 440 730 424 489 301 925 551 771 456 939 563
236 20 5137 853 512 351 176 784 458 594 342 957 572 221 129 261 198 13 10 842 504 402 237 525 294 808 491 376 229 471 314 543 308 67 60 201 83 987 592 561 334 458 270
237 20 5797 682 411 946 570 992 595 21 32 97 88 209 140 946 568 644 406 272 204 890 541 936 561 233 174 949 571 717 419 812 497 148 43 786 471 157 98 363 223 794 478
238 20 5462 68 43 426 235 601 341 635 384 417 227 530 306 744 458 537 296 773 471 610 370 963 579 897 533 760 454 610 360 499 320 518 315 553 308 37 15 350 231 397 210
239 20 5062 653 388 870 524 526 292 655 378 416 257 491 280 446 271 405 264 990 594 330 237 560 326 18 48 838 512 334 204 108 88 700 412 425 266 463 247 260 166 636 396
240 20 4154 593 378 679 405 103 48 330 227 45 26 870 530 148 72 264 144 863 515 76 54 35 50 852 512 161 133 711 432 563 320 399 265 382 266 710 441 157 89 368 253
241 20 5929 778 469 536 328 185 160 942 566 900 534 588 332 660 415 29 13 933 560 958 574 854 514 696 422 420 234 795 480 919 550 229 161 465 263 72 5 511 330 389 234
242 20 4427 249 109 453 297 329 184 414 234 64 12 666 386 267 171 733 435 479 310 335 198 220 144 398 260 970 583 119 70 112 99 664 402 578 366 674 420 206 101 924 554
243 20 6117 874 521 281 151 674 388 637 396 219 154 700 407 343 173 788 463 607 360 630 393 663 391 594 343 733 433 994 596 991 595 445 264 752 456 70 35 472 264 767 458
244 20 5662 190 66 946 567 558 311 535 298 559 330 555 331 90 54 362 220 730 447 966 581 453 270 628 356 606 352 883 530 444 238 569 332 846 499 485 303 120 72 800 473
245 20 4398 918 551 706 426 579 335 503 292 73 10 67 28 508 279 605 362 334 236 240 144 953 574 782 460 388 206 255 142 227 112 293 187 224 122 47 23 688 429 406 232
246 20 4846 572 361 442 233 522 333 763 445 644 372 153 81 916 555 495 289 452 241 776 455 687 429 403 248 650 405 188 148 433 248 137 78 80 67 358 253 478 302 544 330
247 20 4732 331 192 536 318 591 358 234 136 958 576 963 578 97 38 353 195 1000 600 302 198 489 305 200 115 311 171 535 309 643 388 626 389 541 307 193 110 300 210 261 166
248 20 4536 162 86 765 455 914 546 201 82 3 19 58 14 101 112 589 356 676 395 263 190 1 26 497 315 820 493 391 240 963 577 625 392 482 283 223 153 805 486 533 341
249 20 5737 950 570 697 406 551 311 792 480 205 105 265 202 737 439 487 266 306 157 36 71 491 314 784 464 692 412 487 306 529 315 631 359 299 208 920 553 699 434 916 553
250 20 5338 208 99 765 459 813 489 819 486 350 186 65 76 535 299 605 345 893 540 207 149 378 243 132 97 697 409 592 368 622 388 177 80 901 545 12 24 951 569 954 573
251 20 4688 18 15 407 216 905 549 910 545 508 298 293 142 330 171 957 575 507 306 608 385 771 459 863 520 139 131 517 338 132 132 57 39 1 14 574 334 155 70 724 437
252 20 4293 372 221 391 233 677 395 890 540 214 137 733 442 179 85 528 334 255 197 457 297 719 426 86 86 619 362 144 94 583 365 116 37 312 169 570 350 99 45 643 377
253 20 5571 467 277 832 503 760 453 117 72 391 266 875 519 884 537 380 241 752 455 509 280 400 219 977 586 794 466 71 8 74 87 526 316 314 166 367 214 936 559 717 443
254 20 4986 976 586 323 212 791 482 886 535 39 48 263 128 271 119 472 284 847 507 814 493 185 70 708 416 603 374 533 316 84 5 650 398 261 119 366 208 281 131 620 358
255 20 5348 732 424 619 350 493 282 158 121 617 376 603 340 586 340 152 88 551 326 619 393 673 406 894 543 31 11 702 412 869 528 902 540 589 372 83 73 504 314 320 173
256 20 5048 701 426 58 75 980 588 256 126 50 2 845 504 569 347 564 361 368 191 197 125 245 125 409 229 647 406 680 403 593 362 519 310 295 179 528 315 947 565 646 402
257 20 5721 710 440 426 268 407 227 409 225 938 561 213 126 763 444 345 194 572 354 679 423 102 106 334 213 900 539 185 102 810 491 955 571 665 400 840 503 217 151 973 583
258 20 4762 707 419 448 268 331 228 469 297 119 51 520 290 572 335 510 294 378 192 669 416 519 337 256 138 868 523 592 372 258 140 941 568 312 175 457 280 583 374 16 47
259 20 5092 461 289 724 429 92 97 288 164 335 201 842 515 7 48 159 119 735 457 583 330 438 241 984 592 897 541 355 211 363 246 687 421 59 18 421 220 757 447 998 599
260 20 5909 64 30 173 125 599 377 478 262 987 592 629 392 973 586 847 516 661 382 344 204 716 424 315 160 904 545 47 63 353 217 630 381 773 459 888 537 538 342 900 538
261 20 5743 321 204 308 225 925 552 907 546 777 476 411 235 228 180 786 472 794 479 275 203 446 280 860 523 186 115 522 328 975 584 500 321 970 582 302 192 631 376 363 248
262 20 5041 820 493 403 268 542 305 653 393 16 36 750 445 994 597 218 85 688 405 11 30 257 127 123 122 633 398 931 556 911 547 742 456 433 282 102 63 791 482 65 25
263 20 4147 49 38 211 123 349 238 273 164 78 46 257 153 410 214 947 570 820 500 791 463 44 6 30 74 375 200 80 78 351 249 268 183 623 390 910 545 593 332 835 497
264 20 4397 491 314 333 177 270 133 647 410 715 442 878 524 847 518 594 344 186 77 814 483 382 259 324 217 14 25 57 2 658 388 294 190 644 402 8 47 231 139 407 235
265 20 4878 334 170 24 42 658 398 386 230 858 522 685 412 113 109 651 375 331 198 543 337 435 230 258 114 595 368 514 331 963 578 559 344 737 431 344 174 106 78 663 397
266 20 4894 88 24 552 319 983 590 977 586 673 414 258 117 352 250 434 251 710 415 75 29 920 556 38 24 138 134 334 196 381 216 494 286 829 489 444 280 802 471 306 222
267 20 5383 588 350 79 83 924 551 580 373 438 247 709 432 739 457 211 153 46 60 469 304 940 566 100 21 985 590 139 36 870 525 607 351 905 547 326 165 538 304 573 335
268 20 4808 106 95 739 430 204 142 564 320 205 100 685 418 493 311 869 526 719 447 382 245 693 434 812 481 321 226 722 440 731 451 111 90 316 207 96 96 560 357 289 212
269 20 4646 503 323 93 12 698 427 859 508 474 254 51 35 704 426 102 39 173 89 228 107 902 545 346 208 730 431 495 306 197 161 832 500 294 195 534 323 662 405 416 247
270 20 5193 877 523 197 91 972 585 151 92 400 273 498 288 424 287 852 506 226 143 934 564 479 265 892 538 220 145 303 177 657 391 226 93 465 292 846 500 424 285 344 179
271 20 5208 144 121 490 290 514 281 504 325 555 341 760 465 465 274 468 273 659 376 311 158 708 411 9 40 919 547 153 58 697 403 55 69 722 419 696 427 686 397 902 536
272 20 4756 131 74 202 83 754 455 843 515 928 561 289 171 143 78 567 321 393 203 414 245 985 590 176 75 461 254 423 231 377 251 665 393 466 308 679 422 454 253 162 50
273 20 5289 186 128 655 384 137 82 956 574 162 117 574 322 512 303 999 600 484 277 940 567 647 376 486 282 50 68 856 517 840 513 101 107 490 312 674 405 211 81 618 387
274 20 4505 714 440 204 116 419 218 719 433 150 140 553 309 767 468 14 62 460 274 40 60 94 33 554 359 955 573 564 346 239 99 834 495 74 88 311 208 866 515 479 311
275 20 5612 671 416 480 315 401 236 657 375 701 421 76 99 729 434 397 249 301 181 939 567 379 242 490 303 834 495 315 189 961 578 332 197 604 352 576 341 674 405 708 413
276 20 4385 959 576 466 254 86 75 816 498 161 129 303 185 4 33 909 548 283 211 764 466 302 176 451 284 338 163 346 236 626 365 270 178 851 517 541 319 114 41 180 143
277 20 3407 44 32 253 143 632 360 769 466 583 334 247 187 135 126 423 228 349 180 532 338 661 392 287 140 227 126 347 218 16 2 450 273 47 61 29 33 203 161 581 342
278 20 4513 908 549 433 276 525 343 961 578 896 531 267 202 259 179 359 198 548 344 301 144 481 291 571 343 28 50 320 171 203 120 74 65 295 209 582 355 684 426 332 186
279 20 4876 159 105 568 362 595 358 262 129 629 364 451 290 815 497 594 358 915 548 959 578 311 152 687 398 92 18 622 375 342 216 112 68 346 244 494 292 108 40 692 403
280 20 4127 572 319 617 366 7 26 411 213 403 224 13 3 801 480 426 238 218 128 237 159 450 250 193 157 56 30 352 241 662 379 633 372 932 556 396 260 644 377 232 107
281 20 4978 470 298 463 264 541 331 276 142 250 133 895 537 684 399 171 151 45 84 384 237 795 484 576 341 876 518 174 129 337 199 385 267 775 474 208 166 668 382 983 591
282 20 3335 907 548 914 546 657 402 81 15 72 23 40 33 964 578 501 291 298 203 236 183 46 52 207 85 134 132 51 7 250 174 127 33 722 426 231 108 226 146 7 42
283 20 5591 810 491 864 512 183 155 643 394 434 241 771 453 416 234 670 387 353 240 135 95 752 456 530 291 801 486 548 308 575 358 827 489 950 567 591 336 242 103 88 77
284 20 5545 638 389 551 341 282 155 371 215 918 548 394 252 451 280 667 381 1000 600 926 554 693 407 995 597 518 320 97 72 34 17 523 342 515 292 721 442 49 22 748 458
285 20 4581 459 261 879 534 819 499 277 126 859 508 676 401 223 113 731 429 39 46 659 391 48 52 707 421 681 410 21 42 117 105 452 300 480 296 53 34 716 425 266 183
286 20 4908 582 374 935 558 520 333 384 241 861 517 123 80 628 382 731 441 238 155 85 94 14 22 274 143 845 503 547 327 27 51 641 379 95 37 572 323 914 548 800 469
287 20 4798 337 228 543 329 269 204 957 574 755 455 396 239 381 263 81 28 11 28 25 28 223 168 649 403 542 339 749 463 544 350 604 364 260 142 847 506 893 531 531 343
288 20 4702 828 505 86 41 781 470 728 451 351 190 190 161 306 176 839 501 772 466 665 414 279 134 648 392 350 211 119 79 284 192 810 490 344 228 182 120 660 399 182 134
289 20 4318 350 179 27 16 21 20 823 498 31 9 284 129 475 288 134 53 901 544 243 139 579 362 171 72 934 558 29 62 567 317 774 462 72 75 648 401 948 566 626 378
290 20 5151 86 58 449 281 620 377 925 553 997 598 242 104 759 451 554 321 145 101 183 156 609 373 195 137 189 105 877 524 357 210 172 101 677 403 771 475 784 466 712 441
291 20 4935 480 266 521 300 629 367 621 358 81 73 396 223 665 409 105 55 131 125 446 265 844 508 425 267 611 389 75 31 758 443 790 480 191 73 730 429 644 379 728 422
292 20 4787 592 362 843 502 35 35 293 157 853 507 427 264 15 60 453 284 99 85 963 579 465 300 451 246 193 125 394 231 745 450 765 456 961 575 376 203 387 202 264 126
293 20 5568 785 465 945 569 153 108 961 575 884 530 243 105 431 264 359 221 648 392 537 322 359 242 348 212 221 165 798 486 476 292 801 474 875 527 321 233 904 537 87 27
294 20 4587 372 193 725 450 681 416 590 367 96 11 479 288 120 61 810 479 365 214 647 383 616 373 151 124 744 457 33 16 585 374 183 63 342 224 896 537 199 122 541 351
295 20 4066 894 539 446 250 3 37 963 576 208 127 432 251 99 46 659 394 36 27 47 43 175 57 539 317 692 401 183 92 5 41 86 22 369 258 715 438 819 491 763 465
296 20 3960 174 119 80 28 632 376 395 257 26 67 122 73 975 587 45 8 355 177 220 103 336 178 694 426 510 315 347 223 389 264 344 183 336 220 812 490 287 213 841 506
297 20 6910 943 569 642 369 900 546 706 422 857 519 656 382 179 144 630 382 898 538 796 475 319 156 692 429 912 547 229 116 764 459 975 585 729 435 460 250 696 409 837 509
298 20 5475 993 596 277 192 104 78 335 210 691 400 625 398 408 220 279 160 764 470 380 250 254 165 644 376 861 519 518 293 676 394 783 477 656 380 751 444 155 141 796 486
299 20 5365 569 320 754 463 354 238 101 41 785 479 527 297 236 131 581 336 200 108 757 445 939 563 52 5 429 232 680 413 915 553 744 439 162 122 330 208 813 478 803 480
300 20 5171 224 123 460 291 571 367 839 499 270 188 291 209 718 447 630 394 726 450 19 7 192 115 390 258 926 553 70 30 206 126 776 460 454 247 860 516 938 563 782 468
301 20 4280 404 256 361 241 477 290 198 85 854 506 374 259 550 346 485 291 575 364 370 236 816 495 154 61 329 200 440 288 877 519 160 54 581 351 343 228 191 142 21 4
302 20 4627 427 240 477 307 944 564 200 150 4 60 399 206 978 586 155 107 69 34 999 599 37 59 128 39 1 59 667 386 838 500 273 192 913 549 877 532 810 487 58 72
303 20 4630 283 157 594 375 387 204 132 41 956 576 826 499 693 420 110 59 869 527 102 80 215 82 861 524 87 62 527 311 565 339 792 471 16 30 784 479 282 159 180 78
304 20 4167 331 165 1 29 906 549 954 572 217 128 879 521 267 188 762 470 824 486 922 550 881 524 10 7 69 38 41 46 99 50 127 65 130 98 319 224 229 174 367 213
305 20 3988 796 478 132 31 296 215 249 111 735 440 516 284 115 18 121 123 441 295 171 73 893 536 64 16 475 264 756 466 280 175 399 225 167 69 898 537 97 33 375 260
306 20 4523 395 266 467 252 684 420 596 337 772 469 103 15 175 113 495 316 58 23 937 561 136 112 455 276 336 242 779 460 106 26 826 487 394 257 518 304 535 337 279 196
307 20 4384 58 53 785 480 12 59 149 106 951 571 584 345 195 134 381 264 356 195 197 86 11 5 350 217 962 577 964 578 875 519 449 279 444 252 189 66 632 366 225 152
308 20 5174 450 293 28 75 845 513 531 317 538 343 749 458 537 312 921 556 489 316 353 178 548 343 532 344 712 436 209 146 871 527 370 241 481 309 617 392 524 310 43 35
309 20 4927 817 483 8 45 896 540 903 547 914 550 777 474 814 488 27 35 223 93 650 392 25 39 141 124 807 492 958 573 90 42 157 70 132 29 633 398 169 136 713 433
310 20 5369 869 517 777 478 321 205 260 126 133 122 614 357 744 435 899 537 209 169 992 596 318 232 804 490 439 231 630 397 609 365 268 174 56 50 860 524 863 522 73 46
311 20 4026 20 38 295 196 395 214 611 364 672 387 639 385 980 589 917 552 645 373 102 52 416 280 138 94 18 19 461 252 255 179 624 393 370 197 284 167 195 158 15 21
312 20 5070 104 48 170 146 325 223 439 237 618 370 639 404 910 544 996 598 162 145 905 540 766 473 171 66 940 563 272 201 194 80 429 286 791 468 490 303 395 227 425 239
313 20 4941 275 203 242 172 475 269 690 418 934 562 420 274 803 480 274 121 603 381 354 234 883 532 276 187 15 26 691 411 458 297 522 340 627 387 539 336 387 252 414 245
314 20 4438 316 195 622 394 68 88 277 169 470 292 506 323 174 90 171 116 827 500 457 282 484 262 200 116 595 341 824 488 81 81 769 450 126 34 761 466 392 230 757 463
315 20 5572 734 439 563 327 685 397 360 230 34 77 337 218 812 482 836 504 750 455 300 204 650 370 981 588 919 547 839 497 221 166 238 141 464 268 957 572 186 86 279 180
316 20 5823 717 431 811 486 979 587 638 374 453 242 82 33 318 215 796 485 628 373 88 92 608 362 581 361 851 515 145 89 812 493 389 207 994 596 5 32 808 495 943 566
317 20 5017 758 452 710 428 816 479 536 333 631 386 64 94 436 272 306 199 500 287 686 417 761 442 907 550 19 10 947 567 380 241 154 106 139 102 170 69 365 198 749 452
318 20 5601 537 302 301 191 830 488 559 336 468 277 388 218 927 559 812 494 39 37 904 547 328 216 872 528 289 139 390 202 215 160 834 507 281 185 611 360 688 428 930 557
319 20 5772 965 580 626 377 969 581 844 502 819 485 490 308 585 368 829 493 874 524 232 136 433 273 785 462 883 536 294 177 176 92 152 112 278 170 301 146 923 558 86 38
320 20 3973 583 373 656 410 189 160 349 194 128 61 476 290 568 342 439 246 640 368 302 210 689 396 603 364 122 93 539 296 190 137 770 474 277 197 139 79 97 96 190 151
321 20 4725 872 525 844 503 91 48 33 65 482 296 681 400 615 354 68 30 214 89 542 352 479 272 400 218 164 142 629 366 309 226 424 285 995 598 351 209 343 243 914 550
322 20 6453 320 159 236 161 414 270 939 564 732 425 914 547 52 20 928 560 647 373 870 515 792 478 947 571 621 356 647 401 217 123 903 544 684 416 598 363 894 532 552 341
323 20 3779 123 103 67 13 809 493 15 65 254 142 145 101 240 113 71 2 896 537 875 520 2 34 211 153 412 280 324 191 314 182 725 444 215 99 228 95 670 406 962 576
324 20 5397 557 321 462 272 187 122 930 562 73 20 466 258 456 275 944 569 376 242 515 299 561 327 635 379 139 88 158 52 846 509 322 210 823 487 652 412 800 473 893 531
325 20 4576 106 104 930 555 848 505 461 273 695 404 675 415 447 276 124 122 179 88 275 191 819 499 3 7 458 262 143 35 916 548 413 262 246 166 921 549 306 205 187 109
326 20 4604 373 246 254 156 400 234 909 541 276 196 679 401 954 570 238 152 421 256 245 115 162 141 243 158 164 106 805 493 60 92 368 225 132 124 859 519 754 439 912 542
327 20 4852 647 374 419 265 778 480 88 94 64 91 162 56 698 404 405 232 445 282 47 79 668 390 314 155 345 200 848 516 541 329 999 600 366 218 960 578 361 226 549 355
328 20 4592 820 497 614 360 606 386 688 410 763 444 120 90 426 239 583 374 697 427 11 37 971 584 34 32 718 440 86 23 682 425 427 236 91 57 269 141 575 332 3 30
329 20 5637 502 272 239 122 732 432 392 218 963 576 657 407 268 184 488 279 334 195 754 466 213 85 788 465 637 377 310 182 453 242 628 373 756 467 810 496 852 507 499 272
330 20 4610 695 426 909 549 239 152 18 57 761 450 376 228 401 211 395 231 55 40 135 80 25 7 744 461 985 592 423 249 307 189 766 466 331 209 706 428 378 203 571 347
331 20 5804 587 339 936 565 481 318 732 427 798 490 527 309 739 440 292 198 210 103 450 281 367 225 556 355 250 174 125 27 947 570 905 546 496 276 562 362 821 503 828 498
332 20 5076 205 101 707 434 795 472 114 34 85 90 758 454 930 556 615 366 185 113 988 593 537 311 275 167 442 275 910 549 665 410 26 5 708 439 528 299 388 253 292 187
333 20 5513 870 528 964 578 892 532 52 39 864 520 876 523 140 80 742 455 70 48 575 365 45 66 392 249 828 500 555 328 8 29 258 112 684 397 733 430 717 435 761 448
334 20 5593 787 485 135 132 89 40 917 550 572 327 865 527 319 207 824 500 557 318 726 431 119 94 825 505 131 115 363 201 353 173 737 431 394 268 794 484 725 426 955 573
335 20 4482 245 144 545 349 971 585 124 96 195 153 454 251 643 377 819 494 896 537 492 297 315 217 80 23 123 65 623 376 521 300 537 338 368 209 221 142 743 444 49 79
336 20 5726 897 533 302 176 834 499 664 409 655 374 329 228 825 496 315 226 342 219 316 207 722 421 674 411 709 435 790 473 847 503 33 68 587 328 433 284 394 259 784 481
337 20 5039 534 318 701 425 955 571 920 548 273 163 416 259 259 130 589 343 185 156 65 10 995 597 231 105 319 177 861 514 64 28 44 31 818 501 954 571 791 469 104 21
338 20 4599 328 199 696 408 455 292 812 478 785 482 302 162 153 89 102 99 372 239 873 519 95 10 646 376 893 540 429 253 101 104 936 559 475 294 559 318 77 32 110 77
339 20 3901 89 57 565 333 473 264 558 327 803 483 102 72 312 186 740 455 651 389 533 301 24 56 388 268 9 65 951 571 94 105 37 9 394 273 190 69 865 518 25 48
340 20 5757 709 410 762 453 567 321 768 459 556 346 342 201 118 59 170 109 37 40 619 359 354 199 729 427 899 538 512 332 587 361 777 476 619 369 906 540 631 360 853 505
341 20 4870 172 125 741 457 328 208 618 371 727 434 231 162 718 444 94 18 839 512 844 506 903 537 977 587 379 208 282 197 275 168 511 281 354 220 82 89 349 233 317 157
342 20 5258 111 89 198 139 99 25 90 70 926 553 615 351 194 115 628 377 719 444 429 242 561 336 802 475 942 566 652 381 455 296 595 363 923 555 360 230 780 463 437 250
343 20 6221 950 571 551 311 981 589 969 582 529 319 347 183 836 502 595 374 709 442 865 513 113 72 273 184 784 472 664 386 531 305 874 521 225 108 270 169 915 553 461 275
344 20 4974 587 344 541 312 306 199 846 500 291 154 416 263 974 583 344 206 687 428 728 430 443 253 83 2 720 443 786 471 222 150 329 211 171 67 669 390 106 88 700 414
345 20 4387 843 500 89 58 242 131 663 400 408 270 225 103 847 506 365 211 106 30 237 123 684 403 677 389 41 2 277 206 457 278 543 330 197 107 453 287 996 598 424 287
346 20 5311 843 506 61 10 625 381 794 486 803 490 631 392 214 140 361 183 971 582 609 356 301 147 801 472 642 390 279 135 19 17 301 163 615 358 196 97 796 480 760 442
347 20 3969 22 40 762 447 40 56 485 296 505 306 171 96 709 428 91 15 64 47 371 226 55 76 528 337 734 445 356 247 265 117 152 134 624 390 701 431 557 359 747 445
348 20 6860 911 542 841 503 347 172 959 574 698 419 815 500 880 526 981 588 974 584 325 218 376 228 755 463 723 419 498 329 925 553 359 212 568 352 970 581 80 44 735 428
349 20 4733 295 200 17 17 723 446 764 469 366 233 895 532 87 94 561 316 37 51 320 180 165 129 15 65 771 468 872 518 742 460 683 404 748 438 561 354 442 253 402 209
350 20 3416 169 57 62 11 780 470 502 317 813 481 243 183 109 66 5 34 91 16 652 383 363 216 474 308 60 64 70 59 843 503 92 30 939 561 278 144 245 143 43 61
351 20 6347 909 545 311 220 870 529 951 573 827 507 735 447 647 407 762 457 941 562 536 301 347 212 402 226 938 564 546 303 885 532 51 13 555 349 494 294 920 550 68 24
352 20 5258 45 15 481 312 207 125 677 417 289 191 67 32 874 531 572 354 750 457 505 296 890 531 826 500 351 221 751 457 864 516 111 113 781 463 246 137 471 301 758 447
353 20 6385 411 223 966 581 645 371 547 320 459 254 678 399 762 465 128 47 674 412 947 569 326 190 443 279 610 344 833 508 601 380 772 454 608 368 740 456 654 398 966 579
354 20 5427 405 268 85 29 457 249 889 536 982 590 584 354 531 327 710 421 208 122 146 70 711 425 594 346 514 327 984 590 564 331 174 90 676 394 406 259 417 265 818 500
355 20 4661 432 247 733 456 23 25 33 13 407 210 427 223 581 344 259 119 675 388 536 344 367 189 15 51 568 329 940 562 839 501 481 308 390 246 334 224 985 591 297 221
356 20 4580 575 358 553 328 135 38 715 414 186 93 611 348 626 389 88 64 782 457 980 588 298 177 93 23 62 79 231 103 637 371 480 291 577 347 973 585 199 94 359 246
357 20 4795 859 514 422 268 588 347 579 350 962 577 312 209 487 303 314 205 155 121 752 457 140 64 424 276 818 499 802 480 109 104 475 272 355 178 650 403 8 61 379 241
358 20 4519 202 116 999 599 633 381 226 156 408 262 60 13 892 531 689 403 50 25 718 441 170 64 999 599 846 512 1 27 291 166 205 130 534 344 457 245 215 106 444 242
359 20 6016 951 570 785 475 948 569 100 112 610 350 478 304 685 407 438 285 147 45 604 356 132 88 595 355 926 554 81 39 420 248 829 505 852 504 925 560 706 411 821 482
360 20 6064 635 379 836 498 925 556 298 171 519 317 457 266 689 395 608 368 638 366 503 302 466 283 744 447 761 467 83 50 693 406 579 372 195 80 869 524 991 595 640 380
361 20 5836 899 534 606 348 729 423 954 573 483 282 216 128 930 555 215 148 263 146 182 131 801 488 660 409 999 599 733 442 149 133 764 455 842 514 511 300 191 110 545 316
362 20 5925 986 592 989 594 278 177 921 554 316 178 900 537 89 3 127 102 424 228 485 260 635 382 669 421 579 369 401 246 568 339 897 537 602 339 666 388 726 443 593 342
363 20 5585 639 405 826 485 243 106 961 578 749 450 96 16 673 423 725 422 668 400 382 253 326 181 243 146 680 410 832 493 888 530 61 10 368 185 877 519 622 392 311 171
364 20 3600 467 263 589 345 18 8 406 233 1000 600 849 506 7 53 345 219 88 38 574 325 875 518 406 246 79 20 659 377 7 12 23 28 470 273 172 76 78 7 89 25
365 20 5375 68 17 397 251 430 260 638 388 891 533 938 566 17 42 94 90 795 466 635 364 622 394 823 503 3 4 547 319 767 449 142 109 953 574 257 154 826 497 908 542
366 20 4609 487 274 913 552 852 513 149 46 994 597 245 177 119 92 431 239 198 152 627 378 587 373 11 22 472 314 634 371 219 108 456 278 229 109 348 186 609 378 639 384
367 20 5116 356 219 844 503 362 251 787 473 844 513 644 381 734 435 951 572 660 407 53 88 646 385 114 83 760 462 538 323 233 101 701 418 29 38 340 198 308 148 328 192
368 20 5268 375 207 280 198 498 306 710 439 213 92 576 366 975 584 26 72 125 59 742 457 684 409 191 108 770 450 924 550 295 153 862 513 748 451 462 284 303 163 778 468
369 20 4684 279 209 200 130 410 265 619 356 142 59 447 278 405 274 584 349 986 591 72 39 646 381 937 565 677 409 570 349 27 68 71 93 578 336 582 351 163 87 974 584
370 20 4244 410 260 67 1 679 425 492 300 96 51 420 238 996 598 23 34 142 97 740 453 99 105 657 379 43 30 971 584 70 88 126 32 989 594 66 93 700 438 703 413
371 20 4686 165 50 468 307 627 356 781 456 515 321 233 130 847 509 503 328 709 435 157 102 763 459 14 38 322 166 501 305 66 45 667 393 287 202 405 239 594 370 749 439
372 20 4552 533 319 702 433 235 108 433 235 109 96 190 141 67 8 32 15 735 430 8 61 894 536 802 471 144 112 818 497 882 525 623 375 769 448 139 98 802 484 187 158
373 20 5205 50 48 988 594 517 308 344 203 903 546 978 587 225 178 243 153 990 594 674 389 617 366 543 349 124 85 676 417 315 204 894 536 138 59 830 496 337 196 24 59
374 20 5665 567 358 337 200 555 333 251 110 233 105 861 510 925 554 433 259 544 339 364 205 901 539 898 540 910 547 316 202 898 534 389 260 563 324 806 478 310 147 269 160
375 20 4391 824 492 310 221 503 310 285 178 88 75 934 563 385 268 399 215 72 68 672 412 391 242 275 203 295 146 464 307 47 84 516 332 111 33 847 501 634 400 731 447
376 20 4929 659 383 104 49 807 476 474 266 460 255 184 73 669 411 274 157 300 216 786 460 940 565 656 380 946 568 893 532 190 110 509 287 134 59 174 141 370 250 329 207
377 20 4730 48 56 732 436 182 67 318 231 315 222 555 356 622 386 879 531 955 571 238 100 177 74 345 240 700 419 380 257 188 87 840 510 510 304 464 273 547 329 465 249
378 20 5612 492 293 348 234 555 333 781 477 138 100 42 52 438 257 816 488 18 59 784 465 581 331 825 488 853 512 748 452 341 211 596 345 924 552 830 507 162 59 953 570
379 20 4570 664 419 988 593 684 399 591 353 92 39 4 59 196 99 410 274 284 181 621 391 779 470 162 51 557 329 507 295 273 137 624 359 150 106 40 18 627 360 888 533
380 20 5646 222 139 577 340 846 511 822 501 788 470 489 271 56 35 100 46 914 553 220 131 929 558 980 588 327 206 210 158 555 346 762 452 97 85 942 568 525 295 932 559
381 20 5303 961 577 580 333 427 258 235 156 805 487 923 559 664 397 847 500 436 285 36 37 49 68 820 503 867 528 139 62 259 189 286 141 17 38 758 469 627 375 870 527
382 20 5577 742 438 694 405 110 33 790 470 301 206 951 571 933 561 553 306 910 546 909 550 810 477 403 268 835 503 71 94 64 14 715 414 114 16 63 82 517 302 670 409
383 20 4123 115 58 998 599 77 23 974 583 559 314 640 395 389 221 323 186 494 306 456 288 197 142 468 249 244 186 78 41 134 99 127 45 611 385 616 390 182 97 564 331
384 20 4231 981 589 695 429 212 146 456 269 249 180 643 397 15 26 205 79 15 7 280 207 137 111 391 256 418 219 365 209 594 365 666 393 602 361 64 82 841 503 634 400
385 20 6600 907 545 630 392 533 335 225 98 644 386 852 519 588 376 704 432 589 363 403 222 945 565 865 523 967 582 915 547 670 414 968 580 98 105 894 531 292 148 511 284
386 20 5242 143 108 756 465 768 458 818 493 122 32 706 427 960 574 384 242 314 204 448 292 550 335 908 542 498 324 764 452 302 149 576 371 441 265 492 269 397 259 138 81
387 20 4039 391 231 218 101 590 332 42 51 201 74 254 119 252 109 348 185 596 361 135 87 52 8 462 274 626 378 12 8 652 371 560 350 892 539 697 404 393 207 706 434
388 20 5325 66 60 360 243 171 66 321 160 474 292 978 588 616 351 366 227 980 590 863 524 666 388 935 563 928 558 849 511 602 366 263 119 28 47 230 94 711 439 243 165
389 20 4985 904 546 464 306 80 27 662 415 267 176 313 198 482 264 536 337 49 46 234 153 437 255 54 4 771 460 891 532 99 87 927 560 918 553 911 551 472 287 499 324
390 20 3553 525 311 229 130 139 129 670 404 317 186 973 582 253 190 377 209 462 267 304 173 213 92 298 139 85 19 108 105 500 290 407 268 625 353 146 51 359 246 117 84
391 20 5080 44 64 816 497 615 349 826 492 763 468 77 18 277 163 965 577 535 349 113 58 368 242 331 176 65 36 783 477 327 172 586 337 674 424 545 338 897 535 553 351
392 20 4238 524 319 957 572 375 259 109 66 707 437 322 163 433 275 634 380 26 34 825 485 199 101 6 22 102 54 994 597 54 41 701 423 161 109 821 490 353 193 174 144
393 20 4562 218 85 176 59 281 145 844 516 773 463 335 163 377 207 44 27 250 138 381 211 343 211 593 364 838 512 414 257 308 171 243 178 803 481 571 335 441 245 891 528
394 20 4777 58 50 414 231 557 346 349 242 846 507 218 145 93 51 657 392 347 171 440 294 85 26 386 239 331 198 767 472 364 212 889 530 733 443 972 582 214 150 835 511
395 20 5231 356 193 888 532 891 529 512 315 632 393 562 320 202 128 372 189 742 442 577 344 832 501 507 297 719 429 389 264 626 397 466 268 227 133 96 89 193 129 673 423
396 20 4405 555 359 957 572 865 521 491 279 339 203 80 36 242 168 3 21 324 193 152 48 327 199 705 430 910 544 210 133 601 367 135 97 410 241 623 377 615 372 267 158
397 20 4808 526 294 858 523 209 147 843 506 915 554 757 462 16 47 453 264 90 64 670 383 480 299 444 263 594 350 843 498 306 167 22 17 395 260 579 356 267 137 350 215
398 20 4611 704 414 817 480 398 253 609 381 585 349 187 124 529 301 536 341 573 357 250 115 546 308 263 170 557 335 103 100 767 474 171 76 273 133 239 112 492 296 624 373
399 20 6391 480 304 289 180 693 431 558 318 902 539 810 483 952 568 797 477 273 183 952 571 857 510 193 103 591 362 721 439 661 399 243 171 862 518 924 556 83 105 941 567
400 20 5335 550 324 878 532 561 324 975 585 179 125 438 230 762 458 206 169 340 192 638 366 86 71 978 587 481 307 685 394 84 96 753 449 354 215 451 302 548 352 724 446
