1 20 6117 144 53 834 496 586 357 242 152 856 510 566 318 547 337 610 362 543 342 702 414 690 420 936 560 130 115 671 406 548 312 829 495 741 456 530 301 675 397 854 521
2 20 6770 954 571 199 163 650 399 701 406 962 578 743 455 751 445 744 435 780 478 722 428 316 212 571 352 818 483 950 567 219 145 392 267 503 327 927 556 672 421 966 579
3 20 6469 801 487 731 450 484 308 773 474 639 386 412 257 887 536 605 344 476 311 634 380 872 527 770 450 266 172 454 292 676 421 645 405 324 208 657 388 980 589 853 509
4 20 6817 826 493 430 243 849 511 933 564 705 424 875 524 185 84 944 568 408 276 917 547 710 418 825 498 354 179 807 486 332 202 631 370 529 345 789 464 785 471 801 470
5 20 6535 822 492 845 516 711 438 615 358 670 395 173 77 384 202 870 522 801 486 990 594 604 350 879 534 622 373 243 130 910 544 994 596 98 107 170 81 852 507 817 480
6 20 6747 313 196 1000 600 788 483 379 206 632 400 316 229 855 508 928 557 557 311 963 576 773 455 875 523 472 266 730 427 973 585 448 294 473 313 595 356 658 402 767 451
7 20 6760 188 88 524 315 961 575 420 248 594 343 429 276 921 554 896 534 898 543 789 471 695 432 724 423 798 485 798 488 932 563 318 208 940 566 595 343 867 526 233 121
8 20 6959 779 478 787 465 657 406 926 555 297 203 409 278 979 588 141 77 869 528 514 323 967 581 863 524 576 327 871 522 894 533 451 279 522 300 925 552 768 448 724 435
9 20 6613 779 455 977 586 931 556 593 338 749 443 134 119 820 497 694 408 458 276 883 524 364 185 757 467 812 481 376 226 429 276 502 273 879 521 248 179 973 584 868 528
10 20 6860 898 534 485 264 674 391 996 598 599 367 916 553 372 259 595 337 687 419 358 236 693 424 970 581 991 595 648 368 516 333 75 58 869 522 764 456 722 427 892 531
11 20 6985 979 588 623 380 931 561 525 315 976 586 595 338 747 457 531 343 828 501 552 354 297 217 398 217 997 598 839 500 540 313 140 88 867 516 992 595 972 584 642 367
12 20 6235 828 503 451 262 762 456 390 256 218 173 457 277 756 451 459 269 983 590 580 332 784 482 834 508 674 402 293 175 790 470 638 400 341 200 430 272 851 514 951 568
13 20 6225 484 318 654 410 895 541 384 255 850 509 965 579 578 333 736 453 533 343 703 417 157 92 425 231 428 286 548 330 604 353 989 594 487 293 643 396 803 483 584 343
14 20 6845 639 404 188 132 615 392 856 507 516 325 606 340 790 478 695 410 580 373 767 457 927 557 780 456 401 251 919 555 538 309 586 328 645 374 912 544 755 439 976 585
15 20 6325 397 209 838 509 248 122 759 462 808 488 181 85 968 583 998 599 879 528 221 100 188 131 895 531 906 545 686 420 850 510 515 292 758 468 730 423 315 155 510 324
16 20 6237 459 282 426 239 989 594 463 297 709 416 675 393 532 327 643 390 306 209 713 422 978 586 918 548 209 104 670 420 378 224 943 564 704 410 369 192 737 446 654 392
17 20 7531 384 258 658 395 931 560 606 354 996 598 416 215 958 574 964 578 812 478 938 564 749 441 422 277 961 575 960 577 913 548 952 569 780 465 301 160 868 514 493 275
18 20 5860 849 516 879 531 367 254 392 266 511 307 662 397 737 433 412 274 348 243 917 551 484 263 809 483 553 316 132 33 260 172 886 527 632 367 801 492 379 238 711 431
19 20 6994 733 431 718 448 721 424 650 380 415 253 398 204 813 491 685 396 375 230 683 399 545 323 775 462 865 512 824 492 726 435 744 445 742 440 907 549 771 450 898 542
20 20 6905 854 513 662 385 400 265 410 244 978 588 151 113 538 346 939 560 800 472 998 599 875 520 367 186 863 517 601 337 851 518 600 338 884 526 849 508 367 203 824 498
21 20 6969 516 297 816 489 396 259 540 329 603 352 259 147 898 533 640 384 906 542 713 437 825 491 338 171 971 584 663 380 554 343 826 491 865 512 964 576 904 543 741 430
22 20 5491 991 594 637 400 577 323 615 373 558 353 666 386 373 259 184 83 844 512 869 528 597 343 84 46 179 109 915 547 529 299 463 280 433 273 550 333 55 8 863 522
23 20 6940 248 115 849 507 799 489 538 348 648 396 199 155 809 479 992 596 587 365 811 478 607 380 707 429 345 223 953 572 833 500 844 505 642 368 806 477 930 555 733 435
24 20 7236 662 411 844 505 668 398 586 340 981 588 842 506 768 463 862 511 751 439 880 534 815 482 585 342 426 277 676 392 878 524 743 451 466 280 387 251 795 465 857 515
25 20 5445 479 266 719 427 127 95 407 261 528 299 558 341 952 573 338 197 859 519 689 397 795 469 718 426 884 537 618 353 296 179 985 591 201 167 93 8 315 201 329 207
26 20 5736 744 437 286 129 667 399 505 330 501 300 360 206 333 240 493 321 811 495 764 455 709 429 714 419 298 137 853 519 378 258 364 222 974 584 647 405 935 561 137 53
27 20 6543 430 232 996 598 670 418 896 533 903 548 991 595 358 203 478 312 858 510 764 457 205 122 964 577 741 454 469 266 637 389 404 258 638 375 425 258 277 131 982 590
28 20 6651 430 236 975 586 769 467 478 307 858 513 735 446 374 230 859 513 946 566 125 60 807 483 997 598 708 408 109 115 163 100 851 520 980 589 762 450 818 484 559 323
29 20 5337 606 366 275 199 631 391 392 249 650 392 736 430 902 544 597 360 780 467 220 130 577 338 122 37 591 335 312 187 435 238 123 64 433 279 661 387 902 540 729 448
30 20 6907 791 483 928 556 883 528 95 67 802 493 918 548 796 477 914 544 747 454 675 393 100 88 990 594 351 237 615 368 994 597 480 277 721 440 783 463 971 582 261 197
31 20 5686 476 311 483 298 815 492 874 524 265 171 997 599 66 76 876 531 83 94 114 86 815 484 891 537 352 204 934 557 231 157 801 486 961 578 316 153 280 149 742 460
32 20 6282 768 456 834 508 670 388 289 174 906 545 453 290 943 567 856 513 485 297 366 222 941 566 394 256 962 576 149 42 284 138 965 580 502 272 754 463 234 167 810 480
33 20 6481 935 558 941 568 403 262 788 464 824 497 799 481 487 264 394 205 904 539 698 423 287 211 648 410 674 417 606 376 693 432 567 358 418 260 447 273 884 535 565 314
34 20 6292 954 570 786 478 969 581 550 342 524 303 164 142 663 382 696 427 226 103 383 226 726 432 559 325 881 523 563 344 780 467 387 218 653 381 700 407 960 574 461 296
35 20 6080 95 106 648 390 866 523 324 167 730 433 490 303 231 154 685 416 681 418 383 264 245 188 640 380 801 487 694 398 505 310 728 433 610 388 974 583 839 512 991 595
36 20 5835 795 487 311 184 663 408 636 366 796 483 792 488 81 23 274 178 669 420 777 466 180 156 789 467 459 251 37 55 578 372 865 521 485 297 964 578 698 425 822 486
37 20 7204 779 460 550 314 503 311 690 416 270 121 571 325 778 474 996 598 694 432 765 456 858 509 954 572 838 494 765 447 760 460 336 224 902 547 757 453 802 474 840 501
38 20 7306 781 479 110 85 808 496 798 484 873 529 967 582 635 379 676 420 893 531 982 589 937 564 597 366 638 384 505 304 861 517 873 518 944 565 817 483 763 460 155 120
39 20 5359 767 465 48 67 256 124 738 454 899 536 421 255 370 239 852 507 414 240 752 447 201 103 805 475 435 260 913 544 829 498 53 84 240 113 667 418 211 137 847 506
40 20 7771 603 345 859 520 462 303 600 341 814 493 901 538 695 428 895 538 842 507 750 448 410 222 733 439 970 582 425 260 942 566 928 559 974 584 871 529 930 554 939 562
41 20 6765 846 510 622 381 771 470 973 583 909 543 65 57 978 586 714 436 749 458 846 503 953 569 447 289 900 544 184 77 608 365 689 397 264 140 914 547 587 364 511 315
42 20 7357 488 299 665 410 838 497 421 229 966 580 998 599 233 120 784 463 757 456 997 599 817 490 588 372 805 481 929 560 172 106 881 529 919 554 796 472 772 457 889 536
43 20 5826 702 416 298 166 845 514 255 187 794 476 973 583 127 74 656 388 895 539 731 436 612 346 291 210 852 514 379 220 620 372 947 567 694 435 456 301 181 108 345 231
44 20 5370 824 502 448 279 766 473 680 421 234 108 374 217 486 295 79 5 894 541 529 339 759 465 965 579 318 226 937 559 883 533 638 373 154 93 296 206 179 123 297 212
45 20 6613 497 304 813 479 167 90 911 545 559 358 555 339 787 477 843 505 95 33 870 522 341 199 659 377 398 207 927 553 505 310 917 552 800 477 887 539 952 569 743 434
46 20 5692 358 249 648 402 236 169 941 566 965 579 636 385 438 281 338 174 639 385 89 32 754 458 349 208 858 521 128 114 257 120 814 482 425 226 806 482 919 549 786 473
47 20 5694 580 365 616 364 996 598 560 332 201 93 772 452 568 320 433 230 168 131 603 380 209 119 606 348 878 531 519 337 690 398 344 196 571 354 939 564 902 546 234 170
48 20 6741 837 493 474 290 931 558 999 600 90 80 963 579 552 329 613 357 805 474 926 555 894 539 690 403 698 405 250 194 478 281 681 404 967 581 506 279 278 139 851 507
49 20 6547 919 551 290 210 747 462 100 17 652 372 357 202 792 487 926 552 480 279 727 423 331 172 554 322 770 461 957 575 888 537 782 478 730 430 370 228 878 527 845 514
50 20 6295 554 324 296 166 408 246 659 376 914 549 439 242 894 537 553 357 244 169 263 188 970 581 455 267 990 595 816 488 977 585 60 1 973 584 886 532 770 457 469 302
51 20 6388 391 232 583 371 690 420 25 50 767 471 806 494 631 392 649 390 399 260 842 511 580 337 335 200 781 458 932 560 958 573 762 471 494 307 632 385 574 360 945 565
52 20 6765 758 441 810 482 458 266 400 226 515 321 797 469 521 296 986 592 949 571 252 165 919 548 977 587 433 285 866 513 521 291 975 586 854 507 774 461 174 78 591 357
53 20 7145 855 507 965 577 648 373 647 375 489 307 858 521 707 421 528 318 225 178 420 279 658 414 923 557 912 549 958 577 957 576 832 492 993 596 323 231 870 518 523 329
54 20 6264 755 447 456 272 576 341 860 519 902 542 914 548 691 420 503 329 951 573 193 84 662 398 404 236 995 597 146 41 768 475 222 131 206 101 935 562 404 212 985 591
55 20 6574 322 159 923 550 286 148 997 598 891 533 891 534 963 579 544 350 919 556 510 327 892 533 407 245 272 177 758 465 489 309 477 283 487 263 661 416 517 304 942 566
56 20 6224 650 380 958 573 342 236 928 559 703 415 829 497 950 573 821 503 109 86 52 19 771 466 909 542 23 31 524 319 733 432 895 538 905 539 575 363 402 217 370 202
57 20 6532 952 570 707 440 541 301 549 317 946 566 148 108 975 586 970 583 835 511 203 102 413 236 764 455 182 158 723 447 936 562 578 369 659 399 894 537 378 246 712 429
58 20 7105 815 488 957 572 895 539 764 456 717 440 773 458 644 399 622 366 663 385 555 317 683 397 946 570 991 594 171 82 902 537 620 374 743 458 276 189 853 520 620 364
59 20 6271 560 313 950 570 381 246 150 111 488 285 681 427 525 340 563 355 533 299 652 383 627 356 621 354 749 434 749 451 868 515 360 192 387 222 929 561 970 583 799 471
60 20 5844 909 549 801 481 200 128 837 503 141 109 69 6 363 210 491 302 501 302 291 166 963 577 960 576 881 528 357 223 719 421 686 410 392 264 438 245 914 544 775 463
61 20 5159 577 366 284 199 646 388 619 379 430 292 478 306 200 95 685 397 390 224 517 283 636 394 564 335 847 503 548 309 596 339 453 283 134 131 879 525 590 364 246 169
62 20 6917 629 388 870 525 958 576 671 399 542 338 494 294 782 482 129 92 840 505 959 578 941 566 783 482 572 351 920 553 688 400 185 131 827 502 843 506 769 465 433 290
63 20 6131 808 479 312 186 927 561 529 331 555 323 221 172 20 21 999 600 577 330 342 219 887 534 927 553 620 378 946 571 835 500 392 236 868 522 488 281 439 284 571 334
64 20 6488 271 172 934 557 657 414 568 340 979 588 579 353 496 276 896 537 540 342 645 400 686 399 926 553 928 558 467 269 999 600 172 60 931 557 50 39 569 338 683 392
65 20 6777 764 448 981 588 264 167 497 314 944 569 786 470 605 359 958 573 419 257 577 325 659 404 515 318 942 566 776 459 387 210 858 509 619 386 670 386 358 249 976 585
66 20 6624 828 501 212 156 891 536 733 450 436 257 321 225 756 454 640 383 451 297 657 405 568 364 874 525 518 296 813 494 913 545 518 326 933 563 649 372 970 583 568 347
67 20 5814 560 340 200 73 401 252 880 521 377 223 522 313 296 195 668 392 638 401 489 298 352 225 754 439 459 243 687 399 571 349 764 468 962 576 126 90 932 559 990 594
68 20 5322 238 185 455 282 164 129 220 127 889 534 344 205 840 502 802 476 120 66 545 355 571 364 563 331 362 184 710 424 665 414 512 333 762 444 853 513 993 596 37 68
69 20 7145 212 129 501 307 970 583 791 486 832 490 225 164 668 415 940 562 941 565 976 586 862 519 980 589 951 570 226 105 597 377 819 502 556 333 479 264 823 494 942 569
70 20 7402 902 546 198 121 944 568 785 482 133 83 878 529 897 537 967 581 523 327 903 536 977 586 924 556 900 541 414 215 410 269 792 475 894 536 896 537 595 380 873 518
71 20 5936 782 463 87 49 784 478 379 253 193 147 850 501 883 530 574 341 270 206 931 561 80 41 700 424 720 435 705 406 974 586 800 479 748 442 1000 600 192 119 221 123
72 20 5992 275 128 636 374 917 549 271 194 795 470 942 562 476 267 198 97 131 51 765 472 980 587 442 262 811 477 816 479 670 413 880 523 409 276 616 362 504 296 450 245
73 20 7779 720 420 431 251 729 431 984 592 670 407 828 495 927 554 956 571 994 596 254 191 976 587 480 301 635 396 919 555 819 492 871 521 715 446 960 576 771 467 919 547
74 20 6408 312 179 774 458 831 492 458 244 626 368 268 201 1000 600 245 159 362 244 944 569 688 423 823 503 901 539 969 581 445 281 770 452 568 338 637 399 509 309 686 406
75 20 6352 319 220 871 523 771 474 534 343 667 404 510 287 935 562 982 590 126 25 584 359 966 578 745 449 340 195 672 400 804 492 259 170 810 478 224 111 796 467 790 467
76 20 6179 622 366 764 450 601 380 701 414 976 587 608 387 855 515 595 364 555 324 1000 600 931 555 334 177 728 439 560 320 288 152 195 76 782 459 944 569 188 132 131 125
77 20 6926 119 30 844 513 905 541 773 472 923 556 644 402 615 355 302 155 984 590 834 495 959 578 622 352 891 528 885 529 659 378 958 573 283 180 243 163 997 598 412 254
78 20 4458 516 324 868 525 741 440 352 248 410 234 184 96 394 225 273 167 334 224 851 502 177 86 400 231 500 279 75 83 277 165 918 551 92 3 482 267 938 563 134 41
79 20 6509 886 536 946 568 990 595 143 48 150 104 884 527 615 386 629 391 304 170 780 477 668 383 785 464 634 363 752 444 609 389 411 234 699 415 513 331 707 411 913 543
80 20 5407 774 468 609 378 298 180 813 485 861 516 760 463 154 90 493 277 412 243 467 260 652 380 142 55 576 350 377 256 644 407 663 401 533 346 965 577 497 273 124 57
81 20 6986 928 557 922 552 852 504 115 42 540 320 663 406 682 402 782 463 393 230 954 570 526 331 903 546 691 430 528 297 764 472 820 498 857 511 934 563 417 270 701 416
82 20 6178 253 152 862 524 817 490 813 489 536 339 376 256 703 422 635 377 919 555 187 86 670 418 176 73 862 523 492 292 666 415 697 431 673 404 254 150 933 561 833 504
83 20 5953 648 374 350 186 520 288 589 370 783 458 535 318 319 204 436 282 991 595 555 335 836 508 967 579 613 365 543 318 220 132 577 346 729 449 728 425 301 145 666 411
84 20 6810 741 453 720 416 615 365 761 449 813 487 834 498 778 465 232 138 735 434 383 226 968 582 496 318 871 521 918 547 493 308 844 513 359 226 751 442 377 243 931 560
85 20 5696 262 175 587 355 462 267 335 164 601 342 982 589 987 592 399 219 827 498 80 23 416 232 540 346 904 545 422 261 521 302 644 385 795 475 458 245 775 464 396 253
86 20 6918 688 432 303 173 571 359 858 518 376 234 471 264 987 593 883 535 513 326 612 356 807 487 807 487 685 416 780 470 931 562 801 478 565 329 817 494 648 399 733 454
87 20 6077 469 298 834 503 281 165 987 593 372 246 513 320 568 363 671 392 499 298 353 191 368 249 944 569 464 257 893 539 821 494 291 176 303 186 941 564 777 470 805 494
88 20 6183 715 437 916 550 344 220 492 283 355 208 962 580 941 563 352 210 984 591 386 265 809 480 632 377 701 413 110 58 656 400 554 320 568 324 603 356 466 295 820 489
89 20 6024 883 536 457 263 322 171 854 519 323 199 465 299 958 577 100 96 444 298 654 405 442 257 883 524 507 277 968 579 819 502 594 359 748 438 351 247 747 436 529 324
90 20 7473 938 560 889 536 903 537 111 32 724 438 899 544 590 334 748 446 834 509 863 524 677 388 729 445 800 475 933 557 944 568 497 270 548 326 640 364 977 586 702 407
91 20 6486 502 283 612 352 438 243 813 494 893 535 549 307 930 554 915 552 499 277 974 584 612 355 500 281 344 210 637 362 413 270 538 305 653 411 826 499 453 240 872 515
92 20 5732 933 556 687 415 234 137 638 372 838 497 714 445 569 362 207 77 258 158 984 589 604 348 989 594 841 508 463 273 123 22 690 428 118 45 376 255 857 511 341 199
93 20 6134 487 293 676 400 933 562 979 587 981 589 407 279 626 377 737 455 617 384 317 152 663 404 518 302 591 345 439 283 837 501 459 252 967 581 357 216 174 145 503 283
94 20 6132 29 39 811 489 403 218 959 577 975 585 318 214 738 447 623 358 879 524 377 197 995 597 319 157 450 245 900 544 312 216 580 332 747 458 411 247 751 458 688 427
95 20 6717 783 465 907 541 856 510 616 366 565 352 933 556 252 133 633 393 657 395 768 454 811 498 430 273 529 324 599 375 205 147 492 269 909 543 805 484 817 491 867 521
96 20 6973 431 259 617 384 594 379 723 430 952 573 642 376 584 345 758 461 684 417 518 320 982 588 917 550 989 593 645 400 553 323 681 390 578 372 247 135 950 569 901 541
97 20 6601 188 114 728 441 641 406 904 537 673 395 671 403 513 306 431 277 955 572 641 380 932 562 691 407 476 312 812 479 505 318 995 597 277 205 840 503 606 384 724 445
98 20 5516 575 330 845 514 502 280 516 325 365 225 202 126 983 589 348 223 643 389 974 586 423 222 842 508 142 53 312 217 700 409 805 491 857 522 343 233 358 189 298 220
99 20 5526 484 265 149 120 575 359 45 30 660 410 996 597 754 442 963 578 870 516 617 384 590 368 804 494 685 415 343 206 380 205 603 361 562 319 492 272 349 209 131 60
100 20 7002 548 356 840 497 901 538 718 423 899 544 604 347 415 281 631 382 987 592 185 98 875 524 732 447 945 566 793 469 753 463 490 294 695 419 688 418 665 408 640 371
101 20 5921 383 260 635 377 325 184 911 548 540 332 451 300 208 101 796 487 971 584 756 466 750 437 270 179 976 586 110 33 517 305 375 211 991 594 885 535 761 460 232 129
102 20 7054 955 575 961 578 765 466 626 379 823 491 597 340 856 512 965 578 578 353 709 426 711 424 134 93 420 242 501 302 955 573 814 478 255 173 642 402 868 523 974 584
103 20 5722 437 267 257 196 922 553 525 328 957 575 781 469 892 530 74 66 763 470 82 53 817 483 614 357 892 539 721 447 633 360 76 7 349 171 463 263 640 402 550 348
104 20 7210 781 477 670 420 709 414 789 470 651 388 485 295 521 285 772 468 993 596 626 380 663 410 753 446 834 500 587 343 826 502 840 513 938 563 392 234 944 567 647 368
105 20 6740 840 510 220 119 797 480 985 591 892 537 411 216 994 597 607 363 898 536 195 157 995 597 737 447 719 421 770 457 861 514 394 224 746 437 277 139 669 397 474 303
106 20 6409 752 438 390 203 573 320 493 308 298 198 655 373 609 343 442 277 638 367 735 445 912 553 808 485 782 469 971 583 610 351 130 55 343 189 990 594 727 444 960 578
107 20 7012 474 273 884 533 788 484 852 512 687 413 821 489 691 414 484 308 639 384 810 496 984 591 975 584 707 415 196 112 419 219 954 575 539 317 629 384 610 377 882 536
108 20 6308 47 36 906 539 505 312 812 495 505 329 618 367 743 450 775 477 280 151 398 219 656 395 741 443 942 566 959 578 563 319 848 513 828 503 978 586 179 86 333 197
109 20 7153 851 518 947 566 357 191 943 568 721 436 659 414 875 523 476 285 401 257 878 523 824 501 343 233 896 539 981 588 230 166 977 586 868 515 822 485 806 494 452 242
110 20 6892 737 454 288 151 868 524 712 444 971 584 697 401 409 230 908 544 667 413 935 559 216 124 725 436 696 402 922 549 673 397 655 386 580 339 509 328 776 476 840 508
111 20 6675 474 297 870 528 774 453 903 543 588 345 841 511 819 502 67 76 475 311 324 203 147 56 824 488 772 474 731 434 986 592 725 430 774 472 900 544 975 585 382 205
112 20 6951 512 302 900 535 845 506 612 359 721 449 878 525 926 555 970 580 812 489 276 164 988 593 604 386 920 552 374 204 797 468 660 397 175 70 666 399 613 372 653 385
113 20 5721 375 191 347 197 485 319 180 68 960 576 896 532 188 108 827 503 512 318 219 88 750 458 720 433 434 277 281 185 336 179 540 326 988 593 777 467 953 573 674 400
114 20 6546 615 373 884 531 762 451 693 426 519 286 979 587 834 495 525 293 362 229 438 289 783 461 678 423 108 30 340 174 902 536 531 339 737 434 814 481 617 361 971 584
115 20 6592 971 582 755 460 528 311 285 180 964 578 687 397 979 587 734 429 347 208 661 403 290 208 696 406 963 579 471 258 655 382 774 466 705 439 512 285 832 492 375 262
116 20 6895 399 240 927 554 907 547 834 492 979 587 830 489 552 344 865 523 828 499 869 522 193 132 267 126 711 433 898 545 633 359 573 336 893 533 815 491 666 412 152 123
117 20 6835 924 552 310 194 547 355 217 134 785 481 725 440 539 344 312 219 544 309 962 576 613 368 997 598 998 599 800 490 640 389 481 308 763 463 891 539 922 551 701 405
118 20 6906 568 358 546 334 452 266 773 475 706 417 726 420 576 332 724 421 531 338 892 532 731 445 908 543 764 469 557 351 936 562 541 344 891 531 690 425 690 398 610 374
119 20 6164 211 132 522 340 986 592 529 305 684 405 105 80 454 258 801 492 853 515 853 518 827 503 932 560 945 565 295 200 68 95 642 383 877 520 729 437 248 169 768 447
120 20 6666 719 437 691 412 655 395 644 394 25 24 986 593 823 489 701 439 515 311 521 315 992 596 760 451 669 415 697 406 996 598 733 456 308 150 752 458 700 419 445 296
121 20 7444 394 252 635 379 766 465 796 482 909 546 743 444 908 549 692 399 894 535 920 549 423 254 850 504 932 557 430 231 840 501 675 389 870 527 880 522 412 227 919 553
122 20 7832 64 88 885 532 378 250 462 257 794 476 898 539 955 574 851 510 761 463 797 471 977 585 905 538 909 548 817 501 934 561 817 481 972 583 650 383 881 533 958 575
123 20 6610 524 293 303 209 961 575 920 555 347 171 762 461 489 290 361 208 892 536 730 449 769 460 226 121 785 468 228 123 795 478 572 318 967 583 762 457 926 558 902 540
124 20 6038 380 219 727 442 124 73 390 225 657 409 524 287 311 147 822 500 759 446 468 312 977 588 715 439 603 370 760 448 909 549 160 115 651 397 588 361 921 548 631 366
125 20 5978 795 467 518 289 327 215 26 41 255 147 958 575 582 371 827 503 925 554 425 268 449 303 862 525 286 179 523 295 576 332 676 420 641 399 945 569 953 570 408 242
126 20 6263 379 233 144 53 582 349 309 192 600 375 705 426 790 462 225 181 958 575 261 194 824 490 663 395 430 268 773 453 912 548 815 489 856 516 855 520 481 289 964 579
127 20 5295 664 383 635 381 753 455 270 150 881 522 366 195 321 156 691 426 485 284 911 549 748 440 423 286 715 435 168 125 235 172 833 502 544 329 201 118 266 170 481 306
128 20 6356 682 412 936 561 414 245 556 337 743 451 497 326 896 533 133 41 966 578 311 146 987 593 822 492 173 81 774 471 880 528 331 180 675 421 548 312 447 266 942 568
129 20 7019 261 177 755 441 887 527 959 574 826 504 338 226 765 462 901 544 390 211 599 345 842 504 963 577 448 251 967 580 538 340 801 485 952 572 763 452 478 266 606 387
130 20 6295 734 426 382 240 795 477 738 433 421 224 877 519 616 381 1000 600 166 147 381 206 115 30 506 295 909 543 593 335 882 531 942 565 997 599 508 318 430 266 598 381
131 20 5736 381 226 412 217 254 178 719 439 399 228 795 480 891 536 248 159 698 406 551 354 501 296 348 176 122 71 1000 600 943 566 793 478 721 444 535 341 695 424 467 255
132 20 6118 841 513 780 467 443 262 855 510 647 400 516 298 313 195 609 387 859 519 312 226 210 107 304 219 987 593 702 426 924 557 937 566 324 165 779 471 143 68 752 466
133 20 7107 497 313 962 578 639 377 896 537 877 529 996 598 571 333 793 475 765 464 741 451 958 576 496 319 836 494 946 566 148 49 544 312 483 321 735 432 347 195 985 590
134 20 6414 842 503 841 513 843 515 191 88 926 557 798 478 282 170 521 318 329 182 789 477 408 211 720 433 566 327 330 181 508 333 676 423 620 349 960 576 722 432 957 572
135 20 6710 259 136 472 271 599 358 980 588 936 559 742 452 327 198 586 342 599 370 895 532 186 67 855 520 888 533 733 426 935 562 839 503 656 396 598 381 616 374 719 421
136 20 5661 753 458 231 105 667 393 337 239 667 415 534 330 475 273 227 156 705 409 666 409 479 270 510 320 724 441 167 57 461 266 589 341 953 575 797 486 674 393 706 432
137 20 6621 395 211 910 551 818 492 981 588 500 319 889 539 453 244 876 527 814 481 946 566 312 225 510 335 478 256 652 394 837 505 570 366 834 498 271 154 735 439 462 282
138 20 6408 926 558 674 407 819 483 432 282 799 478 700 418 893 535 717 418 328 193 605 362 925 557 211 99 994 596 573 368 236 171 806 489 889 537 337 185 315 175 638 396
139 20 5375 404 274 185 99 895 541 872 523 261 159 914 545 791 470 241 188 422 284 333 194 974 586 473 314 381 212 553 350 800 490 498 294 302 221 385 261 417 238 650 384
140 20 6472 840 514 133 108 416 256 961 577 920 549 625 364 886 534 695 409 684 415 956 572 169 122 518 294 200 95 617 386 341 208 829 494 828 496 871 521 699 402 756 441
141 20 6811 452 262 348 208 778 477 835 504 740 439 919 554 756 448 583 366 464 273 534 305 853 504 501 317 934 560 725 434 931 556 299 182 874 529 995 597 285 133 817 483
142 20 7138 909 551 64 18 770 450 796 478 823 490 735 433 784 465 765 459 572 322 811 494 826 486 720 436 1000 600 996 597 255 136 439 267 871 522 533 295 645 401 962 576
143 20 6280 602 367 261 200 845 499 54 15 738 453 932 559 310 187 527 294 698 420 891 528 866 514 714 425 886 538 469 264 618 393 799 478 951 569 65 68 437 243 897 539
144 20 5845 368 215 736 450 585 367 712 423 284 141 118 120 728 445 625 371 444 246 481 270 945 566 101 66 428 287 480 285 828 496 786 473 606 368 944 564 519 298 972 583
145 20 5908 909 549 870 523 974 586 254 172 358 209 661 417 582 331 987 593 572 323 704 425 432 234 231 138 875 530 135 86 716 446 833 495 280 155 670 421 148 136 625 378
146 20 6596 275 169 600 384 929 556 917 551 799 469 189 67 950 571 407 267 581 340 681 408 357 194 800 475 763 467 551 320 859 516 792 467 894 536 612 385 551 342 685 399
147 20 6638 416 261 881 531 625 361 362 203 765 447 976 586 627 360 687 395 510 309 344 239 407 263 535 328 865 525 960 576 868 522 946 570 718 447 468 303 694 423 622 396
148 20 6705 498 290 855 522 518 285 780 480 762 446 732 449 923 559 974 586 352 225 652 411 996 598 769 475 302 176 894 539 750 446 164 92 648 382 232 115 969 581 640 391
149 20 6726 777 470 622 380 534 335 792 481 572 346 454 284 671 408 873 527 911 541 901 537 928 558 908 541 301 150 947 566 773 453 927 561 707 426 369 184 178 84 307 213
150 20 6449 169 80 334 200 709 417 705 438 473 265 762 467 510 330 787 465 975 586 489 293 789 476 898 543 723 445 876 531 961 578 701 403 228 118 923 554 467 272 419 246
151 20 6058 640 392 472 307 532 335 891 530 810 497 416 266 988 593 549 346 754 439 593 356 638 383 358 224 134 81 723 426 968 583 419 251 389 232 892 534 257 153 693 431
152 20 5677 173 78 121 107 453 294 619 364 860 512 602 361 319 195 745 439 203 150 420 284 679 420 980 589 991 595 793 476 339 175 463 277 754 442 660 399 910 546 270 168
153 20 6747 490 285 765 453 268 164 842 506 708 412 661 389 268 151 824 490 936 565 494 306 993 595 510 294 542 330 943 567 680 390 977 586 739 451 871 530 790 463 194 140
154 20 6591 665 382 698 407 443 288 810 482 727 447 798 475 730 424 488 310 371 256 432 244 478 266 583 355 896 544 743 437 900 538 598 355 628 378 828 503 376 229 991 595
155 20 6750 675 424 422 258 434 257 391 213 682 411 946 570 992 595 160 113 769 456 644 406 963 577 995 597 454 294 755 459 748 458 535 322 801 478 518 305 869 524 748 446
156 20 6197 851 515 537 296 773 471 610 370 963 579 897 533 760 454 576 334 53 25 771 465 526 292 655 378 416 257 491 280 541 349 330 237 317 226 817 483 971 583 540 317
157 20 6531 463 247 260 166 636 396 679 405 370 243 852 505 331 192 765 447 748 435 984 591 852 512 161 133 711 432 563 320 851 514 992 595 934 562 449 270 926 558 536 328
158 20 6411 942 566 900 534 958 574 854 514 634 374 724 449 806 478 824 494 853 504 226 137 389 234 437 243 336 220 297 206 483 276 733 435 853 510 460 297 630 357 483 310
159 20 6577 664 402 578 366 674 420 877 534 874 521 281 151 674 388 637 396 219 154 543 342 999 600 529 325 663 391 594 343 733 433 994 596 991 595 445 264 752 456 433 263
160 20 5492 767 458 719 443 456 278 297 181 111 73 550 333 607 345 801 492 453 270 628 356 619 369 304 189 846 499 485 303 394 239 579 335 503 292 194 146 862 519 810 482
161 20 5981 944 563 822 488 236 114 635 363 358 212 934 561 572 361 442 233 847 506 146 52 916 555 495 289 452 241 776 455 687 429 403 248 650 405 860 511 332 163 456 301
162 20 6053 358 253 478 302 569 333 477 289 367 227 963 578 309 203 483 278 942 565 448 248 574 352 960 577 181 139 437 260 859 512 973 585 517 293 921 548 314 161 977 586
163 20 5738 676 395 263 190 497 315 820 493 625 392 482 283 863 525 757 460 838 504 977 587 667 389 265 202 570 332 201 76 175 147 823 501 518 310 529 315 631 359 299 208
164 20 6969 840 508 916 553 257 156 993 596 649 371 101 103 751 456 709 413 673 400 622 388 950 567 951 569 954 573 561 351 910 545 508 298 521 339 507 306 608 385 957 576
165 20 5651 999 599 540 342 574 334 155 70 576 339 387 224 638 391 951 573 784 462 528 334 255 197 457 297 719 426 810 495 287 199 576 346 799 475 570 350 230 143 467 277
166 20 5799 760 453 517 335 929 557 509 280 367 243 799 469 357 181 504 278 548 353 455 288 959 576 976 586 907 549 39 48 410 244 526 336 352 236 819 484 337 219 528 323
167 20 6229 754 441 424 234 281 131 620 358 811 490 67 40 758 465 612 358 673 408 673 406 894 543 804 491 902 540 589 372 703 408 697 409 261 175 774 453 980 588 181 107
168 20 7848 845 504 607 357 924 551 640 373 675 402 802 485 612 368 522 294 496 307 426 268 877 533 956 572 842 511 962 576 893 537 960 577 914 545 979 587 810 491 955 571
169 20 6510 840 503 450 275 707 419 482 310 862 521 749 464 376 231 510 294 378 192 669 416 934 562 592 372 312 175 579 330 981 588 724 429 883 532 390 259 871 527 731 433
170 20 6143 222 179 897 541 355 211 363 246 687 421 129 104 714 446 712 434 427 288 713 420 850 508 629 392 973 586 912 546 716 424 315 160 904 545 568 356 663 413 538 342
171 20 6300 496 328 321 204 308 225 925 552 411 235 972 582 932 559 528 330 479 288 970 582 302 192 426 236 892 540 961 577 542 305 653 393 721 439 789 467 369 236 604 339
172 20 6405 257 127 958 574 916 546 680 418 433 282 572 319 457 284 868 528 497 304 495 287 486 304 820 500 791 463 976 586 167 91 767 448 991 595 753 462 211 167 715 442
173 20 5664 511 327 594 344 186 77 814 483 382 259 324 217 666 395 859 509 856 511 498 290 372 211 602 339 986 592 658 398 386 230 858 522 685 412 113 109 543 337 435 230
174 20 7051 725 438 514 331 963 578 559 344 737 431 84 44 637 386 486 266 637 385 983 590 977 586 673 414 754 440 920 556 994 597 445 265 829 489 780 463 481 262 924 551
175 20 6536 438 247 709 432 739 457 777 475 783 475 100 21 985 590 906 545 693 431 972 583 570 360 791 477 564 320 205 100 685 418 493 311 869 526 719 447 382 245 693 434
176 20 7132 955 572 722 440 731 451 715 441 713 444 856 522 906 547 952 571 925 558 869 521 647 369 704 426 297 214 345 226 346 208 730 431 652 378 948 566 540 311 711 419
177 20 6126 662 405 467 304 950 569 249 192 519 339 951 572 852 506 479 265 892 538 642 387 846 500 948 568 842 505 49 30 803 481 576 344 319 204 261 140 665 408 281 127
178 20 6278 919 547 300 143 133 30 814 480 548 321 458 287 996 598 928 561 469 300 964 578 964 578 985 590 275 158 828 494 665 393 936 565 875 530 198 101 31 37 271 205
179 20 6665 956 574 162 117 574 322 414 247 917 555 590 332 380 253 856 517 840 513 925 555 791 477 528 297 434 276 851 504 553 309 767 468 466 310 807 475 955 573 564 346
180 20 6628 253 182 330 164 993 596 866 515 479 311 677 415 830 496 938 561 613 377 982 589 408 242 639 396 696 427 315 189 961 578 936 562 574 353 531 330 277 129 959 576
181 20 6780 406 214 816 498 827 499 540 316 909 548 974 584 752 444 430 251 707 428 626 365 541 319 237 112 855 505 549 327 608 378 583 334 934 559 935 559 670 403 661 392
182 20 7334 811 481 623 389 429 253 547 354 903 539 362 249 948 569 917 551 961 578 896 531 974 583 763 448 911 547 786 463 243 166 479 314 682 405 882 529 934 560 617 371
183 20 6336 568 362 595 358 954 572 815 497 594 358 915 548 959 578 345 175 411 256 626 374 507 294 960 578 417 235 256 136 682 413 346 170 630 392 944 566 464 252 685 411
184 20 7023 922 555 877 521 824 504 371 215 644 377 150 87 718 423 912 545 895 537 684 399 989 593 384 237 795 484 66 3 457 267 977 588 803 475 925 554 747 439 907 548
185 20 6325 571 351 81 15 315 210 964 578 339 224 782 469 955 572 709 408 90 29 992 596 291 209 768 455 528 302 568 327 864 510 864 512 964 578 702 417 507 300 796 482
186 20 6617 135 95 665 391 548 308 575 358 827 489 950 567 313 154 736 436 638 389 551 341 336 212 695 413 709 424 667 381 1000 600 926 554 693 407 995 597 645 387 631 363
187 20 6803 474 307 998 599 401 221 819 499 277 126 560 312 659 391 707 421 824 485 117 105 943 566 636 399 763 460 988 594 348 210 979 587 655 408 654 377 917 548 888 537
188 20 7103 274 143 845 503 475 310 641 379 650 408 800 469 986 592 824 485 564 345 979 587 396 239 955 573 312 164 675 423 862 525 818 486 748 460 956 573 923 555 523 324
189 20 6101 847 506 893 531 531 343 513 321 351 190 977 586 891 538 665 414 350 211 572 359 344 228 610 349 583 360 745 443 438 231 823 498 412 267 624 358 901 544 132 30
190 20 6357 215 165 763 446 859 518 881 523 561 357 670 419 692 434 672 405 253 120 969 582 649 409 709 408 980 588 736 451 929 560 252 170 547 329 972 584 286 182 120 28
191 20 5472 396 223 665 409 420 242 944 564 530 314 975 586 100 91 191 73 730 429 644 379 728 422 605 379 228 94 791 478 298 173 642 365 453 284 465 300 394 231 745 450
192 20 6500 646 408 784 467 535 315 200 97 352 246 785 465 945 569 153 108 961 575 884 530 824 492 648 392 537 322 845 510 535 294 846 506 804 474 733 452 321 233 662 394
193 20 5293 404 258 681 416 590 367 569 322 810 479 373 232 730 427 744 457 183 63 342 224 896 537 199 122 541 351 241 134 963 576 521 297 376 257 548 314 692 401 183 92
194 20 6422 49 22 819 499 715 438 819 491 174 119 395 257 938 563 328 221 349 197 702 428 641 379 682 391 918 548 981 590 287 213 943 569 642 369 900 546 706 422 857 519
195 20 6344 660 383 630 382 898 538 796 475 319 156 629 399 692 424 907 544 428 270 596 374 564 327 637 390 993 596 408 220 279 160 764 470 796 468 638 365 399 260 656 380
196 20 6523 604 346 796 486 414 266 354 238 943 566 145 60 698 422 581 333 683 420 271 201 530 329 632 398 744 439 744 439 641 398 876 520 846 509 839 499 797 489 908 541
197 20 6991 630 394 726 450 462 272 491 290 622 354 745 438 435 285 833 509 782 468 778 460 685 401 812 496 551 356 395 228 550 346 962 576 930 557 908 544 877 519 809 482
198 20 6706 775 452 782 472 427 240 477 307 944 564 200 150 983 591 791 466 770 451 438 296 370 187 910 550 141 68 985 591 683 401 913 549 877 532 525 297 828 493 594 375
199 20 6460 826 499 693 420 793 466 583 370 549 345 375 189 784 479 387 206 85 69 906 549 954 572 531 306 762 470 824 486 922 550 881 524 505 274 462 283 684 404 415 269
200 20 6675 689 426 904 538 890 534 403 263 679 394 955 572 973 584 725 422 659 380 943 568 112 95 280 175 291 165 381 199 375 260 751 454 878 531 728 437 937 561 797 468
201 20 6537 999 600 203 152 937 562 518 304 535 337 279 196 467 262 932 555 620 376 787 464 967 581 257 178 159 72 964 578 875 519 645 405 283 200 855 513 1000 600 793 482
202 20 7675 538 343 749 458 537 312 921 556 489 316 940 566 735 430 750 463 831 499 986 593 423 236 578 363 896 540 903 547 914 550 777 474 814 488 702 417 881 524 987 591
203 20 6038 258 121 847 515 662 413 299 203 657 409 158 98 901 544 134 122 229 111 992 596 997 599 807 482 609 365 654 386 863 522 520 285 725 449 985 591 160 110 620 394
204 20 6900 877 529 242 109 932 558 606 362 568 364 968 581 370 197 284 167 922 552 884 534 364 183 940 566 845 502 980 587 727 426 973 585 316 212 803 477 919 549 281 163
205 20 7304 919 552 356 207 939 564 789 463 934 562 420 274 803 480 772 457 779 455 565 346 691 411 458 297 974 586 741 431 725 437 771 464 562 325 958 574 921 557 532 317
206 20 6407 506 323 356 236 617 375 674 408 428 279 466 253 769 450 392 230 757 463 990 594 567 350 224 121 689 396 882 526 987 593 836 504 750 455 300 204 650 370 974 586
207 20 7173 158 118 859 518 475 306 734 431 667 391 908 548 979 587 548 306 903 540 796 485 401 236 851 515 768 447 337 181 808 495 943 566 768 473 810 493 782 471 852 513
208 20 6570 660 410 992 596 654 407 689 401 837 508 924 558 257 144 634 392 679 397 925 557 634 380 537 302 91 61 521 311 979 588 806 494 812 494 289 139 390 202 831 496
209 20 6942 691 409 930 557 780 471 969 581 844 502 819 485 731 428 834 508 792 469 433 273 785 462 883 536 507 308 361 202 696 431 528 298 368 227 656 410 973 583 304 173
210 20 5866 476 290 568 342 439 246 640 368 843 508 122 93 731 448 854 521 461 297 854 517 872 525 844 503 439 236 482 296 234 101 492 278 770 463 479 272 200 95 932 558
211 20 6386 983 589 351 209 343 243 914 550 308 167 414 270 939 564 732 425 914 547 991 595 780 480 792 480 881 530 757 466 407 248 879 532 123 103 67 13 809 493 388 268
212 20 6098 723 422 718 422 851 503 640 401 899 544 537 295 211 153 412 280 459 295 215 99 962 576 767 449 604 348 655 411 910 551 376 242 515 299 561 327 635 379 546 319
213 20 6227 846 509 320 204 800 473 893 531 918 547 610 383 762 457 576 356 508 315 447 276 953 573 296 145 796 487 848 514 458 262 687 409 710 419 373 246 254 156 400 234
214 20 7191 954 571 679 401 954 570 238 152 421 256 148 51 936 562 639 374 994 597 557 330 932 558 847 516 240 176 647 374 872 527 968 583 870 521 920 552 899 534 668 390
215 20 6431 871 520 848 516 541 329 999 600 366 218 960 578 614 364 974 585 688 410 763 444 120 90 426 239 583 374 697 427 971 584 718 440 86 23 912 546 205 152 521 287
216 20 5950 241 169 264 179 193 91 996 598 594 351 248 191 804 486 762 458 281 204 182 123 450 290 756 467 810 496 985 591 239 152 893 540 603 341 771 452 958 577 871 522
217 20 6940 430 232 815 487 398 244 624 376 587 339 911 551 977 587 527 309 739 440 761 456 367 225 556 355 761 462 857 521 877 526 857 516 994 597 548 313 499 312 795 472
218 20 7101 469 255 758 454 930 556 615 366 747 450 462 263 549 326 910 549 665 410 902 536 790 469 918 549 870 528 964 578 260 184 950 573 323 165 759 463 787 461 575 365
219 20 5558 292 204 392 249 828 500 555 328 246 104 701 423 675 414 171 124 761 448 992 595 690 417 865 527 557 318 346 186 131 115 281 178 702 418 790 466 896 537 245 144
220 20 6622 971 585 124 96 195 153 454 251 643 377 819 494 896 537 522 313 837 506 275 192 897 538 773 465 368 209 931 562 583 340 848 515 664 409 825 496 944 566 676 402
221 20 6858 722 421 674 411 709 435 790 473 220 122 917 551 394 259 784 481 623 366 966 582 216 169 786 466 551 326 984 590 466 286 955 575 497 320 777 455 809 475 876 530
222 20 5261 946 566 328 199 696 408 455 292 812 478 785 482 268 172 469 267 850 515 670 386 143 101 474 309 429 253 101 104 936 559 649 377 169 52 369 198 602 342 372 228
223 20 5993 880 522 832 496 545 340 651 389 168 55 203 155 388 268 951 571 946 567 387 267 999 600 249 131 777 472 805 489 712 430 540 339 556 346 440 252 391 239 566 341
224 20 6306 619 359 473 309 915 545 526 323 755 464 296 206 172 125 741 457 642 386 565 325 718 444 915 553 755 465 721 449 944 566 253 133 531 299 561 315 803 478 707 421
225 20 5850 177 59 926 553 615 351 608 375 429 242 996 598 680 414 434 258 633 377 297 217 950 571 969 582 529 319 813 490 983 590 97 99 538 303 382 257 451 253 194 94
226 20 5848 461 275 906 544 306 199 846 500 974 583 728 430 443 253 946 570 939 561 660 414 175 66 700 414 540 303 848 506 397 250 187 104 549 339 175 60 460 262 457 278
227 20 6123 197 107 453 287 996 598 967 582 835 493 854 516 791 476 623 370 274 174 346 192 976 587 962 578 700 412 724 418 546 307 481 270 593 357 22 40 128 40 778 460
228 20 6581 505 306 763 446 487 265 925 554 612 347 528 337 734 445 356 247 265 117 924 552 839 507 784 479 969 583 375 256 769 471 561 329 670 420 401 255 815 500 880 526
229 20 7199 662 417 879 525 376 228 755 463 723 419 999 599 410 251 970 581 550 324 777 465 904 546 962 577 895 532 883 533 110 36 745 452 358 226 798 467 771 468 872 518
230 20 6077 904 543 442 253 402 209 117 21 51 4 780 470 673 394 503 306 579 341 779 467 744 456 775 454 281 207 814 484 785 465 527 290 220 161 957 573 870 529 951 573
231 20 6122 735 447 647 407 762 457 941 562 536 301 539 335 697 402 126 35 555 349 494 294 920 550 349 174 360 215 707 409 998 599 745 459 573 361 351 221 938 566 272 145
232 20 7012 471 301 758 447 631 378 352 208 678 399 762 465 947 569 427 236 684 415 898 544 668 410 654 398 966 579 657 405 851 511 768 472 982 590 567 345 514 292 789 476
233 20 5589 984 590 564 331 174 90 417 265 910 546 712 436 596 381 435 234 374 231 119 75 367 189 850 509 839 501 481 308 665 408 421 239 660 412 760 468 416 241 434 239
234 20 6478 281 180 151 140 624 366 819 483 596 336 568 340 577 347 973 585 891 541 428 238 712 438 880 535 733 434 487 303 314 205 775 472 671 413 818 499 802 480 857 518
235 20 6720 355 178 650 403 967 581 675 394 999 599 633 381 711 412 742 449 689 403 846 512 394 227 571 353 910 549 453 268 760 458 974 586 339 172 610 350 478 304 685 407
236 20 6853 830 491 505 309 916 546 771 451 393 230 706 411 821 482 806 475 925 556 933 560 689 395 608 368 638 366 503 302 466 283 242 153 195 80 869 524 991 595 899 534
237 20 6393 422 269 934 564 483 282 216 128 930 555 698 417 370 201 800 484 999 599 733 442 149 133 764 455 842 514 511 300 991 595 278 177 921 554 946 565 375 197 424 228
238 20 6134 862 520 669 421 579 369 577 351 447 275 99 78 726 443 593 342 954 570 982 588 66 92 508 302 725 422 668 400 382 253 326 181 832 493 888 530 836 509 550 337
239 20 4679 917 550 467 263 335 178 473 260 37 63 393 200 345 219 579 367 521 308 755 440 656 401 654 372 701 404 209 137 352 178 225 97 136 34 233 100 761 454 610 363
240 20 6786 939 566 938 566 808 482 152 104 823 503 516 326 532 299 934 564 908 542 508 320 852 513 149 46 994 597 826 500 697 408 215 147 843 509 551 346 915 548 472 314
241 20 6924 575 331 753 451 703 413 950 569 889 535 378 217 926 558 842 514 625 396 752 465 996 598 425 261 492 267 674 399 419 230 980 587 375 207 280 198 921 557 893 530
242 20 6375 454 284 293 212 968 581 333 229 504 317 750 449 509 286 979 588 602 364 759 460 161 93 915 548 584 349 986 591 722 448 550 313 623 395 942 566 954 570 163 87
243 20 6336 742 438 688 401 973 584 568 320 420 238 996 598 666 396 99 105 657 379 300 144 700 438 703 413 479 258 627 356 781 456 515 321 233 130 847 509 926 554 753 454
244 20 6115 763 459 322 166 571 361 312 187 841 507 749 439 768 467 317 158 845 501 210 151 662 378 570 333 232 103 101 112 894 536 802 471 875 529 662 383 755 462 980 588
245 20 6730 966 578 988 594 517 308 344 203 903 546 978 587 959 576 136 100 167 112 619 374 124 85 790 464 481 266 478 307 633 373 859 508 918 555 840 506 850 511 911 544
246 20 6329 214 163 551 354 813 487 471 286 859 522 647 406 854 511 310 147 486 312 751 445 503 310 585 349 385 268 399 215 718 435 721 431 594 351 937 559 987 593 874 518
247 20 6729 847 501 634 400 731 447 975 584 764 467 270 160 259 152 312 161 930 560 835 497 814 484 786 460 940 565 656 380 946 568 893 532 190 110 509 287 295 153 872 528
248 20 6838 329 207 837 494 738 448 387 223 902 537 928 555 552 314 271 149 700 419 380 257 510 304 857 514 687 422 492 293 821 482 972 582 932 556 974 585 728 421 679 423
249 20 6539 581 331 587 354 577 345 239 174 211 101 664 419 988 593 684 399 591 353 92 39 977 585 619 351 897 535 577 326 826 496 931 557 942 566 567 322 627 394 902 537
250 20 5533 854 518 788 470 122 94 64 40 627 398 646 380 780 460 555 346 762 452 97 85 942 568 580 333 427 258 599 380 315 184 49 68 820 503 867 528 291 136 882 536
251 20 5835 738 428 982 590 267 178 192 78 790 470 301 206 951 571 933 561 882 535 922 556 151 81 835 503 965 579 291 142 467 253 517 302 341 209 362 228 327 179 456 288
252 20 6092 442 265 675 399 616 390 723 428 981 589 695 429 212 146 426 242 833 502 754 460 120 88 205 79 477 307 947 571 777 468 782 478 420 259 625 355 841 503 634 400
253 20 7595 907 545 630 392 533 335 852 519 973 585 771 476 690 413 935 564 746 462 915 547 851 504 511 284 756 465 768 458 579 365 960 574 660 410 687 410 842 512 625 375
254 20 5618 918 555 255 127 441 265 492 269 397 259 479 281 986 591 614 373 191 70 670 391 274 143 476 270 438 253 409 252 555 329 221 129 969 582 739 428 876 520 837 503
255 20 6922 697 404 393 207 706 434 897 537 683 410 850 507 391 233 978 588 746 462 863 524 666 388 935 563 928 558 567 334 593 340 54 31 758 465 243 165 930 562 966 579
256 20 6366 672 414 617 372 931 555 600 347 956 573 949 567 293 199 891 532 99 87 927 560 918 553 911 551 472 287 499 324 482 272 940 561 537 339 371 204 384 233 284 135
257 20 5896 208 145 880 530 338 232 838 496 544 319 824 498 848 508 763 468 245 149 789 475 410 280 778 470 220 99 783 477 362 231 545 338 911 552 809 483 634 380 63 55
258 20 5821 740 435 657 383 705 407 992 595 595 341 809 493 256 178 284 151 422 277 469 309 44 27 365 237 593 364 838 512 618 363 335 220 853 518 998 599 781 479 288 157
259 20 6321 414 231 557 346 349 242 846 507 650 384 347 171 939 560 533 311 529 333 364 212 889 530 733 443 972 582 888 532 891 529 628 358 802 492 164 139 571 330 577 344
260 20 6908 507 297 719 429 914 547 969 582 318 163 458 279 787 474 638 387 986 592 957 572 865 521 491 279 490 309 389 220 755 458 661 384 489 287 767 466 986 593 670 390
261 20 6014 572 332 627 383 654 411 615 372 475 287 104 101 760 468 989 594 974 583 370 231 570 341 566 357 918 549 403 208 759 453 579 356 267 137 350 215 647 384 829 496
262 20 6443 703 439 818 492 466 299 621 374 851 512 169 78 613 370 858 523 983 591 232 172 165 99 568 347 816 483 751 461 558 318 902 539 917 553 901 538 713 444 281 199
263 20 7083 228 168 764 465 661 399 924 556 996 598 769 463 878 532 561 324 975 585 681 414 807 477 340 192 638 366 537 321 685 394 908 543 388 261 532 323 977 587 918 553
264 20 6618 311 211 987 593 862 511 984 591 483 310 819 494 206 122 922 555 970 581 530 324 545 330 996 598 937 560 872 520 30 35 905 547 615 367 380 201 254 130 628 382
265 20 6174 633 391 751 462 380 208 632 367 915 550 829 495 389 240 765 467 625 385 812 495 411 249 306 201 472 315 263 190 716 419 747 436 487 281 761 456 807 485 648 389
266 20 5069 958 574 235 162 510 316 446 272 740 431 362 218 606 351 879 533 60 79 331 196 551 331 642 373 437 251 726 423 591 350 301 185 132 56 264 191 619 369 748 456
267 20 5855 393 239 868 525 290 144 616 358 842 499 745 443 655 373 245 131 255 137 153 130 314 200 731 454 659 384 438 281 763 462 887 535 549 333 942 564 584 365 782 474
268 20 6690 944 569 907 541 928 553 271 163 557 341 800 483 741 445 120 94 520 305 246 148 691 397 841 498 901 537 889 529 912 544 448 269 663 382 917 550 612 390 472 277
269 20 6510 427 233 855 508 817 486 769 469 896 539 417 279 852 514 898 537 868 516 198 115 529 325 837 498 964 577 511 311 383 208 265 141 775 457 328 218 903 538 528 290
270 20 6040 149 97 806 473 804 482 429 251 684 392 594 357 417 231 556 356 332 233 268 177 425 243 198 105 704 438 639 397 606 359 996 598 759 465 888 538 898 540 928 559
271 20 7052 761 444 718 442 476 267 655 385 628 369 917 549 664 411 922 549 871 515 775 456 450 293 144 91 900 540 401 227 489 318 1000 600 980 587 625 371 873 519 855 505
272 20 6482 702 412 186 103 943 564 362 248 817 497 618 367 985 592 178 150 625 366 538 338 887 534 928 559 780 463 628 358 666 402 158 94 893 534 862 518 455 242 753 438
273 20 6766 719 436 917 551 272 127 105 64 501 301 698 419 988 593 904 538 673 388 786 479 784 472 561 352 730 438 560 328 821 486 682 396 194 154 781 479 986 592 871 518
274 20 7199 775 476 734 425 617 393 948 566 751 457 934 562 533 347 1000 600 259 184 985 591 689 412 334 165 601 349 382 237 967 581 830 499 878 525 987 593 985 591 209 167
275 20 6093 808 495 854 512 525 337 349 214 851 516 258 148 868 513 402 246 747 458 688 422 843 503 666 380 830 490 139 61 948 571 510 300 638 367 518 305 466 257 278 155
276 20 5755 44 37 463 300 809 490 298 195 550 333 674 415 741 449 887 528 776 466 153 68 701 404 736 452 471 304 332 202 844 498 885 531 692 399 884 531 122 90 448 283
277 20 5832 582 326 288 156 782 462 499 288 877 520 948 568 836 505 736 437 178 99 201 122 960 576 476 313 890 539 291 138 176 123 451 275 509 290 727 424 362 189 895 535
278 20 5708 657 406 492 293 435 242 518 289 560 353 603 344 641 387 898 543 838 499 791 480 639 392 164 143 716 427 545 301 535 349 417 244 107 74 616 362 502 295 742 457
279 20 6084 937 563 345 214 119 85 265 173 928 554 548 340 921 555 699 425 165 144 105 112 668 406 989 594 808 489 949 568 707 430 592 377 740 439 460 252 674 420 549 313
280 20 6322 873 531 205 125 842 502 222 109 615 392 781 457 412 248 817 486 453 277 868 517 561 336 847 512 864 520 988 593 614 374 278 138 407 239 761 460 654 379 582 363
281 20 6344 562 354 436 267 319 195 783 471 842 512 785 462 216 170 938 566 904 544 519 294 757 461 524 339 609 343 968 582 488 320 216 175 734 426 694 410 794 471 601 377
282 20 5788 999 600 429 246 660 401 799 489 962 580 803 489 998 599 125 118 529 312 332 181 529 323 924 553 248 165 183 153 106 47 726 442 859 518 266 202 676 407 423 272
283 20 5695 258 165 317 174 809 485 706 409 816 487 684 397 392 209 704 423 669 387 918 549 991 594 378 212 432 290 261 121 777 463 478 317 64 45 40 50 841 514 855 521
284 20 5832 665 393 457 295 364 221 749 447 581 351 538 317 178 122 986 591 833 509 48 75 920 556 594 339 586 339 883 535 400 230 736 444 196 90 464 251 639 390 848 502
285 20 5624 944 568 931 562 534 335 534 314 68 42 831 506 626 384 350 186 582 367 886 526 722 445 783 459 179 143 582 366 507 326 187 100 413 234 870 520 154 81 565 352
286 20 6278 864 519 622 357 979 587 792 479 417 215 250 192 949 567 467 302 207 105 802 490 420 253 752 460 998 599 833 496 324 202 746 443 318 157 439 297 772 458 605 344
287 20 6586 674 423 190 72 909 549 628 357 419 240 392 255 725 430 745 442 642 390 749 449 579 330 620 356 821 489 600 346 437 295 750 458 591 378 809 489 984 591 909 549
288 20 6654 707 408 430 260 528 337 485 297 357 227 988 593 780 466 957 575 988 593 151 89 751 447 938 566 623 367 808 492 816 501 554 328 752 440 489 263 930 561 277 181
289 20 5977 924 558 432 232 364 197 466 280 362 211 721 427 456 261 454 279 685 413 622 353 857 520 680 404 532 293 729 423 291 217 706 424 469 271 713 429 743 434 749 453
290 20 7569 680 426 729 445 844 506 838 503 842 499 865 524 812 478 695 413 505 284 613 357 916 548 435 262 982 590 727 435 923 550 702 432 860 510 552 332 692 407 927 558
291 20 6741 923 558 727 433 133 42 856 518 809 490 370 243 997 599 284 167 515 324 933 556 740 438 838 504 396 205 436 281 774 457 821 492 813 487 287 190 967 582 864 517
292 20 6226 917 552 847 512 768 460 673 408 223 178 445 294 689 395 187 84 332 174 593 363 613 381 298 173 863 522 922 549 34 51 454 303 806 494 870 523 960 578 959 576
293 20 6747 607 342 312 212 879 520 778 457 828 491 709 421 127 36 786 466 995 598 996 598 582 340 528 298 986 591 947 566 269 152 729 443 780 459 710 428 687 411 260 112
294 20 6619 647 383 914 553 535 302 503 272 999 600 596 377 952 573 524 286 647 400 531 315 1000 600 550 306 852 509 371 227 559 353 951 572 115 111 261 143 959 578 772 461
295 20 5718 450 276 132 35 800 486 412 243 913 549 177 106 296 168 702 422 958 573 207 108 935 560 246 106 228 105 310 215 998 599 776 459 553 358 866 521 701 416 777 466
296 20 7406 669 385 925 550 755 440 384 258 972 583 789 462 951 572 805 479 950 568 564 352 820 498 552 352 458 276 976 585 650 383 416 280 816 484 841 498 838 499 682 420
297 20 6353 622 369 763 450 607 380 965 579 566 339 610 381 219 129 915 545 953 570 993 596 788 486 925 559 575 337 296 150 353 243 18 36 348 209 936 559 319 166 935 559
298 20 6439 817 485 942 565 610 385 511 329 970 583 146 52 994 597 519 336 289 190 933 564 497 303 653 402 864 515 344 232 892 537 381 258 413 271 894 538 965 580 245 159
299 20 6510 655 375 916 551 404 238 938 565 542 303 80 14 649 388 594 377 806 487 429 247 848 506 387 256 959 576 866 521 759 459 470 268 966 579 768 447 712 427 273 145
300 20 6129 973 586 939 566 290 201 697 411 874 530 736 443 421 263 313 224 388 223 540 323 956 574 887 527 209 135 578 346 967 581 814 478 313 155 641 373 432 281 290 184
301 20 6136 720 420 824 484 779 475 693 424 761 469 168 56 428 277 300 140 699 427 987 593 888 539 829 499 528 327 413 224 437 239 412 240 731 425 102 49 814 484 760 461
302 20 6068 684 400 207 101 339 218 973 583 891 541 681 404 521 288 615 389 399 272 405 271 948 566 572 344 509 288 912 553 249 180 558 323 373 218 890 530 897 536 514 317
303 20 6552 415 260 519 299 842 502 924 557 496 276 476 282 438 264 639 401 932 556 852 503 852 505 670 389 230 169 833 509 699 429 536 306 834 497 854 521 494 304 569 325
304 20 6017 507 322 605 359 32 7 28 42 792 479 967 579 422 279 803 492 310 193 682 393 847 510 935 560 845 511 987 592 36 17 543 320 898 535 138 126 992 595 665 416
305 20 6398 562 345 401 215 577 335 721 437 752 461 846 513 537 347 888 534 151 58 759 444 963 577 889 537 832 494 365 209 338 222 826 500 788 465 993 597 161 65 447 259
306 20 6145 927 552 840 509 762 459 801 480 643 373 462 275 883 533 858 520 389 226 725 423 592 334 164 82 265 148 595 366 451 291 796 490 471 306 352 226 417 246 897 535
307 20 6616 288 136 937 562 877 521 84 47 932 557 768 472 456 269 530 345 998 599 811 485 486 280 965 580 845 505 619 384 443 299 516 334 915 549 266 128 610 371 887 537
308 20 5888 501 308 885 528 22 71 901 543 800 488 336 189 940 564 504 289 339 237 764 445 386 205 761 456 20 48 499 271 508 318 924 554 935 560 586 332 179 66 987 592
309 20 5864 994 597 425 240 597 380 168 122 790 475 693 423 750 458 370 220 574 349 627 373 910 547 234 119 386 203 675 395 258 113 972 584 819 500 696 400 77 21 713 441
310 20 6508 703 419 998 599 845 508 382 213 462 265 665 402 687 400 379 241 855 515 619 356 400 210 710 441 814 494 858 522 857 508 880 524 523 322 273 167 354 236 752 452
311 20 7115 600 355 304 177 912 553 809 494 639 399 657 407 602 354 348 246 969 583 992 596 771 464 816 483 607 345 749 443 868 514 859 523 755 453 667 381 793 479 514 324
312 20 6316 395 203 826 501 682 421 695 434 611 347 644 371 853 513 622 353 976 586 688 429 882 533 239 109 175 56 695 423 456 280 629 364 410 275 925 554 511 311 719 419
313 20 6901 930 557 302 201 710 441 633 360 864 521 632 390 873 518 883 532 718 440 690 420 828 506 774 474 859 507 708 416 621 377 556 335 363 236 520 325 836 508 503 273
314 20 6465 631 375 582 357 884 532 815 478 751 445 780 463 354 220 724 428 700 427 536 310 777 453 870 527 630 396 407 247 243 182 745 444 350 235 949 568 488 276 715 430
315 20 6128 462 260 820 484 560 360 691 422 875 525 824 501 411 242 955 573 877 520 332 166 863 515 661 379 475 314 693 411 303 201 372 216 370 246 979 589 30 51 704 410
316 20 7053 940 561 855 505 699 404 485 301 159 78 635 379 965 579 668 421 666 381 880 536 900 536 961 579 722 424 341 218 397 256 851 507 797 476 927 560 354 221 905 548
317 20 6324 750 443 346 227 542 300 359 193 828 500 945 566 904 540 391 262 326 232 742 451 206 135 956 574 888 539 43 13 657 409 845 500 757 460 838 508 385 242 941 564
318 20 6663 570 349 562 327 351 182 949 570 438 265 470 301 917 550 889 528 983 591 888 539 479 258 521 315 210 115 924 554 635 383 792 478 549 345 858 512 984 591 358 184
319 20 6363 722 417 647 378 244 157 876 526 556 337 658 377 793 483 828 491 870 518 351 218 145 92 251 195 985 592 628 358 339 192 894 537 808 490 791 465 770 471 571 339
320 20 6280 404 237 560 312 944 566 469 302 596 382 502 278 789 466 335 204 696 405 439 242 786 479 345 186 917 554 960 574 638 381 613 376 391 206 316 193 951 571 910 549
321 20 6641 628 393 875 520 918 547 448 278 688 396 472 298 989 595 916 545 552 336 736 433 280 184 886 537 515 317 591 378 776 465 683 396 471 308 498 308 519 334 842 503
322 20 6419 464 281 780 480 896 542 398 232 574 330 355 207 264 179 921 554 222 121 809 484 815 493 508 327 999 600 979 588 535 317 695 404 295 159 914 544 717 423 698 415
323 20 6828 949 572 584 362 926 553 940 565 610 352 622 379 246 127 679 395 916 545 689 403 453 289 303 222 840 504 586 355 694 417 825 496 849 513 447 266 564 348 934 563
324 20 6283 638 404 461 253 849 505 644 404 922 557 780 481 715 434 63 70 743 457 202 117 714 414 576 327 737 435 983 590 391 245 208 170 704 416 751 459 591 360 894 538
325 20 6250 992 595 628 396 353 229 716 432 353 173 810 492 212 161 414 242 852 515 613 375 583 347 517 310 783 458 724 442 609 362 490 319 562 351 889 533 858 512 543 342
326 20 6470 851 505 550 310 886 537 664 405 883 525 900 542 803 492 379 214 191 135 882 528 580 331 475 311 557 350 399 265 110 67 963 578 839 497 941 564 621 352 466 298
327 20 6851 990 594 855 519 913 543 141 118 546 313 656 375 968 583 748 457 658 378 712 419 639 379 942 562 211 131 863 514 731 424 455 274 455 284 963 580 597 335 659 399
328 20 6777 731 429 991 596 808 489 637 369 849 510 725 447 527 334 834 507 811 484 554 311 886 534 954 572 705 437 504 291 678 415 583 328 581 366 593 351 192 133 412 265
329 20 6192 751 437 406 229 154 44 834 502 969 583 402 273 651 389 912 550 818 495 158 78 93 4 544 312 917 547 972 583 990 594 394 263 280 177 617 384 551 308 972 584
330 20 6337 476 269 587 343 161 124 841 500 653 383 407 233 585 332 931 561 624 354 475 270 728 431 985 592 189 153 800 471 468 274 936 563 479 292 911 549 981 589 458 304
331 20 7284 785 482 687 395 701 432 869 527 694 415 917 546 966 582 762 459 724 440 959 575 849 505 437 237 810 478 422 271 757 458 564 321 761 455 170 126 978 586 756 467
332 20 7151 819 490 504 287 713 421 226 104 983 589 632 366 760 445 855 508 133 71 401 244 960 578 766 455 997 599 832 497 909 544 551 336 914 552 639 363 952 570 757 448
333 20 6790 395 234 178 138 870 524 781 473 921 548 783 466 486 293 847 517 803 473 977 585 380 244 927 554 631 366 164 96 987 593 499 272 814 499 936 560 813 484 388 222
334 20 6736 703 410 75 53 217 137 427 260 813 496 309 145 803 474 957 572 706 417 996 598 766 459 858 512 892 540 753 461 926 552 899 534 425 231 446 260 975 585 526 303
335 20 6219 733 453 368 241 672 401 664 384 294 140 615 362 751 452 705 422 885 533 734 444 690 409 788 469 900 544 554 318 340 229 462 289 300 194 901 547 122 86 960 575
336 20 7099 946 565 473 259 339 185 306 145 642 376 596 366 782 471 877 520 337 190 1000 600 949 569 857 516 865 527 556 321 706 415 437 237 701 420 894 536 959 577 977 585
337 20 5065 815 500 771 458 77 24 107 86 654 388 939 561 495 277 80 87 256 125 418 268 590 361 590 339 502 322 738 431 156 84 520 341 301 195 605 375 801 478 715 430
338 20 7008 989 594 536 333 971 581 914 549 988 592 991 595 264 185 567 344 116 67 70 20 772 466 759 451 889 529 632 378 601 382 689 404 819 495 950 572 623 370 877 531
339 20 6505 977 587 930 558 218 96 177 63 678 408 658 398 331 194 226 112 990 595 610 368 809 482 343 180 979 589 958 575 945 566 401 266 597 344 960 576 371 204 853 504
340 20 6389 971 583 514 305 730 452 12 66 954 570 879 535 892 532 308 221 415 246 619 389 802 478 336 165 488 280 612 354 711 426 320 188 899 539 979 589 540 326 798 479
341 20 6302 432 281 903 545 885 533 445 259 888 538 686 396 564 320 968 583 252 158 974 584 551 322 993 596 865 527 235 136 332 220 646 388 60 48 442 264 535 298 948 568
342 20 6515 304 205 961 577 889 537 942 564 752 458 906 540 813 496 789 462 519 327 420 244 987 593 366 208 301 167 521 284 864 513 497 299 830 506 540 344 215 109 615 389
343 20 6142 240 152 989 594 971 583 526 335 468 310 815 492 529 309 731 429 596 369 547 305 174 74 536 329 599 355 859 508 908 541 274 187 461 275 874 522 755 446 432 248
344 20 5853 939 565 814 496 389 212 750 446 594 348 454 271 741 452 813 489 305 157 957 574 740 449 681 412 920 554 207 138 346 229 447 258 144 111 291 142 902 537 272 189
345 20 5980 454 296 732 443 693 412 457 301 945 568 55 39 924 553 97 86 92 97 463 269 845 512 847 513 571 354 517 288 749 448 408 213 660 397 650 407 994 597 807 483
346 20 6604 368 220 924 554 787 478 217 127 591 348 367 248 806 473 613 360 581 327 436 268 853 509 754 465 838 503 964 579 880 531 883 530 725 432 401 237 676 395 545 336
347 20 5741 212 169 509 318 938 564 788 475 122 27 610 372 846 511 484 298 194 136 752 449 885 535 249 151 856 516 652 403 187 160 659 408 461 308 917 548 920 555 242 143
348 20 6740 521 315 910 547 833 491 809 482 832 499 920 550 384 213 276 175 280 132 896 536 529 345 648 388 331 162 653 398 959 574 924 550 482 306 854 508 497 321 942 563
349 20 6566 866 521 835 495 857 510 571 333 504 321 235 181 770 476 742 451 457 285 694 420 929 559 781 471 993 596 401 248 382 262 261 192 706 411 870 524 752 449 526 316
350 20 6811 960 576 364 200 844 500 607 365 965 579 215 163 671 396 765 458 750 439 418 278 828 503 584 358 919 553 478 263 893 540 61 79 914 551 972 582 753 444 661 401
351 20 6802 880 535 522 333 655 404 474 256 657 402 932 556 996 597 711 418 692 418 547 318 864 525 963 580 292 179 757 455 137 91 812 496 593 335 162 144 996 598 963 578
352 20 6900 831 502 753 448 849 514 757 457 609 349 454 288 974 584 850 503 327 217 744 444 878 528 645 399 28 12 714 433 779 476 835 498 845 505 919 551 544 316 466 269
353 20 5521 905 541 729 432 193 128 277 188 290 199 334 215 571 337 546 320 560 346 707 407 953 571 341 203 364 255 862 526 170 128 256 169 936 559 786 475 753 442 509 305
354 20 6296 169 144 495 298 760 449 551 322 446 274 753 461 910 542 820 488 46 18 664 405 577 357 888 533 751 441 799 468 989 594 728 430 271 201 957 574 171 61 847 508
355 20 5727 779 469 256 151 659 396 404 216 755 439 795 466 409 277 791 464 995 597 536 335 221 149 894 532 643 400 376 195 227 111 669 405 658 410 370 208 740 438 278 205
356 20 6443 273 154 496 311 689 406 985 591 711 420 541 321 454 268 490 310 400 251 349 209 618 357 958 575 295 160 457 304 925 551 935 563 853 503 762 444 997 598 699 407
357 20 5613 639 393 254 146 792 484 639 391 502 320 981 589 619 352 626 378 545 305 291 181 691 433 996 598 240 160 619 376 829 502 986 592 291 188 77 54 253 157 357 238
358 20 6561 825 500 944 564 976 585 185 153 373 190 325 196 298 165 818 488 897 544 277 162 830 490 879 529 836 511 627 360 957 574 544 299 352 235 705 439 628 372 846 513
359 20 7390 834 500 409 232 505 309 668 393 937 559 998 599 204 90 934 563 975 584 775 456 713 443 964 578 812 491 590 335 500 308 977 586 712 436 681 420 609 363 983 590
360 20 7305 886 530 823 483 694 400 333 171 876 533 562 349 977 587 892 537 854 511 900 540 949 570 810 480 517 284 862 520 569 355 641 377 633 397 469 276 762 469 602 354
361 20 6682 707 411 774 460 725 425 620 356 892 536 874 528 923 558 737 455 434 284 206 159 965 581 466 309 662 383 749 455 502 328 639 364 706 425 660 416 598 354 526 331
362 20 5862 837 507 668 413 390 246 394 255 737 451 388 265 112 43 586 371 950 570 675 390 710 442 346 217 757 455 790 462 260 158 537 328 899 545 564 360 381 259 744 454
363 20 6866 269 199 449 274 602 372 945 568 602 367 879 532 752 448 553 318 574 344 786 477 919 547 985 591 787 477 930 557 558 331 538 327 840 495 874 531 724 440 167 106
364 20 6240 931 557 330 204 877 523 476 292 792 464 388 213 660 395 614 370 128 81 938 561 750 464 978 587 899 545 356 220 456 261 239 164 966 580 868 515 150 97 685 402
365 20 6568 207 167 770 459 652 409 671 416 832 493 875 518 175 91 685 429 700 438 349 210 857 523 862 519 542 316 959 577 469 283 915 544 419 237 846 515 398 222 953 572
366 20 5722 85 68 536 304 863 519 230 130 868 527 397 265 894 536 394 235 686 416 979 588 444 284 842 503 217 110 530 331 859 510 975 586 429 278 919 553 141 107 157 130
367 20 7426 607 346 962 578 532 305 395 237 523 300 940 567 927 554 888 533 747 459 908 544 610 377 726 450 754 459 864 525 609 371 958 576 964 579 849 511 803 472 287 202
368 20 6566 672 419 651 405 495 302 632 397 809 494 280 207 230 127 968 580 443 265 642 377 964 579 921 555 778 468 200 131 632 397 900 536 600 351 781 462 616 379 919 551
369 20 6700 579 348 957 572 783 463 882 527 757 447 440 242 896 537 735 428 858 519 548 306 624 366 533 324 761 455 804 477 906 547 190 133 553 348 806 492 357 244 432 254
370 20 6669 629 363 406 276 113 121 937 561 905 543 899 536 884 533 568 331 641 386 325 174 691 426 562 313 927 556 644 375 685 401 843 502 793 480 689 398 481 318 716 431
371 20 6782 892 534 811 495 749 460 791 483 172 138 362 187 983 590 802 476 922 554 547 353 509 316 884 533 676 404 892 539 522 330 887 533 422 286 872 526 425 240 444 256
372 20 6137 478 272 816 496 979 588 244 164 916 550 268 156 627 367 758 465 921 550 911 548 429 237 567 340 759 466 342 192 250 171 606 341 730 436 160 104 658 393 855 508
373 20 5843 474 306 498 304 953 572 455 252 534 332 651 387 931 558 977 587 503 316 178 113 624 370 572 348 914 548 703 416 27 67 454 245 36 61 817 480 522 341 864 514
374 20 5513 406 268 679 420 923 558 930 562 430 283 341 205 923 557 433 253 796 470 753 449 268 149 97 41 614 384 328 227 274 187 684 428 203 144 580 326 714 442 650 384
375 20 6655 860 519 577 360 999 599 688 410 236 150 754 461 814 489 424 270 821 488 658 387 696 407 661 406 480 273 932 563 506 331 858 508 184 95 836 494 830 505 496 278
376 20 5674 966 581 155 44 340 183 50 31 534 332 444 239 724 432 423 277 992 596 905 541 372 246 675 420 532 296 539 309 559 321 49 10 764 471 518 288 866 517 942 566
377 20 7666 930 555 557 322 903 538 945 569 979 587 916 553 813 494 757 450 948 570 694 404 996 598 657 378 468 270 765 455 471 298 765 461 648 403 714 436 429 255 977 587
378 20 6816 887 533 952 570 714 417 501 283 733 454 442 260 889 528 817 498 965 580 480 285 983 589 832 505 420 275 243 103 855 509 707 431 522 325 714 436 399 267 577 346
379 20 5815 959 576 604 354 305 189 492 303 557 325 781 462 589 371 611 361 577 348 607 362 295 216 242 113 771 463 850 503 954 571 555 318 746 434 513 328 198 109 425 246
380 20 6151 127 98 816 497 622 389 973 585 523 319 407 255 97 112 668 401 753 460 987 593 624 394 923 553 711 422 807 475 732 441 243 112 763 463 917 549 177 81 433 260
381 20 6237 963 577 908 551 686 406 733 428 349 219 278 190 867 514 467 249 55 89 534 332 849 505 990 594 942 564 211 163 428 230 270 188 344 170 896 543 907 545 798 469
382 20 5731 288 140 309 169 90 104 418 249 896 537 564 333 786 471 679 418 498 285 584 371 670 404 672 402 445 247 457 286 985 592 98 27 710 417 524 336 817 500 972 582
383 20 6216 363 195 478 283 548 333 681 412 107 66 385 257 769 460 920 549 563 312 617 347 937 562 362 213 744 440 763 471 780 468 878 525 663 381 867 515 702 424 305 146
384 20 5439 629 387 764 461 852 506 858 517 502 308 778 455 589 357 750 464 530 302 39 30 635 369 689 427 752 452 313 226 165 115 715 414 218 115 242 141 197 103 661 412
385 20 7481 920 550 724 418 926 555 600 348 298 166 655 380 363 251 861 509 933 557 825 498 900 538 991 595 993 596 713 414 873 520 526 300 963 579 452 246 834 506 613 365
386 20 7631 975 587 967 580 997 598 403 218 655 399 787 468 110 62 977 587 991 595 982 589 712 418 258 165 680 424 742 447 922 549 952 572 592 378 950 567 950 573 661 394
387 20 6441 750 435 877 520 958 575 427 245 634 396 880 528 123 75 521 338 305 159 547 346 503 283 961 577 530 294 904 547 707 412 538 345 390 212 618 351 779 459 931 561
388 20 7048 987 592 308 212 815 481 288 182 451 292 468 263 715 414 821 492 782 479 856 507 152 130 930 561 545 341 976 586 859 523 954 572 918 550 734 457 773 465 765 463
389 20 6378 906 540 870 527 656 394 804 487 854 506 844 498 158 65 547 326 604 366 842 505 304 162 525 326 950 569 903 547 438 277 516 319 338 180 961 575 552 338 184 76
390 20 7128 478 312 777 471 950 571 975 584 967 578 993 596 717 438 263 194 889 535 200 166 617 351 877 528 595 371 852 517 763 448 663 412 757 453 754 450 775 466 394 215
391 20 5624 882 535 720 437 861 510 531 295 468 253 131 99 301 188 127 108 777 459 786 471 796 486 405 263 618 373 873 519 99 104 473 267 557 341 277 199 613 384 954 574
392 20 5779 430 280 934 563 335 229 269 149 755 449 497 270 498 315 506 333 469 259 222 99 321 199 681 412 919 550 985 590 298 204 815 493 520 332 906 542 395 261 804 475
393 20 6595 730 436 239 165 587 377 850 505 837 494 931 560 955 575 620 377 593 374 351 192 826 504 583 330 532 331 566 357 781 466 939 567 1000 600 24 62 374 217 873 528
394 20 5692 729 438 994 597 603 371 331 202 747 462 635 378 205 143 807 479 309 213 258 138 935 562 439 294 785 480 383 219 365 228 842 503 720 429 327 231 416 262 554 330
395 20 6930 593 372 852 504 886 527 836 500 365 225 426 287 873 520 547 350 692 430 965 578 449 245 579 370 852 506 907 548 927 558 498 303 692 431 869 517 755 467 298 192
396 20 5915 894 532 838 500 405 276 725 427 744 442 588 370 578 360 412 234 717 422 552 318 699 404 543 325 554 323 299 188 448 237 500 318 499 292 584 368 685 401 566 323
397 20 5587 726 439 614 391 867 515 77 15 495 326 929 554 625 374 568 329 404 270 183 82 533 311 794 465 856 507 588 340 385 231 233 157 749 435 671 406 564 318 314 192
398 20 6580 600 343 577 358 605 381 552 318 391 267 650 373 554 311 357 205 855 511 818 495 553 343 870 516 725 430 630 359 888 535 647 389 615 384 614 385 807 480 852 516
399 20 6829 894 541 399 243 308 215 704 431 886 530 867 520 691 404 914 544 101 83 726 451 991 595 604 385 741 442 697 419 52 67 775 472 846 514 876 520 609 348 978 587
400 20 7099 598 359 806 474 945 570 873 531 851 504 842 505 421 284 968 581 900 541 776 463 993 596 319 197 344 219 317 154 732 451 583 358 239 119 818 486 929 557 944 568
