1 20 7500 144 53 834 496 586 357 566 318 731 438 610 362 543 342 936 560 978 588 829 495 741 456 854 521 956 574 862 523 951 571 962 578 744 435 768 456 740 458 666 393
2 20 8011 731 450 904 546 948 567 676 421 919 553 660 399 657 388 980 589 853 509 933 564 705 424 875 524 943 569 701 409 354 179 807 486 981 589 789 464 785 471 822 492
3 20 8401 801 486 990 594 500 310 994 596 945 568 817 480 976 585 599 349 1000 600 788 483 982 588 602 375 557 342 973 585 884 536 955 576 961 575 768 470 921 554 789 471
4 20 7932 826 504 798 485 798 488 932 563 711 424 867 526 779 478 787 465 790 472 955 574 979 588 751 458 967 581 863 524 576 327 617 356 452 285 925 552 768 448 724 435
5 20 8287 931 556 593 338 749 443 869 527 820 497 913 545 906 544 849 505 973 584 948 571 612 350 687 400 990 595 599 367 882 526 967 582 358 236 968 581 970 581 991 595
6 20 8216 991 596 944 568 768 462 979 588 525 315 976 586 595 338 747 457 933 557 966 579 839 500 972 584 978 587 390 256 942 568 457 277 756 451 857 519 983 590 834 508
7 20 8487 889 530 851 514 951 568 914 551 946 570 965 579 578 333 736 453 913 548 989 594 787 485 643 396 946 566 992 596 856 507 1000 600 780 456 401 251 919 555 919 552
8 20 8161 670 403 623 360 998 599 879 528 895 531 906 545 515 292 949 568 880 527 675 393 638 378 969 583 916 548 947 568 823 498 654 392 749 462 879 521 799 478 958 574
9 20 8569 812 478 938 564 813 478 877 531 961 575 960 577 913 548 952 569 868 514 849 516 879 531 940 563 918 552 840 498 884 527 726 438 809 483 675 408 886 527 638 383
10 20 7979 982 590 415 253 951 569 941 568 775 462 865 512 824 492 726 435 907 549 662 385 840 502 939 560 800 472 998 599 863 517 763 468 272 177 898 533 713 437 825 491
11 20 7996 971 584 826 491 865 512 964 576 904 543 741 430 637 400 843 510 989 594 961 578 869 528 780 457 625 373 713 436 550 333 863 522 880 522 799 489 538 348 674 386
12 20 7591 809 479 992 596 607 380 626 383 798 489 981 588 862 511 815 482 569 353 813 482 118 109 944 565 952 573 689 397 795 469 718 426 884 537 618 353 848 504 744 437
13 20 8304 877 526 953 571 996 598 918 551 811 495 378 201 793 478 855 507 919 550 714 434 996 598 888 536 896 533 844 510 821 501 818 491 888 534 888 531 717 444 638 375
14 20 8293 983 590 535 310 277 131 982 590 975 586 769 467 859 513 946 566 948 572 807 483 997 598 665 381 958 573 880 531 851 520 980 589 606 366 891 536 772 457 905 546
15 20 7980 736 430 902 544 502 292 838 510 618 379 902 540 729 448 943 567 883 528 677 423 802 493 918 548 629 388 858 509 994 597 801 472 971 582 960 575 483 298 815 492
16 20 8399 798 486 874 524 876 531 899 543 956 572 820 496 934 557 863 519 801 486 961 578 742 460 953 572 906 545 453 290 965 579 366 222 941 566 763 467 962 576 965 580
17 20 8253 242 137 977 587 857 510 790 467 935 558 941 568 824 497 620 381 947 570 996 598 930 561 837 494 884 535 954 570 786 478 969 581 932 563 663 382 696 427 726 432
18 20 8037 881 523 824 502 960 574 790 469 648 390 723 428 912 547 730 433 644 377 747 443 956 573 958 575 640 380 801 487 694 398 950 570 974 583 695 427 911 543 636 366
19 20 8208 792 488 829 488 777 466 985 591 939 562 1000 600 865 521 710 410 928 558 748 458 779 460 690 416 778 474 996 598 694 432 765 456 838 494 765 447 760 460 779 478
20 20 8213 984 592 680 407 808 496 798 484 873 529 967 582 635 379 676 420 893 531 982 589 937 564 597 366 944 565 767 465 951 568 827 496 738 454 899 536 852 507 618 368
21 20 8529 829 498 960 575 948 568 899 542 901 538 799 487 534 326 842 507 883 537 869 527 570 328 942 566 928 559 974 584 871 529 930 554 939 562 962 576 909 543 570 363
22 20 8667 714 436 749 458 846 503 953 569 882 536 900 544 934 559 941 567 635 367 836 501 966 580 998 599 772 471 997 599 817 490 894 541 904 545 881 529 919 554 796 472
23 20 8104 889 536 739 449 845 514 973 583 906 548 954 574 895 539 731 436 949 567 947 567 694 435 456 301 835 510 486 295 529 339 759 465 965 579 883 533 960 574 813 479
24 20 8414 911 545 917 552 555 339 787 477 843 505 768 472 870 522 840 504 771 452 903 537 855 514 622 376 887 539 952 569 743 434 947 567 939 562 821 483 965 579 933 557
25 20 8130 995 597 689 426 850 511 919 549 832 503 616 364 996 598 560 332 901 542 622 370 635 398 945 564 828 488 817 492 902 546 837 493 581 334 931 558 999 600 805 474
26 20 8015 676 413 546 319 704 414 984 590 754 461 971 583 278 139 919 551 921 548 943 563 987 593 792 487 926 552 331 172 957 575 888 537 782 478 878 527 845 514 948 570
27 20 7994 981 588 747 443 841 505 970 581 990 594 977 585 973 584 886 532 583 371 644 377 949 567 631 392 649 390 399 260 842 511 781 458 932 560 958 573 762 471 494 307
28 20 7790 799 485 945 565 489 264 515 321 797 469 521 296 986 592 949 571 977 587 433 285 975 586 854 507 732 426 619 374 665 392 858 521 707 421 889 536 912 549 958 577
29 20 8568 832 492 993 596 959 577 866 525 759 463 481 296 902 542 914 548 954 575 404 236 995 597 953 570 984 591 617 382 923 550 891 533 891 534 963 579 936 564 919 556
30 20 8058 892 533 758 465 487 263 661 416 958 573 703 415 978 587 950 573 993 595 695 399 909 542 967 580 852 508 707 440 541 301 970 583 835 511 820 482 717 423 723 447
31 20 8070 932 559 659 399 894 537 957 572 895 539 764 456 717 440 966 578 683 397 946 570 991 594 620 374 883 531 620 364 522 294 970 582 950 570 729 426 917 550 525 340
32 20 8415 995 597 857 516 627 356 470 258 999 600 749 451 868 515 929 561 970 583 799 471 801 481 731 448 979 587 960 576 881 528 686 410 891 538 775 463 968 579 896 533
33 20 8138 994 597 807 478 636 394 907 541 847 503 560 321 982 589 738 447 870 525 958 576 671 399 542 338 959 578 941 566 973 583 688 400 965 578 769 465 941 567 529 331
34 20 7878 922 555 887 534 927 553 919 556 946 571 835 500 557 309 594 361 986 592 896 537 540 342 645 400 686 399 926 553 928 558 817 480 428 245 740 456 786 470 792 467
35 20 7725 419 257 854 505 871 525 670 386 733 450 949 569 891 531 894 531 874 525 912 544 751 448 933 563 638 401 919 549 674 402 182 128 571 349 764 468 962 576 990 594
36 20 8573 961 575 661 384 802 470 647 367 879 524 1000 600 916 551 710 424 665 414 929 556 993 596 641 402 832 490 959 573 853 504 940 562 941 565 976 586 862 519 980 589
37 20 8330 819 502 898 544 748 454 526 344 942 569 785 482 897 537 967 581 755 467 701 408 900 541 844 502 967 582 873 518 961 577 780 479 844 500 883 530 574 341 996 598
38 20 7493 932 559 652 375 720 435 800 479 801 474 275 128 789 461 980 587 689 414 278 160 527 336 756 465 880 523 925 556 450 245 984 592 670 407 956 571 994 596 928 559
39 20 8658 919 555 819 492 871 521 715 446 960 576 954 574 1000 600 944 569 774 477 969 581 568 338 890 538 788 462 900 544 898 540 850 515 982 590 966 578 745 449 804 492
40 20 8236 810 478 934 563 629 365 790 467 913 544 906 545 608 387 728 439 714 420 745 435 946 565 844 513 905 541 773 472 923 556 850 514 984 590 622 352 891 528 958 573
41 20 7951 940 564 716 425 766 470 939 567 989 594 851 502 547 352 886 536 946 568 990 595 591 354 899 542 884 527 615 386 815 479 668 383 752 444 998 599 411 234 699 415
42 20 7810 958 575 893 537 537 335 861 516 760 463 652 380 975 584 976 586 663 401 749 443 805 495 497 273 928 557 462 252 601 342 902 537 774 464 903 546 904 540 820 498
43 20 8057 934 563 777 476 701 416 768 464 817 490 813 489 802 490 908 547 919 555 918 547 673 404 468 301 933 561 648 374 924 551 931 557 798 483 991 595 555 335 836 508
44 20 7573 440 272 728 425 761 449 816 496 918 547 704 419 844 513 644 406 751 442 377 243 931 560 960 575 694 431 920 551 601 342 982 589 987 592 540 346 904 545 644 385
45 20 8007 688 432 858 518 987 593 883 535 626 367 780 470 931 562 801 478 866 524 476 276 648 399 928 557 814 478 761 455 834 503 923 555 671 392 821 494 941 564 777 470
46 20 7653 916 550 667 388 941 568 941 563 826 506 984 591 953 571 809 480 827 491 656 400 706 430 737 450 883 536 857 510 958 577 100 96 444 298 801 478 796 478 505 331
47 20 8217 765 467 968 582 966 579 556 322 903 537 931 560 610 389 863 524 818 500 729 445 800 475 933 557 944 568 970 582 977 586 702 407 830 493 553 355 678 389 939 561
48 20 7790 586 347 538 305 653 411 826 499 296 196 933 556 687 415 458 302 986 593 897 533 984 589 684 401 463 273 891 537 971 582 979 587 981 589 990 595 803 478 975 585
49 20 7849 738 447 958 576 995 597 900 544 312 216 874 529 907 541 856 510 616 366 916 550 633 393 692 427 829 493 748 447 809 489 909 543 805 484 817 491 867 521 518 320
50 20 8323 793 467 989 593 645 400 578 372 912 550 728 441 986 592 904 537 673 395 431 277 955 572 641 380 932 562 995 597 965 580 832 503 874 521 983 589 974 586 857 522
51 20 8054 492 274 779 455 996 597 754 442 963 578 870 516 617 384 685 415 881 534 840 497 901 538 718 423 899 544 732 447 945 566 957 577 879 525 626 387 665 408 909 544
52 20 8241 643 395 936 559 971 584 924 556 750 437 689 432 976 586 818 499 761 460 955 575 961 578 765 466 747 439 856 512 965 578 860 515 642 402 525 328 957 575 781 469
53 20 8111 800 470 763 470 721 447 989 594 550 348 937 562 802 471 772 468 993 596 753 446 834 500 587 343 826 502 840 513 938 563 893 531 508 323 840 510 985 591 892 537
54 20 7491 927 554 720 418 995 597 647 404 764 469 685 402 746 437 779 477 390 203 732 455 866 524 609 343 442 277 912 553 808 485 782 469 971 583 610 351 871 519 727 444
55 20 8137 884 533 935 561 852 512 974 585 821 489 482 290 950 572 984 591 975 584 707 415 196 112 816 496 954 575 539 317 638 383 994 596 925 555 933 564 975 585 741 443
56 20 8447 959 578 828 503 978 586 947 566 942 562 952 572 875 523 981 588 804 485 977 586 868 515 880 523 712 444 971 584 697 401 667 413 852 512 770 467 655 386 580 339
57 20 8189 870 528 646 392 841 511 967 578 818 497 902 537 604 339 834 506 731 434 986 592 900 544 975 585 721 449 878 525 926 555 970 580 812 489 212 137 920 552 866 519
58 20 8003 485 319 896 532 676 400 720 433 434 277 674 400 676 417 786 472 884 531 939 563 979 587 783 461 678 423 843 497 966 579 755 460 964 578 977 587 898 540 993 596
59 20 8159 748 460 834 492 979 587 830 489 828 499 869 522 665 413 972 583 676 394 983 589 725 440 539 344 888 528 934 562 962 576 998 599 910 546 763 463 670 383 546 334
60 20 8347 892 540 706 417 892 532 876 528 806 490 936 562 541 344 891 531 587 362 931 561 986 592 801 492 952 572 801 478 827 503 932 560 945 565 768 450 982 590 642 383
61 20 8183 881 530 560 352 873 524 856 506 986 593 823 489 990 594 591 375 944 570 996 598 733 456 700 419 708 417 835 504 602 361 958 577 803 481 762 448 932 557 834 499
62 20 8490 880 522 412 227 919 553 594 358 941 565 885 532 805 490 994 597 955 574 851 510 761 463 797 471 977 585 905 538 934 561 817 481 972 583 650 383 971 582 961 575
63 20 7718 347 171 814 483 529 309 730 449 361 215 762 457 977 586 997 598 950 570 862 509 822 500 977 588 367 230 892 537 795 467 925 554 686 411 998 599 862 525 784 479
64 20 7572 763 457 739 454 953 570 570 324 999 600 468 307 897 536 944 565 881 522 366 195 485 284 966 581 715 435 689 403 544 329 778 457 991 595 813 484 618 354 966 578
65 20 8104 810 497 891 538 987 593 595 352 845 505 774 471 985 591 942 568 849 502 610 367 959 574 826 504 901 544 928 553 599 345 842 504 963 577 952 572 279 186 671 389
66 20 7203 368 212 806 488 861 517 857 516 877 519 616 381 1000 600 166 147 942 565 997 599 598 381 993 596 619 377 412 217 780 471 702 429 438 263 795 480 891 536 688 408
67 20 8388 929 554 835 503 858 522 695 424 841 513 780 457 675 396 971 583 744 444 933 561 987 593 937 566 993 596 571 333 793 475 958 576 496 319 836 494 946 566 998 599
68 20 8178 482 284 842 503 841 513 843 515 798 478 982 589 789 477 968 583 676 423 731 445 960 576 991 594 936 559 734 451 534 303 855 520 888 533 733 426 935 562 839 503
69 20 7896 962 579 587 350 702 409 706 418 982 590 960 577 870 515 666 408 705 409 739 440 724 441 833 504 674 393 739 440 922 556 818 492 981 588 500 319 909 545 814 481
70 20 7718 953 575 946 566 952 572 510 335 837 505 956 573 436 268 462 282 956 574 926 558 674 407 799 478 700 418 893 535 717 418 328 193 969 580 818 493 806 489 799 474
71 20 8383 775 476 941 562 872 523 811 493 791 468 938 564 473 314 914 550 903 543 940 565 650 384 772 458 886 534 939 563 978 587 849 507 816 482 871 521 908 547 740 439
72 20 8452 853 504 774 472 931 556 995 597 994 597 941 562 660 409 784 465 795 479 1000 600 996 597 929 554 806 479 994 597 403 209 698 420 891 528 974 584 751 461 736 450
73 20 7506 981 588 284 141 960 577 738 446 625 371 945 566 550 341 941 567 480 285 828 496 568 349 519 298 972 583 986 592 822 494 712 418 572 323 704 425 851 503 975 584
74 20 7277 570 345 702 439 929 556 917 551 799 469 407 267 771 470 748 451 894 536 612 385 1000 600 660 416 881 531 625 361 976 586 384 241 873 521 407 263 535 328 865 525
75 20 8357 868 522 946 570 718 447 846 501 999 599 399 218 971 584 923 559 974 586 996 598 769 475 750 446 670 393 792 481 572 346 873 527 911 541 901 537 928 558 908 541
76 20 8310 947 566 707 426 760 468 994 597 473 265 762 467 975 586 876 531 961 578 923 554 626 369 640 392 872 526 994 597 809 494 754 439 825 505 968 583 892 534 863 525
77 20 8126 828 497 900 535 824 492 549 355 745 439 796 473 955 575 819 495 980 589 991 595 585 359 910 546 936 565 734 441 409 218 943 567 680 390 977 586 739 451 952 569
78 20 8370 829 498 810 482 727 447 798 475 925 551 771 456 939 563 936 561 896 544 743 437 900 538 828 503 376 229 991 595 946 570 992 595 665 395 769 456 963 580 936 561
79 20 7862 949 571 851 515 537 296 963 579 897 533 796 478 526 292 655 378 943 569 982 589 317 226 540 317 782 467 827 499 852 505 852 512 992 595 934 562 536 328 993 596
80 20 8168 900 534 958 574 854 514 806 478 511 330 736 428 836 505 729 437 398 260 970 583 894 535 877 534 907 543 543 342 999 600 994 596 991 595 607 369 830 506 996 598
81 20 8242 862 519 810 482 822 488 846 502 763 445 644 372 860 511 963 578 714 446 960 577 810 482 973 585 862 519 625 392 805 486 863 525 977 587 570 332 839 507 916 553
82 20 8220 993 596 649 371 893 540 751 456 709 413 954 573 561 351 910 545 557 325 957 575 957 576 979 589 999 599 540 342 994 596 864 513 799 475 658 406 832 503 884 537
83 20 7010 752 455 509 280 878 533 875 532 886 535 714 428 410 244 847 507 701 415 603 374 533 316 679 410 493 282 619 393 673 406 894 543 804 491 902 540 589 372 660 403
84 20 8725 980 588 845 504 802 485 883 530 947 565 829 502 758 452 877 533 956 572 842 511 962 576 893 537 960 577 914 545 979 587 665 400 840 503 749 464 934 562 836 509
85 20 8777 941 568 871 524 843 512 871 527 984 592 897 541 731 455 712 434 963 579 912 546 716 424 996 597 925 552 786 472 794 479 932 559 975 584 751 445 961 577 994 597
86 20 8212 369 236 911 547 855 513 831 503 868 528 497 304 820 500 791 463 976 586 991 595 910 545 929 559 847 518 814 483 896 535 777 464 856 511 602 339 986 592 898 541
87 20 8081 883 537 790 476 479 263 983 590 977 586 763 468 754 440 903 544 994 597 495 294 984 590 739 457 777 475 940 566 886 527 393 263 906 545 693 431 972 583 852 510
88 20 8051 564 320 719 447 715 441 713 444 856 522 906 547 952 571 925 558 869 521 647 369 704 426 924 552 733 453 652 378 948 566 972 585 852 506 657 391 846 500 948 568
89 20 8456 667 411 842 505 871 525 659 376 919 547 901 546 548 321 676 416 996 598 928 561 787 474 964 578 964 578 985 590 875 530 983 591 856 517 840 513 925 555 727 444
90 20 7910 466 310 807 475 955 573 645 377 894 534 830 496 938 561 613 377 982 589 834 495 936 562 816 498 827 499 540 316 909 548 974 584 752 444 626 365 541 319 935 559
91 20 8079 811 481 623 389 903 539 852 519 961 578 896 531 974 583 763 448 911 547 786 463 626 374 692 403 642 390 601 356 944 566 797 480 895 537 753 453 803 475 925 554
92 20 8077 983 591 914 546 684 394 964 578 955 572 709 408 864 510 864 512 964 578 796 482 859 509 548 308 795 488 665 403 734 432 720 437 551 341 918 548 667 381 1000 600
93 20 7948 794 481 995 597 645 387 631 363 998 599 879 534 819 499 911 549 533 330 750 436 830 501 943 566 636 399 763 460 935 558 871 525 888 537 845 503 475 310 755 455
94 20 8203 955 573 312 164 675 423 990 594 956 573 923 555 847 506 893 531 927 559 728 451 891 538 874 532 769 455 823 498 780 468 882 533 763 446 648 401 881 523 890 536
95 20 7963 692 434 969 582 649 409 709 408 980 588 935 560 621 358 790 480 718 436 728 422 843 502 614 367 935 559 688 431 816 500 784 467 948 568 976 586 798 486 733 452
96 20 7819 943 563 569 357 896 537 241 134 963 576 548 314 819 499 649 386 779 463 938 563 798 472 389 264 981 590 972 585 943 569 630 382 898 538 796 475 912 547 975 585
97 20 7960 907 544 564 327 764 470 796 468 861 519 783 477 969 580 824 496 875 523 835 509 943 566 939 563 530 329 915 553 744 439 744 439 641 398 876 520 571 367 839 499
98 20 8351 908 541 964 577 622 354 885 530 782 468 778 460 975 586 951 568 936 562 962 576 930 557 908 544 877 519 775 452 782 472 944 564 809 486 983 591 791 466 141 68
99 20 8096 970 580 869 514 956 576 826 499 624 383 675 420 892 536 792 471 899 540 879 521 824 486 922 550 881 524 505 274 462 283 684 404 783 460 904 538 890 534 955 572
100 20 8573 938 563 973 584 725 422 659 380 943 568 756 466 744 437 898 537 820 491 937 561 797 468 818 498 937 562 828 488 785 480 932 555 967 581 763 444 962 577 964 578
101 20 8070 563 335 954 572 921 550 848 511 855 513 1000 600 538 343 921 556 872 526 940 566 735 430 986 593 423 236 578 363 896 540 903 547 914 550 777 474 814 488 702 417
102 20 7857 807 492 378 218 633 398 777 478 657 409 899 537 997 599 807 482 609 365 654 386 863 522 718 441 928 558 985 591 925 559 645 373 606 362 937 561 968 581 922 552
103 20 7861 845 502 980 587 974 584 803 477 934 562 939 564 690 418 934 562 420 274 803 480 743 448 691 411 838 505 974 586 771 464 921 557 506 323 827 500 585 336 545 307
104 20 8056 990 594 685 397 672 418 987 593 836 504 750 455 974 586 859 518 822 503 734 431 667 391 908 548 979 587 548 306 903 540 796 485 440 288 851 515 768 447 943 566
105 20 8189 660 410 992 596 669 410 634 392 679 397 925 557 979 588 806 494 812 494 770 462 912 548 785 462 883 536 696 431 923 558 967 580 902 539 973 583 640 389 771 454
106 20 8256 854 521 439 236 849 512 770 463 674 391 914 550 939 564 991 595 947 571 894 532 775 452 969 582 640 401 899 544 775 456 777 463 962 578 793 482 689 420 962 576
107 20 7640 557 321 930 562 910 551 846 509 652 412 800 473 893 531 918 547 610 383 762 457 447 276 953 573 848 514 752 464 703 419 710 419 787 467 898 536 666 386 639 374
108 20 7837 805 493 994 597 557 330 645 384 778 480 872 527 968 583 870 521 920 552 943 567 871 520 848 516 507 282 731 430 971 584 718 440 977 585 770 455 736 442 193 91
109 20 7889 804 486 637 377 791 478 957 576 892 535 985 591 593 360 793 473 559 330 490 312 985 592 766 466 911 551 977 587 527 309 739 440 761 456 761 462 857 516 994 597
110 20 7986 700 406 930 556 988 593 758 461 902 536 870 528 964 578 404 262 675 414 992 595 572 327 997 598 557 318 960 574 847 511 609 377 702 418 971 585 702 406 872 523
111 20 7866 896 537 810 489 897 538 773 465 743 444 931 562 583 340 848 515 664 409 722 421 929 554 394 259 784 481 589 343 955 575 809 475 876 530 954 571 791 469 785 482
112 20 7815 670 386 936 559 880 522 651 389 388 268 951 571 946 567 805 489 734 438 566 341 899 538 915 545 828 490 718 444 721 449 944 566 817 492 596 352 862 519 803 478
113 20 8228 908 544 707 421 707 436 878 531 996 598 950 571 865 513 784 472 874 521 968 583 568 330 909 545 974 583 728 430 443 253 946 570 939 561 660 414 657 383 996 598
114 20 8345 835 493 971 582 976 587 962 578 593 357 814 478 925 554 882 528 932 556 989 594 698 419 985 590 662 417 879 525 723 419 999 599 568 352 970 581 550 324 777 465
115 20 8213 883 533 771 468 872 518 975 586 904 543 673 394 503 306 744 456 775 454 939 561 957 573 870 529 951 573 988 593 777 468 700 436 555 349 707 409 998 599 884 536
116 20 8535 995 597 938 566 471 301 459 254 947 569 914 550 966 579 768 472 982 590 789 476 851 511 984 590 712 436 596 381 894 536 985 591 997 599 980 588 870 525 973 585
117 20 8138 919 550 991 595 880 535 701 415 781 459 808 480 967 581 675 394 999 599 633 381 900 543 846 512 910 549 974 586 976 585 916 546 771 451 393 230 601 375 635 379
118 20 8135 925 556 933 560 894 540 993 595 991 595 899 534 934 564 483 282 726 426 999 599 563 320 842 514 545 316 991 595 946 565 375 197 424 228 999 599 911 550 897 537
119 20 7124 666 388 726 443 639 405 826 485 508 302 725 422 680 410 836 509 550 337 894 531 849 506 909 541 650 389 579 367 521 308 654 372 761 454 939 566 938 566 399 249
120 20 8499 934 560 771 470 532 299 934 564 908 542 746 460 567 324 826 500 915 548 973 584 753 451 889 535 934 559 951 572 752 465 996 598 962 576 701 418 980 587 975 584
121 20 8254 982 590 770 450 862 513 722 448 942 566 954 570 742 438 688 401 568 329 996 598 666 396 923 551 971 584 979 587 986 592 627 356 926 554 753 454 749 439 702 433
122 20 7359 625 372 785 477 776 474 570 333 232 103 970 584 595 340 818 497 875 529 662 383 620 394 966 578 988 594 517 308 978 587 959 576 674 389 418 280 840 506 850 511
123 20 8469 871 519 861 510 544 339 859 522 910 547 854 511 751 445 994 596 937 559 987 593 874 518 634 400 731 447 975 584 764 467 786 460 940 565 893 532 872 520 902 537
124 20 7730 552 314 911 546 823 495 857 514 687 422 555 333 811 496 663 417 784 465 923 557 913 546 988 593 345 210 977 585 779 470 826 496 931 557 942 566 567 322 627 394
125 20 8133 820 500 693 398 514 326 980 588 619 359 839 502 923 559 833 503 867 528 913 551 694 405 785 466 951 571 933 561 882 535 810 477 965 579 799 474 830 493 616 390
126 20 8288 813 489 723 428 981 589 813 478 645 375 947 571 777 468 782 478 870 524 933 564 630 392 765 462 852 519 973 585 993 596 967 582 915 547 851 504 768 458 579 365
127 20 8058 706 427 960 574 842 512 625 375 989 594 869 518 988 593 789 476 614 373 722 426 596 361 555 329 837 503 897 537 474 292 978 588 980 590 863 524 928 558 904 546
128 20 7886 931 555 949 567 771 460 891 532 918 553 911 551 670 404 371 204 536 311 625 353 763 468 965 577 535 349 981 589 763 458 987 592 992 596 911 552 809 483 493 289
129 20 8039 657 383 959 575 925 554 908 544 734 435 849 511 998 599 781 479 288 157 846 507 650 384 993 596 767 472 745 454 972 582 888 532 891 529 909 544 742 442 577 344
130 20 8464 914 547 969 582 787 474 957 572 865 521 940 565 924 553 526 294 985 591 985 592 754 438 814 493 671 383 845 504 751 456 856 510 816 483 751 461 917 553 901 538
131 20 8313 857 510 721 439 862 518 924 556 996 598 550 324 878 532 561 324 975 585 631 390 977 585 918 553 830 492 862 511 880 535 483 310 819 494 970 581 996 598 937 560
132 20 7232 615 367 628 382 898 537 778 479 632 367 915 550 829 495 389 240 765 467 714 444 812 495 527 341 452 301 940 562 510 316 606 357 885 537 726 423 942 567 902 540
133 20 8047 864 512 704 414 972 583 762 447 842 499 745 443 655 373 873 522 909 548 974 584 763 462 887 535 584 365 782 474 750 463 944 569 907 541 928 553 508 292 741 445
134 20 8511 540 307 841 498 901 537 889 529 912 544 502 290 989 594 817 486 771 468 896 539 898 537 987 592 926 554 964 577 764 469 903 538 910 551 943 567 684 392 985 592
135 20 8382 943 569 915 546 688 417 928 553 996 598 817 498 848 517 898 540 928 559 718 442 811 476 589 351 664 411 922 549 871 515 775 456 849 504 1000 600 980 587 625 371
136 20 8207 855 505 984 591 850 504 936 565 887 534 690 400 780 463 862 518 455 242 843 513 904 538 784 472 561 352 821 486 682 396 986 592 871 518 734 425 996 598 934 562
137 20 7920 1000 600 967 581 830 499 985 591 931 556 916 548 808 495 437 252 525 337 877 528 868 513 688 422 843 503 998 599 948 571 644 403 617 356 356 179 674 415 928 553
138 20 7681 701 404 736 452 833 496 485 279 900 545 884 531 948 568 836 505 736 437 863 511 575 354 960 576 723 428 509 290 727 424 680 419 588 356 898 543 838 499 943 567
139 20 8475 940 567 930 560 877 533 877 524 921 555 653 372 948 566 953 572 808 489 949 568 740 439 950 570 893 537 955 571 817 494 842 502 781 457 453 277 868 517 795 482
140 20 8596 809 480 815 498 783 471 842 512 785 462 930 561 938 566 904 544 922 551 941 562 977 588 734 426 694 410 794 471 852 520 808 483 962 580 803 489 998 599 902 546
141 20 8143 941 564 681 392 943 564 583 352 977 587 722 450 704 411 706 409 816 487 704 423 669 387 918 549 991 594 805 473 946 566 982 590 724 440 986 591 665 393 823 488
142 20 7578 749 447 581 351 986 591 833 509 904 547 920 556 916 547 400 230 464 251 639 390 848 502 931 562 534 335 894 542 831 506 626 384 903 541 562 339 783 459 853 520
143 20 7942 873 520 929 561 792 479 874 517 828 491 856 516 752 460 998 599 833 496 586 335 746 443 958 577 605 344 628 357 725 430 745 442 836 508 749 449 821 489 750 458
144 20 8174 968 580 982 590 909 549 988 593 988 593 938 566 990 594 454 265 752 440 671 419 622 353 824 498 986 591 799 488 749 453 729 445 844 506 695 413 872 523 588 337
145 20 8648 702 432 860 510 927 558 968 581 964 580 774 466 997 599 959 575 755 467 838 504 774 457 821 492 813 487 993 596 967 582 917 552 847 512 768 460 673 408 979 587
146 20 8129 689 395 879 533 934 561 991 595 775 462 922 549 764 462 959 577 806 494 959 576 928 560 879 520 690 396 781 482 996 598 582 340 947 566 269 152 729 443 780 459
147 20 6977 725 423 842 513 914 553 705 438 503 272 999 600 891 539 952 573 531 315 1000 600 371 227 559 353 951 572 894 542 450 276 412 243 913 549 177 106 958 573 207 108
148 20 8752 962 579 935 560 854 520 998 599 988 593 994 596 777 466 956 575 931 556 681 404 972 583 552 352 816 484 899 544 838 499 782 473 965 579 618 358 993 596 994 597
149 20 7910 575 337 936 559 718 419 914 553 884 534 970 583 519 336 289 190 933 564 794 472 815 492 892 537 895 535 820 496 894 538 965 580 633 387 916 551 542 303 917 553
150 20 8420 719 428 959 576 866 521 759 459 588 341 966 579 768 447 712 427 973 586 939 566 874 530 736 443 956 574 814 478 810 480 779 475 987 593 888 539 934 560 814 484
151 20 8173 810 484 760 461 903 545 678 418 973 583 891 541 681 404 399 272 886 534 948 566 912 553 841 503 890 530 897 536 842 502 639 401 932 556 852 503 628 393 984 590
152 20 7605 639 368 967 579 582 374 965 580 618 381 949 570 707 429 987 592 787 463 665 416 846 513 537 347 888 534 963 577 694 413 161 65 553 331 961 576 883 533 858 520
153 20 7890 725 423 374 231 595 366 864 523 897 535 956 572 797 487 762 445 932 557 768 472 998 599 965 580 845 505 887 537 939 562 766 469 800 488 504 289 926 554 481 260
154 20 8225 586 332 837 506 994 597 627 373 910 547 834 497 888 533 647 367 998 599 845 508 971 582 801 470 891 529 814 494 858 522 857 508 880 524 651 408 752 452 809 494
155 20 7527 970 582 868 514 859 523 391 223 682 421 944 569 853 513 688 429 882 533 672 407 456 280 925 554 511 311 930 557 633 360 828 506 774 474 859 507 708 416 621 377
156 20 7792 836 508 878 525 815 478 690 430 780 463 700 427 590 376 988 593 814 497 890 530 745 444 997 599 233 121 820 484 952 571 962 576 690 410 870 528 963 578 372 216
157 20 8094 979 589 704 410 445 291 636 367 911 548 900 536 961 579 722 424 825 498 945 566 864 524 872 529 949 568 685 397 849 516 845 500 757 460 838 508 562 327 940 564
158 20 7412 983 591 888 539 210 115 924 554 984 591 722 417 245 118 548 329 658 377 793 483 828 491 985 592 894 537 996 598 791 465 832 493 571 339 560 312 944 566 469 302
159 20 7921 957 575 696 405 439 242 786 479 960 574 638 381 910 549 875 520 989 595 736 433 515 317 981 589 732 439 842 503 921 554 815 493 979 588 425 276 914 544 733 444
160 20 8125 940 565 712 417 974 585 495 311 825 496 849 513 926 555 674 407 934 563 896 538 993 596 780 481 715 434 576 327 737 435 983 590 644 376 976 585 728 440 894 538
161 20 8138 853 505 909 546 893 532 786 474 900 542 803 492 323 174 651 408 851 505 839 497 941 564 873 530 990 594 855 519 913 543 824 493 384 203 951 572 968 583 769 469
162 20 8168 865 522 658 378 712 419 457 256 863 514 731 424 963 580 991 596 849 510 725 447 814 491 954 572 884 529 953 574 512 312 735 439 951 571 969 583 933 559 818 495
163 20 8004 685 396 803 493 917 547 972 583 990 594 394 263 551 308 972 584 835 495 873 526 577 368 624 354 475 270 728 431 985 592 902 545 936 563 981 589 940 561 869 527
164 20 8547 917 546 966 582 959 575 849 505 753 450 634 399 746 460 978 586 756 467 933 558 983 589 855 508 960 578 832 497 909 544 956 572 781 473 921 548 892 541 515 288
165 20 8085 969 584 847 517 721 437 936 560 813 484 744 432 594 379 488 279 996 598 766 459 858 512 926 552 899 534 425 231 733 453 769 462 992 596 975 584 900 544 819 489
166 20 8649 679 425 877 520 865 527 894 536 959 577 977 585 771 458 654 388 939 561 502 322 994 597 914 549 988 592 991 595 772 466 759 451 889 529 980 588 944 564 950 572
167 20 8659 834 502 779 470 977 587 930 558 990 595 544 342 809 482 755 459 979 589 958 575 945 566 852 513 822 488 971 583 991 594 892 532 927 554 488 280 976 587 899 539
168 20 8133 884 528 840 498 903 545 885 533 913 548 888 538 890 530 578 371 974 584 701 438 993 596 865 527 501 275 961 577 709 437 913 544 987 593 521 284 864 513 497 299
169 20 8006 864 513 734 428 971 583 831 496 959 573 685 411 908 541 939 565 814 496 795 484 750 446 305 157 572 360 991 595 863 515 736 441 848 511 926 551 790 465 732 443
170 20 8213 952 572 812 493 915 553 945 568 759 444 878 521 847 513 571 354 561 354 749 448 650 407 994 597 787 478 834 505 853 509 754 465 838 503 964 579 880 531 883 530
171 20 8108 923 554 829 491 938 562 788 475 846 511 848 503 885 535 974 585 856 516 775 457 995 597 659 408 461 308 917 548 920 555 521 315 910 547 833 491 809 482 529 345
172 20 8502 889 532 653 398 959 574 924 550 764 457 854 508 877 527 942 563 835 495 857 510 934 562 990 594 600 351 937 563 901 542 900 546 870 524 752 449 960 576 607 365
173 20 8555 855 519 919 553 914 551 972 582 753 444 661 401 522 333 996 597 757 458 996 597 711 418 871 524 963 580 918 550 884 530 996 598 963 578 876 533 831 502 753 448
174 20 8046 741 438 974 584 850 503 759 465 774 466 752 459 951 572 612 365 919 551 748 440 795 473 684 409 953 571 862 526 762 445 786 475 635 370 925 553 701 407 910 542
175 20 7779 764 447 893 530 664 405 706 424 888 533 737 439 799 468 989 594 763 453 845 501 847 508 820 483 946 568 536 335 662 387 906 543 829 488 937 565 658 410 370 208
176 20 8312 553 321 771 473 782 479 764 455 853 503 944 568 997 598 639 393 981 589 619 352 551 312 996 598 998 599 1000 600 805 494 829 502 986 592 683 393 929 553 944 564
177 20 7949 185 153 737 438 879 529 975 585 627 360 957 574 880 522 375 210 937 559 998 599 975 584 964 578 613 359 977 586 751 445 983 590 463 266 876 533 892 537 854 511
178 20 8099 829 498 862 520 569 355 744 458 966 579 892 536 874 528 923 558 887 527 851 505 871 526 965 581 954 575 502 328 639 364 706 425 660 416 796 474 767 455 941 562
179 20 8444 837 499 986 591 619 380 757 455 790 462 655 388 899 535 902 541 926 552 945 568 919 547 985 591 840 495 874 531 939 565 557 357 925 555 877 523 996 598 660 395
180 20 8915 694 432 950 568 900 539 978 587 911 543 950 569 923 552 918 548 875 518 989 594 959 577 914 552 927 555 883 537 953 572 569 340 597 336 979 588 986 592 975 586
181 20 8325 919 553 717 414 855 515 889 537 927 554 936 560 734 439 920 555 754 459 864 525 609 371 958 576 964 579 568 329 927 559 881 526 941 562 809 494 943 564 535 304
182 20 8206 644 366 897 541 749 453 919 551 919 550 783 463 882 527 757 447 548 306 624 366 533 324 761 455 990 594 883 525 806 492 883 526 947 570 950 567 1000 600 937 561
183 20 8235 899 536 884 533 562 313 927 556 843 502 968 580 831 501 833 507 854 506 717 444 983 590 802 476 922 554 547 353 509 316 884 533 676 404 887 533 964 581 979 588
184 20 8184 916 550 987 592 921 550 911 548 878 522 841 513 651 387 728 439 558 340 914 548 343 169 933 563 817 480 978 586 838 496 679 420 923 558 930 562 869 514 753 449
185 20 8270 977 587 838 501 874 528 752 464 956 575 728 436 580 326 894 532 891 538 577 360 999 599 754 461 696 407 932 563 966 581 966 581 972 582 724 432 905 541 559 321
186 20 8422 993 595 764 471 942 566 664 407 903 538 945 569 979 587 916 553 996 598 657 378 468 270 765 455 741 454 714 436 952 570 936 562 839 513 889 528 817 498 965 580
187 20 8037 983 589 832 505 420 275 714 436 878 524 959 576 604 354 835 502 611 361 960 574 850 503 954 571 969 583 746 434 851 519 395 219 946 565 653 371 991 594 923 553
188 20 7551 807 475 778 474 963 577 908 551 867 514 990 594 428 230 791 469 773 472 896 543 907 545 819 488 482 287 455 272 679 418 990 594 910 548 543 347 672 402 445 247
189 20 7823 985 592 824 501 710 417 972 582 783 464 548 333 681 412 809 484 899 534 600 350 763 471 702 424 852 506 858 517 740 443 953 572 635 369 963 577 521 308 848 502
190 20 7788 661 412 897 534 652 386 611 382 900 538 975 587 512 293 997 598 403 218 655 399 787 468 991 595 982 589 672 385 980 588 928 559 742 447 922 549 717 424 592 378
191 20 7757 950 573 661 394 631 395 958 575 945 565 707 412 900 538 471 300 931 561 668 409 815 481 609 380 451 292 537 340 881 535 856 507 754 446 976 586 859 523 954 572
192 20 8282 993 596 892 540 499 302 940 561 985 592 684 426 625 353 904 544 921 557 967 578 993 596 717 438 908 545 889 535 984 591 617 351 734 426 775 466 882 535 655 385
193 20 8327 582 351 999 600 690 405 581 332 801 484 777 459 786 471 796 486 783 469 908 547 872 527 934 563 846 512 985 591 919 550 985 590 947 567 906 542 828 498 730 436
194 20 8334 992 595 449 298 899 540 860 524 955 575 939 567 1000 600 900 535 994 597 603 371 258 138 935 562 956 573 852 507 820 483 720 429 987 592 868 521 830 507 852 504
195 20 7394 836 500 873 520 899 544 692 430 965 578 852 506 907 548 715 431 894 532 838 500 959 574 270 152 769 475 629 367 543 346 485 316 646 398 514 309 918 554 584 368
196 20 7292 867 515 484 268 495 326 929 554 625 374 940 567 883 527 794 465 856 507 588 340 965 578 508 283 881 530 570 355 927 555 600 343 577 358 605 381 552 318 938 563
197 20 8170 705 421 980 588 948 572 630 359 888 535 647 389 807 480 852 516 867 520 691 404 715 444 991 595 970 583 846 514 562 329 873 531 851 504 842 505 900 541 776 463
198 20 8348 988 593 993 596 936 558 922 551 583 358 929 557 944 568 756 467 947 571 903 537 963 577 684 399 546 324 822 488 707 428 927 559 711 429 724 443 809 497 902 539
199 20 8700 962 577 862 511 741 431 997 598 708 433 822 491 939 562 907 547 727 434 862 518 978 587 644 384 969 582 905 543 891 533 963 577 816 494 820 498 964 577 924 550
200 20 8604 955 571 979 587 824 503 680 427 874 517 856 517 804 479 987 593 792 472 1000 600 863 522 793 481 1000 600 927 554 802 479 699 416 904 539 764 460 910 552 796 475
201 20 7689 576 367 893 536 787 463 978 588 929 560 802 491 753 442 804 472 774 472 416 263 738 457 702 435 815 484 416 248 963 578 998 599 668 419 948 572 713 428 706 408
202 20 7918 983 589 728 423 713 420 933 560 672 387 738 428 956 574 715 441 701 422 650 391 780 472 801 488 719 431 757 453 964 579 762 452 976 584 648 397 720 428 921 548
203 20 8051 330 163 869 523 839 506 977 587 829 496 503 274 949 572 829 496 993 596 964 577 996 598 440 278 755 453 842 497 916 548 937 562 792 476 562 319 901 539 879 521
204 20 7990 990 595 538 349 951 571 968 581 623 364 829 502 915 553 877 529 537 300 692 424 677 424 645 400 838 506 876 533 911 548 622 387 865 525 973 585 776 453 878 534
205 20 7799 986 592 644 390 952 571 821 499 974 583 972 583 511 279 984 590 920 548 940 561 241 163 455 256 795 468 351 223 976 587 946 571 499 307 890 529 807 492 935 559
206 20 7980 671 407 794 470 814 488 780 470 758 455 710 414 978 587 976 586 992 596 891 540 935 559 732 443 656 411 981 588 640 403 313 173 898 536 876 532 800 475 766 456
207 20 7738 779 466 741 440 783 478 991 595 569 322 711 426 824 492 871 518 945 564 760 443 418 245 598 381 922 551 696 427 692 399 823 483 917 547 893 531 994 597 550 322
208 20 8013 874 521 817 481 984 590 703 407 836 498 982 589 493 302 870 526 698 406 410 238 832 494 966 580 697 427 647 396 853 518 627 355 987 593 907 540 872 528 971 584
209 20 8650 985 591 987 592 848 507 590 368 707 436 786 472 686 405 801 474 872 525 606 367 955 572 935 562 819 485 980 588 985 592 920 552 998 599 988 592 991 595 862 523
210 20 7766 379 213 645 401 931 555 908 546 988 593 703 439 702 424 695 400 589 372 919 556 721 449 769 457 975 584 569 322 744 453 674 413 834 493 884 533 958 574 946 570
211 20 8075 936 564 860 524 485 263 817 487 911 544 856 506 416 243 843 512 931 557 468 278 860 517 778 476 782 478 968 579 793 464 776 479 838 501 922 551 951 571 959 575
212 20 8255 660 393 726 426 715 434 406 248 912 550 971 584 845 511 732 449 984 591 960 577 986 591 419 264 889 536 826 488 937 565 970 583 837 506 908 550 882 523 946 571
213 20 7983 541 335 568 343 818 496 744 451 843 515 601 368 742 442 872 518 762 447 955 573 864 521 882 532 947 567 928 562 836 494 917 552 919 549 870 529 973 585 384 200
214 20 8291 954 574 950 570 674 404 705 417 760 455 717 438 486 283 816 495 951 572 976 587 731 446 985 590 821 485 741 439 966 578 627 398 981 590 992 596 859 509 890 530
215 20 7195 881 523 822 494 508 333 895 537 556 324 950 568 784 475 645 393 676 419 416 269 523 286 662 391 655 406 368 207 847 508 994 596 676 409 873 518 826 494 833 501
216 20 7654 658 403 999 600 955 574 706 433 654 377 845 505 666 381 939 565 749 438 783 459 768 464 973 585 755 467 976 587 555 349 828 491 834 506 503 329 581 346 582 350
217 20 8137 563 344 998 599 747 446 946 570 857 512 344 222 970 581 760 447 959 574 833 505 976 586 996 598 531 291 931 561 995 597 470 287 937 564 769 449 797 486 896 533
218 20 7974 790 465 751 459 829 492 657 402 884 528 664 390 813 498 976 585 964 580 747 455 691 429 990 594 885 534 716 423 786 469 624 386 573 346 906 547 857 522 846 516
219 20 8599 915 554 975 586 489 291 832 498 985 591 892 533 893 533 956 576 747 462 960 575 812 478 992 596 851 507 863 524 762 456 992 595 773 460 774 454 758 447 978 588
220 20 8403 889 528 725 445 902 545 481 316 892 532 986 591 956 571 984 591 892 536 893 533 642 379 950 570 867 527 787 479 946 570 652 387 671 413 993 596 948 571 750 441
221 20 7903 603 363 569 329 106 68 984 592 970 580 783 480 551 328 931 558 926 560 915 552 907 544 922 557 980 589 856 506 640 399 797 468 768 449 757 459 928 557 914 544
222 20 8181 492 278 801 469 867 513 650 388 894 540 861 511 992 595 467 307 872 526 680 420 931 561 997 599 883 535 717 445 755 443 847 517 814 497 929 554 999 600 914 544
223 20 7872 286 144 806 474 993 596 703 417 959 573 639 370 873 530 850 518 863 512 959 574 923 555 926 553 786 476 919 554 939 561 459 290 902 547 349 205 885 526 725 431
224 20 8457 938 563 959 577 680 417 814 479 914 544 972 583 980 587 947 567 966 580 871 522 905 546 840 508 885 534 627 369 680 416 849 514 971 582 974 584 247 171 896 537
225 20 8718 992 595 807 486 893 537 910 551 662 389 966 579 787 463 963 577 801 483 909 540 834 497 844 516 980 588 952 574 920 557 792 475 797 473 998 599 740 444 889 537
226 20 8717 919 550 890 530 823 489 921 549 672 408 966 580 747 455 770 469 669 406 917 555 903 542 882 529 925 558 855 512 968 582 917 547 933 560 955 576 991 594 811 495
227 20 8129 886 531 928 557 569 338 841 511 599 348 967 581 879 531 865 526 651 387 866 517 758 459 995 597 933 560 974 584 905 540 705 425 666 403 825 488 664 410 782 475
228 20 8086 865 522 744 456 994 597 490 283 693 412 884 526 917 548 677 410 821 482 802 485 966 578 581 333 840 504 904 540 979 587 995 597 996 598 710 429 759 466 555 358
229 20 8610 900 543 849 513 872 520 857 514 1000 600 828 506 984 591 964 578 961 576 478 300 578 340 921 552 716 417 944 566 820 486 976 586 955 573 960 578 951 568 706 424
230 20 7938 899 539 848 514 759 455 940 562 950 573 888 527 606 362 754 467 918 550 923 557 476 283 795 488 525 323 779 476 702 415 954 572 967 581 967 581 726 450 500 287
231 20 7919 888 527 534 295 700 411 896 542 680 424 586 331 994 597 873 529 974 585 835 509 630 381 546 317 847 507 701 429 862 522 952 569 852 511 929 562 731 436 828 493
232 20 7115 713 436 601 346 409 263 966 581 808 486 676 411 831 489 686 420 654 396 390 259 889 532 757 468 917 553 625 369 450 252 981 589 468 305 969 583 693 405 747 456
233 20 8644 765 464 925 558 926 551 929 554 899 536 886 531 827 494 605 381 874 523 791 478 964 577 937 561 791 477 847 510 885 532 917 551 746 462 910 542 913 552 951 572
234 20 7561 956 574 880 528 898 543 549 330 582 332 679 424 680 397 975 584 905 543 217 157 274 204 955 573 887 526 834 505 925 560 989 593 562 324 723 443 841 505 812 496
235 20 8362 816 497 569 364 269 197 796 480 956 576 905 540 888 537 901 542 994 597 934 559 923 554 498 280 957 575 972 583 994 597 979 586 888 533 910 545 715 431 860 516
236 20 8364 741 460 790 477 730 454 667 414 880 531 977 587 943 568 710 440 982 590 976 585 902 539 733 444 795 466 747 442 659 394 943 567 786 469 839 498 958 575 971 581
237 20 8028 962 578 636 386 694 429 999 599 890 529 292 163 696 424 622 376 917 554 916 547 891 537 954 572 886 531 764 464 978 586 986 592 813 487 852 513 492 268 816 486
238 20 7970 925 555 805 476 767 454 610 372 774 463 860 523 923 550 932 560 813 483 858 509 829 500 517 312 719 423 979 587 691 399 708 415 687 417 972 585 863 516 708 422
239 20 7789 969 580 705 424 540 312 918 554 600 377 875 528 948 572 903 539 922 558 473 255 832 490 413 272 955 575 664 392 650 386 729 454 879 530 853 515 839 501 912 544
240 20 8337 613 382 940 563 919 556 896 534 915 551 904 543 860 509 820 497 681 390 1000 600 767 460 877 531 505 303 798 481 879 525 887 535 891 537 913 550 970 582 640 399
241 20 8110 960 574 835 498 688 428 761 455 910 542 611 350 811 493 805 491 778 461 842 511 990 594 983 589 550 323 926 557 953 571 703 424 977 585 766 457 757 468 615 352
242 20 8503 865 518 976 587 943 564 831 509 954 575 919 548 888 528 748 446 971 582 536 303 836 499 872 516 932 562 575 369 781 460 708 423 834 507 924 555 936 562 978 586
243 20 8170 925 553 697 418 842 513 688 422 960 578 854 517 898 535 975 586 820 492 651 397 1000 600 944 565 901 545 775 453 591 333 429 282 948 568 829 498 839 495 775 469
244 20 7763 932 561 987 592 705 435 949 569 849 513 503 325 867 527 987 592 724 429 758 442 683 412 815 481 605 387 527 323 656 405 452 253 1000 600 909 540 795 468 823 504
245 20 8783 950 569 745 435 901 541 759 466 819 500 752 442 995 598 995 597 875 523 980 588 949 569 955 575 792 480 772 474 972 583 838 501 982 589 802 490 772 462 962 577
246 20 7799 875 529 655 399 928 553 751 449 876 519 509 319 814 480 656 414 987 592 934 558 930 559 958 573 745 441 562 342 632 402 807 479 932 557 747 460 537 320 764 465
247 20 8725 957 573 728 437 884 533 1000 600 741 453 962 578 924 555 987 592 642 400 849 511 942 566 364 241 944 567 995 597 986 592 861 524 908 543 937 561 875 531 964 577
248 20 7690 762 467 944 564 879 532 920 547 828 506 830 488 363 224 697 402 972 584 592 334 593 360 934 564 424 260 646 405 924 553 679 406 935 565 769 449 919 556 770 462
249 20 8444 890 539 879 521 608 372 708 410 989 594 662 410 983 590 993 596 755 443 875 521 957 577 725 438 984 592 650 373 966 579 897 534 726 448 755 442 966 578 921 554
250 20 7709 727 442 954 574 697 407 924 553 868 518 737 454 505 276 940 562 759 458 571 364 916 552 997 599 631 369 694 420 592 374 683 396 807 488 984 591 551 316 881 524
251 20 7933 883 537 725 431 908 545 690 431 877 527 859 507 859 522 749 443 594 378 975 587 719 433 696 416 683 394 866 516 703 405 794 484 980 588 957 574 702 429 648 391
252 20 8312 927 556 603 360 790 464 762 466 721 425 964 579 880 525 996 598 962 577 574 326 990 594 702 407 606 385 861 522 998 599 728 426 786 462 912 549 898 543 964 577
253 20 8665 996 598 909 547 982 588 403 243 805 485 835 509 907 545 991 594 987 592 950 570 739 450 730 429 968 580 830 494 958 576 939 564 837 497 703 408 982 589 879 521
254 20 8107 868 522 461 272 908 544 943 567 850 518 991 595 609 369 910 545 858 521 946 568 918 556 923 551 925 554 953 571 925 556 889 540 444 294 618 384 958 578 317 153
255 20 8154 809 475 599 348 777 459 670 399 698 436 888 531 979 588 934 562 922 553 959 576 971 584 721 426 857 508 903 543 905 541 834 494 448 250 678 408 759 442 998 599
256 20 8106 808 479 980 589 631 388 899 541 815 491 738 432 961 579 463 271 370 239 972 585 773 475 813 497 867 515 882 527 737 456 941 568 944 563 748 435 937 561 934 563
257 20 8091 621 383 788 481 928 555 852 507 583 338 966 580 877 522 926 553 992 596 718 443 860 516 551 346 962 575 747 444 874 520 477 294 958 574 744 439 972 584 787 478
258 20 7330 806 473 888 534 469 257 968 582 961 578 680 389 909 543 466 258 933 560 424 250 818 484 761 455 879 525 850 504 583 334 360 211 831 505 801 478 453 299 821 493
259 20 8367 775 459 973 584 947 571 788 476 855 505 989 594 794 476 847 507 850 505 769 457 883 523 538 335 912 552 944 564 906 538 266 131 914 552 965 581 914 550 906 547
260 20 8243 924 554 690 405 982 589 891 533 892 529 989 594 741 438 712 442 665 399 904 544 776 468 878 526 811 477 979 589 987 593 612 359 652 381 793 483 677 412 932 561
261 20 8568 818 487 961 578 919 552 925 553 539 304 851 503 972 584 716 421 908 548 679 395 940 566 902 541 1000 600 898 537 812 482 928 559 996 597 869 524 692 400 811 487
262 20 8115 995 597 548 319 672 396 731 425 858 507 702 430 953 574 976 585 587 358 633 374 776 462 777 454 803 473 899 538 923 554 878 529 898 544 994 596 916 552 711 425
263 20 7799 567 365 997 598 937 559 938 559 775 475 995 597 919 548 596 343 962 578 536 349 966 578 541 328 957 573 925 554 933 562 625 392 423 222 652 400 624 369 730 435
264 20 8380 940 562 845 510 779 457 738 452 628 371 948 570 882 532 998 599 678 409 961 579 697 412 730 432 482 264 869 523 786 472 941 562 988 594 889 527 993 596 989 593
265 20 7963 900 537 606 365 587 359 1000 600 784 460 597 378 918 553 716 419 996 598 753 459 799 476 554 357 925 556 961 577 625 390 974 584 988 593 946 571 301 150 997 598
266 20 8292 730 449 857 506 700 425 923 556 834 502 974 583 867 522 865 517 971 582 713 426 833 502 888 539 890 529 848 509 851 515 909 543 964 578 297 208 726 444 945 570
267 20 8442 836 494 868 514 977 587 641 364 864 513 848 503 818 488 911 543 835 492 573 358 982 589 942 564 804 491 826 495 776 464 931 562 845 512 825 489 888 526 894 540
268 20 7528 858 510 770 451 621 381 887 537 432 226 733 453 460 282 789 477 584 338 877 532 872 522 486 321 829 492 985 592 975 585 760 464 670 410 794 482 688 400 986 591
269 20 7792 402 273 971 584 472 270 827 487 885 536 795 470 852 509 776 471 910 542 837 506 871 528 866 517 827 506 538 328 939 564 694 399 843 506 609 371 905 541 766 449
270 20 8050 972 583 982 590 813 482 932 561 829 497 897 533 709 432 771 459 901 540 832 496 854 508 932 557 593 345 674 407 872 528 691 430 503 310 962 575 817 481 564 323
271 20 8298 723 445 644 382 912 548 901 544 856 513 845 513 812 481 968 583 532 308 846 511 962 576 584 359 516 293 825 486 922 552 931 556 880 522 992 596 981 589 965 581
272 20 8408 916 550 632 361 659 382 676 421 999 600 926 557 918 550 770 451 485 320 935 562 825 491 885 525 748 460 771 461 879 527 953 571 952 570 995 597 896 542 996 597
273 20 8464 671 400 845 499 738 440 902 542 984 591 961 577 910 545 886 537 902 546 752 441 959 576 622 379 942 565 895 543 988 593 912 547 742 442 880 521 854 510 584 374
274 20 8166 669 388 764 457 932 562 904 539 745 434 896 537 812 495 805 481 498 312 650 379 899 536 844 508 751 446 976 586 981 589 921 548 880 530 786 469 938 566 682 419
275 20 8053 396 230 981 589 767 471 953 570 829 490 627 391 798 478 998 599 818 488 751 439 818 491 883 534 704 414 602 346 783 460 961 578 935 564 596 339 967 579 940 563
276 20 8083 499 297 979 589 875 519 957 575 288 131 814 485 683 399 930 561 985 591 677 400 863 526 814 487 958 575 779 455 639 380 946 568 834 499 821 503 979 589 846 515
277 20 8355 430 225 988 593 577 324 895 533 845 505 909 550 844 507 501 289 849 518 870 515 952 569 957 576 940 565 994 596 984 590 369 212 961 578 957 575 963 578 926 558
278 20 8256 934 564 784 470 836 494 951 570 854 510 771 460 780 467 717 425 845 501 828 505 890 541 863 521 964 580 953 570 726 437 717 425 863 512 664 404 613 384 960 575
279 20 8030 970 583 951 572 403 207 825 498 872 518 859 511 983 589 756 448 899 537 718 419 949 570 994 597 984 591 808 493 981 588 496 272 447 256 434 233 927 558 805 493
280 20 7741 843 514 764 457 926 556 783 480 909 540 992 595 502 328 807 474 955 571 476 266 810 481 690 431 944 568 753 442 820 500 440 278 812 488 812 494 749 442 696 425
281 20 7503 932 557 369 224 848 505 473 310 995 597 847 508 925 553 831 496 823 499 750 457 721 439 870 528 535 314 944 568 819 491 656 389 593 368 785 460 526 302 765 461
282 20 8069 695 430 648 372 831 491 737 451 911 548 825 491 495 320 893 540 945 568 891 534 975 586 627 374 916 548 721 416 878 530 945 564 714 440 766 465 837 504 888 527
283 20 8157 957 575 744 441 833 499 938 566 928 557 738 430 924 555 573 360 937 560 576 353 487 318 768 472 698 422 844 502 991 595 850 518 946 566 880 533 985 591 718 415
284 20 8636 942 563 908 544 931 557 913 552 793 468 971 582 869 518 683 412 969 579 745 435 937 564 982 590 913 547 674 410 900 542 842 508 852 504 702 410 938 563 808 483
285 20 8069 996 598 657 388 459 302 999 600 541 347 867 528 850 512 943 566 776 475 307 219 990 594 961 575 996 598 892 538 877 532 908 547 801 478 906 548 646 402 767 472
286 20 7464 828 487 592 353 752 465 761 464 876 528 930 562 827 507 866 518 725 424 671 397 640 372 610 375 998 599 949 567 386 243 717 446 627 370 845 506 356 231 972 583
287 20 7754 956 575 875 524 837 506 901 541 898 536 733 424 850 508 902 535 835 501 948 571 862 510 835 504 369 185 523 316 828 492 486 268 835 506 855 520 638 364 543 324
288 20 8008 803 486 849 514 921 549 967 581 718 439 994 597 813 495 476 306 950 570 714 443 909 541 778 463 320 184 953 571 514 284 755 445 895 542 894 537 826 496 967 581
289 20 8252 972 582 824 487 776 462 532 332 703 417 959 575 827 496 946 568 905 538 787 474 894 532 993 596 829 490 536 294 941 563 902 546 867 528 863 512 713 440 736 438
290 20 7945 972 583 855 511 874 518 629 384 711 438 865 517 892 540 868 522 925 553 728 443 972 584 807 485 986 592 813 488 598 375 329 200 864 515 998 599 354 187 850 505
291 20 8124 932 560 626 398 835 498 842 500 697 431 771 475 994 596 836 496 976 587 691 429 550 354 708 424 993 596 948 570 628 370 876 521 708 410 746 435 951 570 940 565
292 20 8362 962 576 714 432 991 596 915 549 788 470 800 490 813 493 501 290 694 417 973 584 861 524 701 415 735 454 712 411 849 515 984 591 976 587 932 561 883 530 940 564
293 20 7945 581 346 963 580 511 321 927 553 910 541 931 560 965 581 995 597 642 378 699 423 790 482 927 557 651 375 372 213 986 592 935 562 879 527 932 561 882 524 412 280
294 20 8073 860 513 890 536 749 457 816 492 892 530 869 529 951 572 908 549 957 576 711 425 422 235 773 456 987 593 873 530 907 547 789 486 542 319 569 362 803 488 879 529
295 20 8047 952 570 733 447 959 578 821 500 940 561 427 227 840 513 925 555 972 582 858 508 674 409 626 355 396 229 836 509 633 387 963 580 951 570 748 459 878 526 963 580
296 20 8435 892 535 815 483 949 567 887 533 973 585 725 445 976 587 762 447 805 486 874 522 548 319 870 514 673 423 671 414 785 476 880 531 957 575 882 529 954 573 992 595
297 20 7541 903 537 807 478 844 505 935 558 809 491 498 273 470 280 710 443 931 555 210 98 681 423 878 524 989 594 722 424 879 532 783 477 983 589 620 349 563 356 868 527
298 20 7972 935 558 900 546 671 421 513 294 852 514 901 539 941 567 914 546 940 565 580 332 603 366 723 447 519 290 891 540 925 557 916 549 840 498 681 420 816 484 884 530
299 20 8097 667 404 828 506 995 597 971 582 592 343 860 518 748 456 911 542 925 554 690 433 877 533 936 564 735 428 993 596 610 374 930 561 895 532 740 452 480 271 811 485
300 20 8088 924 553 791 464 943 568 335 212 846 505 830 491 768 461 775 456 796 478 834 500 709 425 789 480 913 553 978 588 823 497 994 597 654 380 732 450 879 523 863 519
301 20 7817 588 365 603 369 991 595 864 521 932 560 643 391 877 532 966 581 493 266 937 562 777 475 568 334 965 578 926 552 772 469 616 352 849 514 887 533 856 506 524 321
302 20 8021 564 344 915 548 854 514 932 562 795 482 640 374 769 463 702 406 894 538 952 569 1000 600 740 460 697 407 977 585 668 390 404 244 947 568 866 523 806 490 920 553
303 20 7682 904 548 806 477 728 449 845 501 984 591 853 505 677 425 942 568 904 542 822 498 825 499 784 475 958 577 701 428 729 442 949 569 589 358 396 262 438 265 531 325
304 20 8619 929 558 944 570 870 514 820 484 573 361 723 428 648 369 821 483 975 586 968 582 790 483 991 595 874 523 953 569 925 555 988 594 791 487 798 479 905 542 952 573
305 20 8077 994 597 590 371 669 394 875 526 587 348 909 546 871 518 713 420 842 497 878 525 904 537 965 579 921 557 837 508 812 480 874 524 964 579 787 484 520 300 642 378
306 20 7725 706 414 368 216 620 382 934 564 765 460 688 424 979 588 877 531 804 490 970 583 985 591 972 585 1000 600 822 502 686 427 883 529 280 172 701 425 838 496 573 339
307 20 8032 764 459 802 479 564 318 953 573 841 497 793 469 963 577 696 421 987 593 791 475 852 516 572 331 889 538 787 476 719 442 800 489 927 560 912 545 771 454 681 397
308 20 7979 414 271 629 388 717 446 813 491 737 434 663 400 958 574 779 474 864 521 650 371 914 549 658 390 912 552 949 567 989 593 863 517 991 595 984 590 556 347 919 552
309 20 7695 896 536 969 582 868 526 823 499 481 319 590 376 609 382 657 403 920 548 823 496 664 381 954 574 821 484 934 563 985 591 473 272 662 394 656 390 839 510 767 448
310 20 8248 721 447 935 562 603 383 778 458 920 549 778 471 966 580 936 558 757 443 1000 600 903 540 870 519 798 482 643 388 848 502 840 508 623 385 917 551 730 435 930 561
311 20 8479 952 569 877 532 786 469 901 546 897 544 919 548 708 438 738 449 784 471 978 588 791 483 955 572 904 547 955 574 898 537 674 387 823 502 853 507 577 337 989 594
312 20 8272 909 546 597 352 515 332 862 523 944 566 838 509 593 369 798 491 919 556 897 540 976 585 741 450 910 541 982 590 991 595 770 459 549 324 832 491 944 564 978 588
313 20 8079 801 490 959 575 918 547 765 461 490 306 757 457 990 594 649 372 616 374 966 582 966 578 949 569 996 598 702 415 820 502 970 583 465 290 824 495 725 438 830 498
314 20 8323 924 550 802 482 938 562 424 223 1000 600 905 543 859 509 817 486 893 542 994 596 647 409 716 437 939 565 849 504 964 578 947 571 956 575 470 296 698 409 904 539
315 20 7822 732 448 720 435 972 584 823 497 882 530 752 444 940 564 418 224 997 598 457 247 865 519 668 399 888 526 564 326 932 560 469 313 957 573 829 488 926 552 853 518
316 20 7998 804 474 452 264 859 519 859 518 873 518 768 470 548 345 972 583 720 431 748 441 961 575 906 539 904 543 960 577 458 305 931 556 896 541 762 464 632 360 984 591
317 20 6902 553 357 649 375 724 430 567 330 744 436 551 353 882 525 948 571 389 210 762 465 862 514 892 540 314 206 539 326 698 412 860 523 899 539 646 385 630 358 695 419
318 20 8109 991 595 797 485 901 539 730 436 970 581 514 323 599 360 890 528 778 455 900 544 967 579 843 500 927 555 774 455 545 353 914 552 774 472 970 583 736 440 699 431
319 20 8127 772 476 803 475 877 522 447 271 772 452 822 500 803 490 580 340 841 509 926 552 651 393 793 487 946 569 952 573 958 577 946 569 841 508 955 570 656 379 913 553
320 20 8254 690 424 331 229 979 588 982 590 938 565 704 439 812 498 999 600 617 374 984 590 943 564 775 463 964 577 661 417 755 455 812 493 947 568 789 462 968 581 859 507
321 20 8131 760 459 945 566 998 599 725 445 895 531 865 517 853 506 923 554 874 517 990 594 482 277 816 494 734 453 944 570 787 482 809 478 728 447 268 130 932 560 934 557
322 20 7797 783 473 813 499 632 396 855 513 994 596 660 414 959 573 311 197 731 427 860 519 713 417 956 573 984 592 905 542 555 319 938 566 531 317 863 517 956 575 595 366
323 20 8367 731 453 989 594 802 492 827 499 1000 600 869 517 978 588 935 561 637 382 942 566 538 348 771 456 989 594 948 568 647 382 764 459 994 597 938 566 960 574 475 263
324 20 7576 961 577 591 357 845 505 906 549 688 395 675 396 961 576 700 430 870 530 643 403 534 308 879 526 917 546 904 542 799 476 328 207 558 356 813 494 935 560 645 395
325 20 8056 956 574 949 567 702 426 916 549 438 240 661 377 749 441 906 544 900 540 794 469 847 502 652 398 744 437 786 474 562 341 998 599 950 570 800 472 994 597 808 483
326 20 7867 495 272 909 546 719 429 896 534 985 591 993 596 704 408 846 513 878 525 806 473 983 589 550 320 887 531 735 437 683 425 996 598 397 250 857 519 921 550 495 307
327 20 8476 947 565 925 553 824 504 931 556 794 485 798 478 859 518 915 551 943 565 952 570 968 582 746 443 793 470 995 597 922 549 991 594 709 420 687 408 764 472 490 291
328 20 7823 890 528 885 531 820 490 751 452 940 561 860 512 921 557 412 234 997 599 763 466 810 494 641 394 485 305 556 348 976 585 981 588 749 447 391 222 897 539 921 557
329 20 8304 900 537 784 461 736 439 450 291 378 224 978 586 766 452 862 517 916 545 978 586 968 583 786 478 926 555 1000 600 859 510 750 449 998 599 876 520 973 584 724 431
330 20 8386 762 469 930 555 766 467 971 582 947 568 817 499 739 451 900 541 999 599 970 581 992 596 933 557 497 274 919 548 782 471 495 317 936 561 823 489 936 561 659 378
331 20 8301 847 516 736 429 943 569 872 529 944 568 866 512 612 391 950 567 903 540 955 573 884 530 754 457 978 588 625 381 871 521 924 559 863 513 950 569 382 250 743 450
332 20 7662 997 598 942 569 777 471 823 504 923 557 587 328 938 563 689 409 557 358 724 432 705 423 771 468 751 438 787 461 790 467 725 430 585 366 688 404 631 396 935 560
333 20 7448 507 282 987 593 734 454 837 498 772 471 960 574 895 533 567 343 894 534 524 330 941 564 743 439 944 564 767 450 941 564 402 223 544 348 307 165 938 562 692 408
334 20 7690 678 420 908 549 753 450 988 593 884 530 741 457 353 197 420 220 538 331 532 327 921 551 606 376 993 596 957 575 722 442 894 540 882 532 810 493 881 524 920 553
335 20 8214 783 475 672 393 888 528 868 517 511 282 844 506 982 589 846 514 993 596 987 593 880 521 839 511 905 547 772 464 475 310 686 399 734 448 916 552 855 513 992 596
336 20 8622 813 483 466 296 915 545 793 475 984 590 818 480 994 597 889 527 675 401 938 562 921 551 738 455 858 520 857 519 896 533 968 579 941 566 864 526 927 553 989 593
337 20 8739 897 543 713 415 842 504 808 474 911 548 839 501 967 581 718 424 932 563 902 546 859 516 980 589 955 576 986 592 909 549 923 558 671 388 978 588 857 519 831 500
338 20 7690 990 594 703 423 920 554 873 524 809 484 846 514 626 390 329 203 813 490 722 423 974 584 991 595 886 537 823 498 627 396 786 474 911 542 546 348 552 309 654 378
339 20 7995 792 472 988 593 528 301 626 394 809 474 950 568 819 483 463 310 926 556 974 585 951 571 752 437 928 554 634 359 795 470 955 571 727 438 867 526 602 363 904 539
340 20 8352 345 188 943 569 952 570 567 348 806 483 982 589 862 514 704 431 986 592 931 561 880 525 713 414 862 522 853 507 610 361 943 569 995 598 854 515 993 596 923 552
341 20 8570 996 597 640 379 923 555 748 450 787 485 979 588 914 551 943 568 890 535 994 597 914 551 874 532 844 501 595 343 952 571 920 556 952 570 636 374 833 508 806 492
342 20 8130 864 518 761 458 918 555 991 595 912 544 876 527 720 438 759 452 286 161 810 491 730 440 902 539 968 581 738 454 692 401 863 517 745 445 916 548 891 539 918 552
343 20 8015 937 566 941 567 676 393 974 586 853 516 898 540 612 353 937 559 463 305 991 595 689 402 613 378 486 279 961 575 746 441 974 585 835 495 1000 600 448 259 997 598
344 20 7808 856 512 950 572 857 513 818 492 731 435 991 595 926 560 896 540 998 599 908 549 378 239 727 425 520 340 947 566 705 423 554 358 692 434 858 516 928 559 376 233
345 20 7877 989 594 835 498 207 142 977 586 866 526 991 595 939 566 909 549 953 572 696 414 647 399 929 561 720 441 512 282 964 578 765 450 765 460 867 527 313 174 910 541
346 20 7574 765 446 846 504 975 586 323 161 768 466 955 575 724 434 656 374 744 454 967 581 753 448 588 373 936 565 475 306 899 539 791 487 741 440 853 508 411 244 979 588
347 20 8457 964 580 917 554 632 364 926 554 741 451 871 525 966 578 881 530 801 483 986 592 920 554 569 324 969 582 647 403 954 571 803 473 938 564 981 588 859 521 589 342
348 20 8251 999 599 739 450 562 342 479 316 935 562 619 393 997 598 940 567 923 559 766 453 883 528 980 589 965 581 948 569 923 551 596 343 898 534 693 402 859 520 799 489
349 20 8408 798 482 979 589 994 597 659 414 628 393 954 570 972 583 808 477 774 477 973 583 977 585 949 571 758 448 774 454 922 555 774 458 621 378 930 559 961 578 612 377
350 20 8172 845 510 862 524 947 569 987 592 796 484 929 559 823 484 841 511 930 557 496 292 968 581 745 461 817 479 895 532 641 401 717 426 837 506 851 513 851 504 567 335
351 20 8547 905 542 976 585 972 582 766 455 915 547 742 459 963 579 832 493 959 578 456 263 727 449 913 551 556 337 905 539 855 510 824 504 908 549 934 564 996 598 990 594
352 20 7837 701 410 557 341 993 596 764 449 844 511 804 473 994 597 793 469 953 569 467 271 772 454 684 421 916 546 988 593 990 594 730 446 750 438 680 406 817 498 478 285
353 20 8161 872 524 707 430 794 486 772 455 883 532 652 391 895 540 938 563 757 446 941 565 813 498 993 596 898 541 997 599 982 590 560 321 920 552 594 343 726 420 628 373
354 20 8549 955 571 835 495 706 421 931 557 850 508 839 500 880 529 771 451 840 511 987 593 826 496 756 460 957 577 955 573 876 522 877 528 964 579 342 208 961 575 991 595
355 20 8424 962 578 721 426 879 526 996 598 999 600 950 572 839 505 666 395 589 339 703 421 958 572 987 593 786 473 611 351 944 564 849 504 856 516 807 478 969 580 778 459
356 20 7863 752 450 980 587 535 314 944 567 801 473 980 589 880 534 832 493 499 315 817 491 588 332 739 450 532 347 976 587 740 435 731 437 953 570 636 362 857 513 955 572
357 20 8040 657 411 855 520 546 319 917 552 911 550 716 420 933 558 753 454 884 531 966 578 864 514 656 395 746 453 743 460 970 583 832 502 980 588 659 407 996 598 497 327
358 20 8305 467 260 733 452 921 551 529 308 923 554 978 587 809 495 940 564 915 548 914 548 961 579 987 592 916 549 963 576 851 506 929 560 695 419 897 541 978 588 304 180
359 20 7853 982 589 889 528 846 502 747 461 789 464 954 573 778 458 581 363 997 599 565 341 488 288 908 547 782 464 824 484 872 527 867 523 955 571 698 434 500 308 684 408
360 20 7785 812 480 672 393 878 533 814 482 535 301 882 529 713 411 654 388 951 572 689 430 617 349 998 599 800 482 664 380 667 380 979 588 867 523 877 528 805 491 696 410
361 20 7850 996 598 789 470 915 549 516 295 638 379 953 571 946 568 944 567 914 548 646 369 502 283 838 506 567 346 951 571 688 416 959 576 301 143 702 436 990 594 945 567
362 20 7994 811 493 979 589 544 321 396 207 977 587 998 599 832 493 957 574 799 478 480 276 990 594 892 540 755 460 918 549 963 579 984 590 601 339 742 450 697 433 674 411
363 20 8100 942 565 866 527 845 511 637 387 926 558 420 222 685 419 962 577 679 409 858 513 877 532 710 434 970 584 954 570 757 448 783 458 994 596 902 544 776 459 657 411
364 20 7831 940 563 905 548 678 426 706 423 893 532 689 409 995 597 766 457 766 447 402 233 984 590 912 549 481 305 992 596 740 435 556 307 355 231 965 579 993 596 945 568
365 20 8426 885 533 861 516 858 517 637 366 486 303 957 575 995 597 929 560 872 530 572 337 924 558 918 546 992 595 847 513 980 588 903 545 702 413 812 485 940 566 782 457
366 20 7872 595 336 932 557 721 424 842 501 758 460 560 331 841 512 877 520 668 392 905 546 481 269 591 365 963 577 868 517 554 329 972 584 900 537 965 578 967 581 784 458
367 20 7649 801 490 921 552 882 530 697 419 647 400 743 441 915 553 895 537 671 394 454 255 908 540 778 479 911 546 562 314 939 566 873 517 318 153 863 519 554 339 966 581
368 20 8005 823 501 839 510 899 536 735 445 850 504 965 581 810 493 840 509 874 531 458 296 937 562 903 536 866 517 579 345 876 521 946 569 860 511 645 397 309 204 997 598
369 20 8407 884 530 960 577 984 590 666 418 835 501 908 542 882 528 579 339 968 580 767 471 677 408 952 571 900 545 854 514 788 469 844 498 658 413 967 582 845 499 897 544
370 20 7978 474 258 602 346 494 285 981 590 837 511 986 591 905 543 744 443 958 572 940 561 925 552 639 379 675 421 750 440 769 471 768 458 853 508 928 553 811 477 918 547
371 20 8027 923 559 533 324 880 532 782 470 735 450 740 449 899 545 515 299 714 411 737 431 948 571 943 568 823 486 791 463 975 586 670 383 974 586 635 403 907 546 930 559
372 20 8334 836 500 671 416 737 436 785 480 702 439 924 555 1000 600 961 575 995 597 732 428 495 270 979 589 908 550 935 562 963 580 738 431 696 427 717 425 997 598 898 536
373 20 7846 942 563 708 422 931 558 793 486 526 318 834 492 874 523 911 542 907 540 921 553 661 411 961 577 802 470 547 329 918 546 844 503 649 375 657 380 667 406 639 395
374 20 7923 562 348 825 497 952 569 852 506 856 513 939 567 875 532 386 224 831 490 962 575 567 352 857 515 939 563 911 549 957 573 826 504 471 260 609 389 716 417 953 575
375 20 7721 787 473 990 595 993 596 421 255 225 135 412 259 869 522 769 463 803 483 990 595 827 497 805 482 749 439 689 431 975 584 836 502 947 570 951 574 917 549 487 294
376 20 8128 908 546 753 448 669 409 855 517 689 412 705 426 897 544 744 437 659 412 875 532 829 498 947 567 989 593 882 534 871 521 596 373 980 588 977 585 579 340 853 515
377 20 7536 588 357 863 516 568 352 876 523 635 395 535 299 642 372 871 519 835 504 694 425 736 451 696 427 939 565 651 407 884 533 991 595 947 568 795 482 902 545 425 271
378 20 8552 950 572 834 506 238 137 864 513 881 523 953 571 961 578 966 579 812 499 987 592 969 581 862 510 941 562 963 579 983 591 954 575 721 425 440 260 848 500 978 588
379 20 7848 927 559 929 555 860 517 826 499 970 582 834 503 460 305 898 536 684 417 526 290 613 345 842 507 889 539 911 552 765 468 537 328 650 406 727 420 964 578 885 528
380 20 7701 919 553 971 583 778 480 785 482 667 407 878 530 974 586 653 386 802 478 647 401 938 566 978 588 987 593 966 578 254 139 951 573 416 232 521 319 517 337 801 472
381 20 8741 978 586 908 544 948 568 831 492 994 596 802 475 822 483 837 508 984 590 997 598 993 596 789 481 369 258 888 535 938 564 915 545 879 534 902 540 754 463 955 572
382 20 8039 921 551 766 465 761 463 663 404 740 431 967 581 910 549 563 333 700 426 892 540 833 500 866 521 934 563 523 311 923 550 898 536 910 545 913 545 710 411 686 398
383 20 8157 634 387 638 365 972 581 697 432 954 575 889 534 949 573 723 446 782 464 873 530 700 425 883 531 387 221 856 519 973 583 911 543 962 578 656 390 893 538 983 589
384 20 8399 923 553 921 555 969 583 932 563 967 579 656 412 881 527 905 539 447 265 922 549 956 575 904 548 715 446 840 502 618 354 932 558 919 553 863 512 645 407 884 528
385 20 8485 994 597 896 540 907 543 632 369 849 509 687 394 710 432 929 557 701 418 864 526 769 460 985 592 918 553 921 556 817 490 622 378 940 568 973 585 928 556 929 556
386 20 7861 501 303 953 573 658 410 894 537 876 527 959 576 812 489 625 356 552 335 862 520 855 509 435 235 963 577 964 580 853 508 882 534 733 438 794 472 567 333 984 591
387 20 8269 993 596 854 511 949 567 727 438 909 548 940 562 642 370 990 594 912 552 895 536 952 570 891 540 469 266 852 515 443 268 842 508 643 373 901 545 880 534 854 507
388 20 7714 634 399 761 456 937 565 977 586 794 475 761 451 550 319 818 496 891 536 637 374 906 539 902 541 968 583 917 551 655 382 450 286 960 575 653 375 736 450 521 302
389 20 7480 966 579 926 552 580 353 861 509 697 429 622 359 728 441 539 305 892 539 632 371 835 502 855 517 422 220 877 522 920 555 831 497 527 312 871 521 975 585 405 268
390 20 7718 775 457 724 436 447 273 855 521 806 493 826 500 869 520 944 565 355 223 978 587 764 460 478 296 797 467 454 253 977 588 957 577 876 529 796 486 783 469 975 585
391 20 8135 934 562 749 440 957 575 981 588 410 237 879 532 587 342 923 556 935 561 921 550 844 500 424 270 721 425 879 524 813 496 944 569 782 472 734 429 902 540 951 571
392 20 7561 944 568 861 519 624 371 622 361 765 456 890 540 397 215 907 549 431 235 726 438 780 467 708 429 972 582 800 492 394 219 912 552 935 557 536 348 931 561 988 592
393 20 7929 756 457 895 543 671 399 706 418 990 594 802 478 990 594 942 565 489 310 698 403 964 579 575 354 888 531 616 385 873 521 876 529 987 593 401 238 887 538 853 505
394 20 8283 925 559 894 539 749 442 993 596 834 500 595 344 609 351 947 568 323 205 868 527 844 513 816 488 926 552 887 537 843 514 797 473 947 571 850 504 924 558 995 598
395 20 7615 834 509 893 531 757 468 842 506 858 507 330 182 395 261 911 547 859 518 441 287 788 465 990 594 957 575 562 332 709 427 829 490 704 435 888 536 744 446 940 566
396 20 7666 812 489 546 315 911 551 614 362 990 594 969 581 994 597 570 317 443 240 851 508 209 163 710 414 466 266 867 524 953 574 934 557 904 539 911 547 901 547 777 479
397 20 6944 687 405 387 202 877 522 748 456 501 272 916 546 956 576 461 283 289 216 956 571 853 514 428 276 722 419 394 230 809 497 744 457 938 561 631 397 768 453 824 496
398 20 8383 865 513 853 517 799 487 929 554 981 590 737 433 951 568 856 515 737 454 923 554 908 540 889 528 837 503 736 442 803 472 646 374 924 553 683 415 713 432 996 598
399 20 7721 655 409 913 551 777 467 233 133 855 506 510 302 990 595 979 587 911 546 789 486 486 288 934 563 957 572 613 385 981 588 819 489 665 389 809 487 715 428 851 512
400 20 8033 820 481 933 556 776 465 514 337 694 433 786 481 959 577 616 347 491 304 751 443 983 590 934 562 654 390 908 542 974 585 819 488 866 512 920 550 779 456 890 529
