1 20 8085 808 487 834 496 856 510 566 318 731 438 610 362 690 420 936 560 978 588 829 495 741 456 943 569 956 574 862 523 951 571 962 578 744 435 768 456 740 458 666 393
2 20 8151 731 450 904 546 948 567 676 421 919 553 660 399 849 511 933 564 980 589 875 524 943 569 701 409 354 179 807 486 981 589 789 464 785 471 822 492 845 516 801 486
3 20 8528 500 310 994 596 945 568 817 480 976 585 599 349 1000 600 898 536 982 588 602 375 875 523 973 585 904 540 955 576 961 575 768 470 921 554 877 533 798 485 711 424
4 20 8251 595 343 867 526 779 478 787 465 979 588 751 458 967 581 863 524 576 327 925 552 768 448 724 435 568 366 931 556 869 527 913 551 913 545 906 544 849 505 973 584
5 20 8616 612 350 599 367 882 526 967 582 775 474 968 581 970 581 991 595 944 568 768 462 979 588 771 472 976 586 595 338 747 457 933 557 966 579 839 500 972 584 978 587
6 20 8330 762 456 390 256 942 568 457 277 756 451 857 519 983 590 834 508 851 514 951 568 914 551 946 570 965 579 578 333 864 526 921 553 989 594 787 485 968 581 946 566
7 20 8475 856 507 1000 600 780 456 401 251 919 555 919 552 912 544 670 403 968 583 998 599 879 528 895 531 906 545 880 527 675 393 638 378 969 583 916 548 947 568 823 498
8 20 8855 737 446 654 392 749 462 996 598 973 585 958 574 964 578 812 478 938 564 813 478 877 531 961 575 960 577 913 548 952 569 868 514 849 516 879 531 940 563 918 552
9 20 7989 884 527 726 438 809 483 675 408 886 527 638 383 733 431 982 590 415 253 951 569 941 568 775 462 865 512 824 492 726 435 907 549 662 385 840 502 939 560 800 472
10 20 8218 863 517 763 468 653 386 898 533 826 491 865 512 964 576 904 543 991 594 637 400 843 510 989 594 961 578 869 528 780 457 625 373 713 436 550 333 863 522 880 522
11 20 7871 849 507 799 489 538 348 674 386 992 596 607 380 626 383 798 489 981 588 862 511 815 482 952 573 689 397 795 469 718 426 884 537 618 353 848 504 744 437 953 571
12 20 8034 858 510 996 598 918 551 811 495 378 201 793 478 855 507 919 550 714 434 996 598 888 536 896 533 844 510 821 501 888 531 717 444 983 590 535 310 277 131 982 590
13 20 8449 858 513 859 513 946 566 948 572 807 483 997 598 665 381 958 573 880 531 851 520 980 589 606 366 905 546 902 544 618 379 902 540 729 448 928 556 883 528 677 423
14 20 8819 914 544 685 430 858 509 994 597 801 472 971 582 960 575 961 576 815 492 874 524 876 531 899 543 956 572 820 496 934 557 863 519 801 486 961 578 742 460 953 572
15 20 8430 886 530 906 545 453 290 965 579 366 222 941 566 763 467 962 576 965 580 977 587 857 510 790 467 935 558 941 568 824 497 620 381 947 570 996 598 930 561 837 494
16 20 8032 954 570 786 478 969 581 932 563 663 382 696 427 726 432 824 502 960 574 790 469 912 547 730 433 956 573 958 575 640 380 248 158 760 465 950 570 974 583 636 366
17 20 8367 792 488 829 488 777 466 985 591 939 562 1000 600 865 521 748 458 779 460 996 598 694 432 765 456 838 494 824 496 760 460 984 592 680 407 808 496 798 484 873 529
18 20 8491 635 379 857 508 893 531 982 589 937 564 597 366 944 565 767 465 951 568 827 496 738 454 899 536 852 507 618 368 913 544 829 498 960 575 948 568 899 542 937 562
19 20 8960 883 537 869 527 928 559 974 584 871 529 930 554 939 562 962 576 909 543 714 436 749 458 846 503 953 569 882 536 900 544 934 559 941 567 966 580 998 599 772 471
20 20 8493 817 490 894 541 904 545 881 529 919 554 796 472 772 457 889 536 739 449 845 514 973 583 906 548 954 574 949 567 975 584 1000 600 924 555 835 510 486 295 529 339
21 20 8466 965 579 883 533 960 574 813 479 917 552 555 339 787 477 843 505 768 472 870 522 840 504 855 514 622 376 887 539 952 569 743 434 947 567 939 562 821 483 965 579
22 20 8341 943 565 933 557 689 426 850 511 919 549 832 503 616 364 996 598 560 332 901 542 622 370 762 459 945 564 828 488 817 492 902 546 837 493 999 600 805 474 926 555
23 20 8312 984 590 933 563 971 583 278 139 919 551 987 593 792 487 926 552 331 172 957 575 888 537 782 478 878 527 845 514 948 570 666 416 981 588 747 443 841 505 970 581
24 20 7889 873 532 990 594 977 585 973 584 886 532 583 371 644 377 949 567 631 392 649 390 399 260 842 511 781 458 932 560 958 573 762 471 494 307 521 296 986 592 949 571
25 20 8436 789 463 977 587 433 285 975 586 854 507 732 426 619 374 665 392 858 521 961 575 923 557 912 549 958 577 957 576 959 577 866 525 759 463 860 519 902 542 914 548
26 20 8637 928 561 995 597 953 570 984 591 617 382 923 550 891 533 936 564 919 556 846 513 892 533 965 578 487 263 661 416 958 573 703 415 978 587 950 573 993 595 695 399
27 20 8392 692 419 836 511 967 580 852 508 707 440 946 566 970 583 835 511 820 482 717 423 723 447 936 562 932 559 659 399 894 537 957 572 895 539 764 456 717 440 966 578
28 20 8203 946 570 991 594 620 374 883 531 620 364 522 294 970 582 950 570 729 426 917 550 923 552 822 501 995 597 857 516 646 398 470 258 999 600 749 451 868 515 929 561
29 20 8222 799 471 801 481 731 448 979 587 960 576 881 528 686 410 891 538 775 463 968 579 896 533 807 478 847 503 662 380 982 589 738 447 870 525 958 576 671 399 542 338
30 20 8285 782 482 959 578 941 566 973 583 688 400 965 578 769 465 941 567 529 331 555 323 922 555 887 534 927 553 919 556 946 571 835 500 557 309 594 361 986 592 896 537
31 20 8322 784 482 686 399 926 553 928 558 817 480 999 600 740 456 958 573 419 257 854 505 871 525 670 386 733 450 949 569 891 531 949 570 874 525 912 544 751 448 933 563
32 20 8025 970 583 638 401 919 549 572 342 687 399 571 349 764 468 962 576 990 594 808 488 961 575 661 384 802 470 647 367 879 524 1000 600 916 551 710 424 665 414 929 556
33 20 8796 678 420 993 596 641 402 832 490 959 573 853 504 940 562 941 565 976 586 862 519 980 589 951 570 819 502 898 544 942 569 785 482 897 537 967 581 755 467 924 556
34 20 7687 844 502 967 582 873 518 961 577 780 479 844 500 883 530 652 375 720 435 800 479 801 474 275 128 789 461 980 587 689 414 278 160 880 523 925 556 450 245 984 592
35 20 8866 956 571 994 596 928 559 976 587 919 555 715 446 960 576 954 574 1000 600 944 569 774 477 969 581 568 338 890 538 788 462 900 544 982 590 966 578 745 449 804 492
36 20 8584 810 478 934 563 629 365 790 467 913 544 906 545 978 587 728 439 944 569 745 435 946 565 844 513 905 541 773 472 923 556 945 568 984 590 622 352 891 528 958 573
37 20 8166 940 564 352 248 861 516 939 567 989 594 851 502 938 563 886 536 946 568 990 595 899 536 899 542 884 527 668 383 752 444 998 599 411 234 699 415 893 537 537 335
38 20 8009 777 477 652 380 975 584 976 586 663 401 749 443 805 495 663 406 601 342 902 537 774 464 903 546 904 540 820 498 857 511 934 563 777 476 701 416 768 464 817 490
39 20 8042 802 490 908 547 919 555 918 547 673 404 468 301 933 561 648 374 924 551 931 557 967 579 729 449 728 425 859 520 816 496 918 547 704 419 844 513 644 406 751 442
40 20 7895 694 431 920 551 987 592 540 346 904 545 644 385 795 475 688 432 858 518 987 593 883 535 626 367 780 470 931 562 801 478 866 524 476 276 648 399 928 557 834 503
41 20 8764 987 593 923 555 671 392 821 494 941 564 777 470 948 569 916 550 667 388 941 568 941 563 826 506 984 591 953 571 809 480 827 491 899 542 883 536 857 510 958 577
42 20 8287 981 587 837 493 970 582 505 331 968 582 966 579 556 322 903 537 931 560 610 389 863 524 818 500 729 445 800 475 933 557 944 568 970 582 977 586 702 407 612 352
43 20 7832 797 477 553 355 678 389 939 561 538 305 951 572 826 499 296 196 458 302 986 593 897 533 984 589 684 401 463 273 891 537 971 582 979 587 981 589 990 595 803 478
44 20 7921 837 501 738 447 958 576 995 597 900 544 312 216 874 529 907 541 856 510 616 366 916 550 633 393 811 498 829 493 748 447 809 489 909 543 511 318 817 491 867 521
45 20 8138 819 488 518 320 982 588 917 550 989 593 645 400 578 372 912 550 728 441 986 592 904 537 673 395 431 277 955 572 641 380 932 562 995 597 965 580 832 503 874 521
46 20 8525 546 334 983 589 974 586 909 543 849 504 795 476 779 455 996 597 754 442 963 578 870 516 804 494 685 415 881 534 840 497 901 538 741 455 945 566 957 577 879 525
47 20 8418 853 509 626 387 665 408 909 544 911 548 900 541 936 559 971 584 924 556 750 437 689 432 976 586 818 499 761 460 955 575 961 578 765 466 965 578 860 515 642 402
48 20 8153 974 584 781 469 763 470 721 447 989 594 550 348 937 562 993 596 587 343 826 502 840 513 938 563 893 531 508 323 840 510 985 591 892 537 642 396 927 554 720 418
49 20 8258 876 527 764 469 685 402 746 437 779 477 442 277 912 553 808 485 782 469 971 583 610 351 871 519 884 533 935 561 852 512 974 585 821 489 984 591 975 584 845 506
50 20 8882 816 496 954 575 539 317 638 383 994 596 925 555 933 564 975 585 959 578 828 503 978 586 947 566 942 562 952 572 875 523 981 588 804 485 977 586 868 515 880 523
51 20 8020 868 524 712 444 971 584 697 401 667 413 852 512 770 467 892 539 870 528 646 392 818 497 902 537 900 544 975 585 721 449 970 580 812 489 212 137 920 552 866 519
52 20 8350 485 319 896 532 434 277 674 400 884 531 939 563 979 587 783 461 678 423 843 497 966 579 755 460 964 578 977 587 963 579 993 596 927 554 748 460 834 492 979 587
53 20 8327 828 499 669 415 841 497 972 583 676 394 983 589 661 388 867 518 888 528 934 562 962 576 998 599 910 546 922 551 701 405 546 334 706 417 908 543 876 528 806 490
54 20 8312 541 344 931 561 986 592 801 492 827 503 932 560 859 508 768 450 982 590 642 383 560 352 986 593 823 489 990 594 915 553 944 570 996 598 733 456 700 419 708 417
55 20 8670 766 465 835 504 803 481 762 448 932 557 834 499 890 530 880 522 834 505 941 565 885 532 805 490 994 597 955 574 851 510 761 463 797 471 977 585 905 538 934 561
56 20 8700 972 583 650 383 971 582 961 575 790 462 973 585 730 449 795 478 762 457 977 586 997 598 950 570 862 509 822 500 977 588 631 366 892 537 795 467 925 554 969 581
57 20 8326 739 454 953 570 570 324 999 600 973 584 897 536 944 565 881 522 966 581 715 435 833 502 544 329 778 457 991 595 813 484 618 354 966 578 891 538 987 593 595 352
58 20 8406 877 530 845 505 774 471 985 591 942 568 849 502 610 367 959 574 826 504 901 544 928 553 963 577 952 572 714 445 671 389 806 488 861 517 857 516 877 519 616 381
59 20 8918 973 585 942 565 997 599 958 576 993 596 780 471 703 435 891 536 688 408 973 584 929 554 977 586 930 562 855 510 675 396 971 583 744 444 933 561 987 593 937 566
60 20 8368 942 565 993 596 571 333 793 475 958 576 854 521 836 494 946 566 998 599 735 432 482 284 843 515 789 477 968 583 676 423 731 445 960 576 991 594 936 559 734 451
61 20 7886 895 532 888 533 733 426 935 562 839 503 581 338 962 579 587 350 702 409 960 577 870 515 666 408 705 409 739 440 724 441 833 504 674 393 739 440 922 556 818 492
62 20 8286 722 425 909 545 814 481 946 566 952 572 991 595 837 505 573 339 956 574 926 558 674 407 799 478 700 418 893 535 969 580 818 493 806 489 799 474 713 429 775 476
63 20 8447 872 523 811 493 791 468 938 564 473 314 914 550 903 543 940 565 650 384 961 577 886 534 939 563 978 587 849 507 816 482 708 434 908 547 853 504 774 472 931 556
64 20 8474 874 529 818 482 994 597 941 562 660 409 784 465 795 479 1000 600 996 597 929 554 806 479 994 597 932 559 698 420 891 528 974 584 829 499 736 450 585 367 712 423
65 20 7830 990 593 738 446 625 371 945 566 550 341 941 567 480 285 828 496 568 349 519 298 972 583 986 592 822 494 712 418 851 503 975 584 957 574 570 345 702 439 929 556
66 20 8865 950 571 820 497 771 470 748 451 894 536 881 528 1000 600 980 588 976 586 865 525 960 576 868 522 946 570 959 576 846 501 999 599 399 218 971 584 923 559 974 586
67 20 8655 962 576 996 598 977 586 750 446 777 470 792 481 635 395 873 527 911 541 901 537 928 558 908 541 994 597 473 265 762 467 975 586 923 554 925 552 977 586 872 526
68 20 8487 891 530 985 591 809 494 754 439 990 594 968 583 892 534 863 525 693 431 828 497 900 535 824 492 964 579 745 439 819 495 980 589 991 595 936 565 734 441 409 218
69 20 8321 680 390 952 569 917 552 829 498 810 482 727 447 798 475 925 551 936 561 896 544 743 437 900 538 828 503 376 229 991 595 946 570 992 595 665 395 769 456 963 580
70 20 8535 890 541 936 561 851 515 537 296 963 579 897 533 796 478 526 292 655 378 943 569 982 589 838 512 827 499 852 505 852 512 992 595 934 562 942 566 900 534 958 574
71 20 8367 806 478 511 330 853 510 398 260 970 583 894 535 877 534 907 543 994 596 991 595 607 369 830 506 996 598 804 483 862 519 944 563 822 488 846 502 860 511 963 578
72 20 8308 960 577 859 512 973 585 862 519 625 392 805 486 863 525 977 587 570 332 839 507 916 553 765 459 993 596 778 470 893 540 954 573 561 351 910 545 557 325 957 575
73 20 8139 950 572 957 576 979 589 999 599 540 342 994 596 864 513 799 475 658 406 832 503 884 537 509 280 878 533 875 532 886 535 847 507 701 415 603 374 844 504 679 410
74 20 8247 811 490 586 340 619 393 804 491 902 540 589 372 660 403 845 504 802 485 883 530 947 565 885 528 758 452 877 533 956 572 842 511 962 576 893 537 960 577 914 545
75 20 8557 665 400 840 503 749 464 934 562 836 509 981 588 843 512 871 527 984 592 897 541 731 455 712 434 963 579 912 546 716 424 996 597 973 585 786 472 975 584 751 445
76 20 8720 994 597 911 547 855 513 831 503 868 528 704 438 820 500 901 538 976 586 991 595 910 545 929 559 847 518 814 483 896 535 777 464 856 511 602 339 986 592 972 583
77 20 8280 725 438 983 590 977 586 763 468 754 440 903 544 994 597 780 463 984 590 739 457 777 475 940 566 886 527 693 431 972 583 852 510 604 349 564 320 719 447 952 571
78 20 8118 859 513 925 558 869 521 647 369 592 367 924 552 733 453 832 500 950 569 972 585 852 506 541 323 846 500 948 568 842 505 871 525 665 408 919 547 901 546 548 321
79 20 8632 970 581 676 416 996 598 928 561 964 578 985 590 875 530 983 591 856 517 840 513 925 555 727 444 989 594 466 310 807 475 955 573 834 495 894 534 613 377 982 589
80 20 8124 869 525 834 495 936 562 816 498 827 499 540 316 909 548 974 584 752 444 626 365 541 319 935 559 670 403 811 481 623 389 903 539 852 519 961 578 896 531 974 583
81 20 8392 911 547 786 463 626 374 601 356 944 566 797 480 895 537 977 588 803 475 925 554 914 546 684 394 964 578 955 572 709 408 810 491 864 512 964 578 796 482 859 509
82 20 7787 801 486 665 403 734 432 638 389 551 341 918 548 995 597 645 387 631 363 998 599 879 534 819 499 911 549 533 330 750 436 830 501 943 566 636 399 763 460 935 558
83 20 8611 979 587 917 548 888 537 845 503 475 310 955 573 990 594 956 573 923 555 847 506 893 531 927 559 728 451 891 538 874 532 769 455 823 498 780 468 882 533 881 523
84 20 8255 911 546 692 434 969 582 968 580 875 525 621 358 739 433 718 436 728 422 843 502 614 367 935 559 688 431 974 584 784 467 948 568 976 586 798 486 733 452 997 599
85 20 7763 681 416 590 367 744 457 896 537 241 134 963 576 548 314 819 499 649 386 779 463 938 563 798 472 918 548 981 590 972 585 943 569 630 382 898 538 975 585 564 327
86 20 8085 797 483 764 470 796 468 861 519 783 477 969 580 824 496 875 523 835 509 757 445 939 563 641 398 876 520 571 367 839 499 797 489 630 394 931 561 782 468 903 539
87 20 8733 951 568 936 562 962 576 930 557 908 544 877 519 775 452 782 472 944 564 809 486 983 591 791 466 970 580 869 514 956 576 826 499 624 383 889 538 892 536 792 471
88 20 8495 784 479 899 540 879 521 824 486 922 550 881 524 684 404 890 534 955 572 973 584 725 422 659 380 943 568 756 466 744 437 898 537 820 491 937 561 999 600 818 498
89 20 8861 828 488 785 480 932 555 967 581 763 444 962 577 964 578 875 519 921 550 848 511 855 513 1000 600 872 526 940 566 735 430 986 593 896 540 903 547 914 550 777 474
90 20 8301 702 417 378 218 633 398 948 572 859 510 899 537 997 599 373 234 863 522 985 591 925 559 932 558 606 362 937 561 968 581 922 552 884 534 845 502 980 587 967 580
91 20 8418 934 562 939 564 690 418 934 562 743 448 691 411 958 574 921 557 819 487 827 500 585 336 990 594 987 593 974 586 859 518 822 503 734 431 979 587 548 306 903 540
92 20 8131 440 288 851 515 768 447 943 566 916 552 660 410 992 596 669 410 634 392 679 397 925 557 979 588 806 494 812 494 770 462 881 534 785 462 883 536 967 580 902 539
93 20 7982 640 389 771 454 770 474 854 521 439 236 849 512 770 463 674 391 914 550 939 564 991 595 947 571 894 532 775 452 969 582 640 401 899 544 775 456 766 451 689 420
94 20 8054 930 562 910 551 846 509 652 412 800 473 893 531 918 547 447 276 953 573 848 514 752 464 921 549 751 451 787 467 898 536 666 386 639 374 994 597 859 519 645 384
95 20 8040 872 527 968 583 870 521 920 552 943 567 871 520 848 516 507 282 731 430 971 584 718 440 977 585 770 455 736 442 193 91 996 598 804 486 637 377 791 478 957 576
96 20 8232 985 591 593 360 793 473 985 592 766 466 911 551 977 587 527 309 739 440 761 456 761 462 857 516 994 597 930 556 988 593 758 461 902 536 870 528 964 578 404 262
97 20 8113 552 341 675 414 992 595 572 327 997 598 906 540 960 574 847 511 609 377 702 418 971 585 702 406 872 523 819 494 896 537 810 489 897 538 773 465 743 444 931 562
98 20 8132 848 515 930 557 722 421 929 554 589 343 955 575 809 475 876 530 954 571 791 469 785 482 850 515 670 386 936 559 880 522 651 389 388 268 951 571 946 567 805 489
99 20 8387 768 459 899 538 915 545 828 490 885 529 721 449 944 566 817 492 596 352 862 519 803 478 707 421 707 436 878 531 996 598 950 571 873 521 784 472 874 521 968 583
100 20 8336 872 518 568 330 909 545 974 583 728 430 443 253 660 414 677 389 996 598 967 582 835 493 971 582 976 587 962 578 593 357 814 478 925 554 882 528 932 556 989 594
101 20 8193 969 583 880 526 981 588 974 584 787 464 723 419 999 599 568 352 970 581 550 324 777 465 884 530 883 533 771 468 872 518 975 586 904 543 673 394 503 306 744 456
102 20 8720 785 465 957 573 870 529 951 573 988 593 777 468 938 564 555 349 707 409 998 599 884 536 826 500 995 597 863 514 966 581 786 477 947 569 914 550 966 579 768 472
103 20 8689 984 590 733 456 596 381 894 536 985 591 997 599 980 588 870 525 973 585 991 595 880 535 701 415 857 518 808 480 967 581 675 394 999 599 742 449 900 543 846 512
104 20 8371 974 586 976 585 916 546 771 451 393 230 601 375 635 379 836 498 925 556 933 560 894 540 993 595 991 595 899 534 934 564 930 555 764 455 842 514 545 316 991 595
105 20 7598 999 599 911 550 897 537 602 339 666 388 726 443 639 405 826 485 994 597 815 487 680 410 836 509 550 337 894 531 849 506 909 541 650 389 579 367 521 308 654 372
106 20 8565 565 324 761 454 939 566 936 563 635 364 954 573 934 560 771 470 908 542 746 460 994 597 826 500 915 548 973 584 753 451 889 535 933 562 951 572 752 465 996 598
107 20 8481 701 418 980 587 975 584 770 450 862 513 937 565 942 566 954 570 742 438 688 401 568 329 996 598 666 396 923 551 971 584 979 587 986 592 643 387 926 554 753 454
108 20 7677 763 459 749 439 702 433 785 477 776 474 570 333 595 340 818 497 875 529 662 383 988 594 903 546 978 587 959 576 674 389 418 280 911 544 871 519 813 487 544 339
109 20 8589 910 547 806 478 913 549 994 596 937 559 987 593 874 518 634 400 754 458 975 584 807 476 786 460 940 565 893 532 872 520 902 537 928 555 552 314 891 535 823 495
110 20 7806 687 422 555 333 811 496 663 417 784 465 923 557 913 546 988 593 345 210 977 585 779 470 826 496 931 557 942 566 655 405 627 394 902 537 820 500 693 398 792 486
111 20 8496 925 557 980 588 923 559 833 503 867 528 758 469 694 405 785 466 951 571 933 561 882 535 810 477 965 579 799 474 830 493 616 390 813 478 870 524 907 545 852 519
112 20 8517 993 596 967 582 992 596 851 504 768 458 841 509 960 574 908 542 869 518 988 593 789 476 596 361 555 329 837 503 897 537 474 292 978 588 980 590 863 524 928 558
113 20 8503 893 537 904 546 930 562 956 573 949 567 771 460 891 532 670 404 371 204 880 530 625 353 763 468 965 577 995 597 981 589 763 458 987 592 992 596 911 552 809 483
114 20 8272 943 565 493 289 740 435 657 383 959 575 925 554 908 544 734 435 849 511 998 599 781 479 650 384 993 596 767 472 745 454 972 582 888 532 891 529 909 544 742 442
115 20 8658 832 501 914 547 969 582 787 474 957 572 865 521 940 565 924 553 985 592 754 438 570 341 829 496 856 510 917 553 901 538 952 571 857 510 721 439 862 518 924 556
116 20 8239 550 324 878 532 631 390 977 585 862 511 880 535 814 493 922 555 970 581 996 598 937 560 872 520 452 300 628 382 898 537 778 479 975 587 915 550 829 495 714 444
117 20 7758 527 341 452 301 940 562 510 316 606 357 885 537 902 540 619 369 972 583 762 447 842 499 745 443 655 373 873 522 909 548 974 584 763 462 887 535 750 463 944 569
118 20 8723 928 553 508 292 741 445 841 498 901 537 889 529 912 544 917 550 989 594 817 486 771 468 896 539 898 537 987 592 926 554 964 577 764 469 903 538 910 551 985 592
119 20 8262 943 569 915 546 639 397 822 499 848 517 898 540 928 559 718 442 811 476 589 351 664 411 922 549 871 515 775 456 849 504 1000 600 980 587 625 371 873 519 855 505
120 20 8467 702 412 984 591 850 504 936 565 887 534 690 400 780 463 862 518 940 565 843 513 904 538 821 486 682 396 986 592 871 518 734 425 996 598 934 562 533 347 1000 600
121 20 7798 719 431 967 581 830 499 985 591 931 556 916 548 808 495 437 252 525 337 877 528 868 513 998 599 948 571 644 403 617 356 356 179 674 415 928 553 736 452 833 496
122 20 8408 844 498 884 531 948 568 836 505 736 437 863 511 575 354 960 576 723 428 680 419 588 356 898 543 838 499 943 567 879 527 940 567 930 560 877 533 953 570 921 555
123 20 8476 948 566 953 572 808 489 949 568 893 537 955 571 817 494 842 502 781 457 453 277 868 517 795 482 988 593 809 480 815 498 783 471 842 512 785 462 930 561 938 566
124 20 8488 922 551 941 562 977 588 734 426 694 410 794 471 852 520 808 483 962 580 803 489 998 599 902 546 529 312 941 564 681 392 943 564 981 589 977 587 722 450 816 487
125 20 8739 995 597 704 423 669 387 918 549 991 594 982 590 855 521 823 488 581 351 986 591 833 509 904 547 920 556 916 547 940 566 848 502 931 562 958 577 894 542 831 506
126 20 8093 903 541 562 339 783 459 853 520 823 496 873 520 929 561 792 479 874 517 828 491 856 516 928 553 586 335 746 443 958 577 959 573 628 357 725 430 745 442 836 508
127 20 8738 821 489 750 458 982 590 909 549 988 593 988 593 938 566 990 594 671 419 986 591 799 488 963 579 695 413 916 548 588 337 860 510 927 558 968 581 964 580 774 466
128 20 8664 959 575 755 467 838 504 774 457 821 492 813 487 993 596 967 582 917 552 847 512 768 460 673 408 979 587 879 533 934 561 991 595 775 462 922 549 764 462 959 577
129 20 8251 959 576 928 560 879 520 690 396 781 482 996 598 582 340 947 566 269 152 729 443 725 423 842 513 914 553 909 548 891 539 952 573 812 488 852 509 951 572 894 542
130 20 8362 845 508 593 377 412 243 913 549 824 491 935 564 962 579 935 560 854 520 998 599 988 593 994 596 931 556 681 404 972 583 552 352 816 484 899 544 838 499 782 473
131 20 9009 908 548 965 579 953 570 993 596 994 597 879 521 903 536 936 559 718 419 914 553 884 534 970 583 927 556 794 472 815 492 892 537 895 535 820 496 894 538 965 580
132 20 8326 984 590 633 387 916 551 542 303 917 553 959 576 866 521 759 459 588 341 966 579 768 447 939 566 845 502 736 443 956 574 814 478 810 480 779 475 987 593 888 539
133 20 7968 814 484 760 461 903 545 691 429 681 404 946 568 886 534 897 536 842 502 639 401 932 556 852 503 628 393 984 590 710 421 639 368 967 579 582 374 965 580 618 381
134 20 7484 826 490 987 592 787 463 665 416 846 513 537 347 888 534 963 577 694 413 161 65 553 331 961 576 883 533 858 520 904 543 725 423 374 231 595 366 864 523 897 535
135 20 8195 932 557 890 529 998 599 965 580 845 505 887 537 939 562 766 469 823 487 481 260 543 302 586 332 837 506 994 597 627 373 910 547 834 497 888 533 647 367 998 599
136 20 8162 971 582 801 470 891 529 814 494 858 522 857 508 990 594 906 546 752 452 809 494 602 354 970 582 677 420 859 523 944 569 853 513 672 407 456 280 925 554 717 440
137 20 7995 919 555 930 557 633 360 828 506 774 474 859 507 825 501 621 377 878 525 815 478 690 430 780 463 988 593 814 497 890 530 745 444 997 599 233 121 820 484 952 571
138 20 8060 875 525 820 491 690 410 870 528 963 578 372 216 704 410 652 390 900 536 961 579 722 424 825 498 945 566 864 524 872 529 949 568 685 397 849 516 845 500 757 460
139 20 8429 562 327 940 564 889 528 983 591 888 539 984 591 722 417 919 548 793 483 828 491 985 592 894 537 996 598 791 465 832 493 951 569 957 575 696 405 439 242 810 493
140 20 8459 877 529 960 574 903 544 910 549 875 520 989 595 736 433 749 456 981 589 732 439 842 503 921 554 815 493 979 588 425 276 914 544 733 444 926 553 940 565 712 417
141 20 8166 916 545 974 585 495 311 825 496 849 513 926 555 674 407 934 563 896 538 993 596 971 584 645 381 576 327 737 435 983 590 704 416 894 538 579 359 853 505 909 546
142 20 8281 851 505 893 532 803 492 882 528 651 408 851 505 839 497 941 564 873 530 990 594 855 519 913 543 824 493 968 583 769 469 658 378 951 571 457 256 863 514 731 424
143 20 8287 455 284 963 580 991 596 849 510 725 447 814 491 954 572 884 529 953 574 512 312 969 583 933 559 818 495 958 575 917 547 972 583 990 594 394 263 551 308 972 584
144 20 8540 750 437 577 368 728 431 985 592 902 545 936 563 981 589 940 561 869 527 966 582 959 575 849 505 753 450 634 399 746 460 978 586 756 467 933 558 983 589 855 508
145 20 8689 956 572 781 473 921 548 892 541 969 584 847 517 721 437 936 560 813 484 744 432 957 572 766 459 807 493 926 552 899 534 975 585 733 453 769 462 992 596 975 584
146 20 8502 788 469 900 544 819 489 814 481 679 425 877 520 865 527 894 536 959 577 977 585 771 458 654 388 939 561 650 376 994 597 914 549 988 592 991 595 772 466 759 451
147 20 8951 980 588 944 564 950 572 779 470 977 587 930 558 990 595 544 342 979 589 958 575 945 566 960 576 822 488 971 583 991 594 892 532 927 554 488 280 976 587 899 539
148 20 8632 884 528 840 498 903 545 885 533 913 548 888 538 890 530 982 591 974 584 985 591 993 596 865 527 501 275 961 577 709 437 913 544 987 593 497 299 830 506 864 513
149 20 8399 615 389 734 428 971 583 831 496 959 573 685 411 908 541 939 565 814 496 795 484 750 446 951 572 817 487 991 595 863 515 926 551 790 465 732 443 812 493 915 553
150 20 8472 759 444 878 521 847 513 571 354 816 486 912 550 650 407 994 597 787 478 964 579 880 531 923 554 829 491 938 562 788 475 846 511 848 503 885 535 974 585 856 516
151 20 8365 995 597 659 408 461 308 917 548 920 555 966 582 809 482 983 590 648 388 889 532 653 398 959 574 924 550 979 587 942 563 835 495 857 510 742 451 993 596 600 351
152 20 8522 901 542 900 546 870 524 752 449 960 576 607 365 965 579 740 442 919 553 914 551 972 582 753 444 661 401 836 505 996 597 757 458 996 597 711 418 871 524 963 580
153 20 8298 884 530 996 598 963 578 997 599 831 502 753 448 849 514 741 438 974 584 850 503 759 465 774 466 748 440 795 473 684 409 953 571 862 526 762 445 786 475 635 370
154 20 8130 725 427 925 553 701 407 910 542 893 530 664 405 706 424 888 533 907 545 799 468 989 594 763 453 845 501 847 508 820 483 946 568 536 335 662 387 906 543 829 488
155 20 8370 658 410 370 208 771 473 782 479 490 266 962 579 944 568 997 598 639 393 981 589 996 598 998 599 1000 600 805 494 829 502 986 592 683 393 929 553 944 564 976 585
156 20 8576 827 486 931 555 737 438 879 529 975 585 627 360 957 574 880 522 910 550 937 559 998 599 975 584 964 578 613 359 977 586 751 445 983 590 463 266 876 533 892 537
157 20 8414 945 569 829 498 862 520 888 530 892 536 874 528 923 558 887 527 851 505 871 526 965 581 954 575 502 328 660 416 796 474 986 591 619 380 757 455 790 462 977 587
158 20 8933 902 541 926 552 945 568 919 547 985 591 840 495 874 531 939 565 557 357 925 555 660 395 950 568 900 539 978 587 911 543 950 569 923 552 918 548 875 518 989 594
159 20 8844 898 544 959 577 914 552 927 555 883 537 953 572 979 588 986 592 975 586 717 414 855 515 962 578 927 554 936 560 734 439 920 555 754 459 864 525 964 579 581 331
160 20 8681 846 502 927 559 809 494 943 564 535 304 897 541 749 453 919 551 919 550 783 463 882 527 757 447 990 594 883 525 806 492 883 526 947 570 950 567 1000 600 937 561
161 20 8437 899 536 884 533 562 313 927 556 843 502 968 580 831 501 833 507 854 506 717 444 983 590 547 353 676 404 887 533 964 581 979 588 696 431 916 550 987 592 921 550
162 20 8375 995 597 841 513 651 387 914 548 903 544 978 586 838 496 679 420 923 558 930 562 869 514 753 449 838 501 874 528 924 555 956 575 728 436 580 326 577 360 999 599
163 20 8700 696 407 932 563 966 581 966 581 972 582 992 596 905 541 559 321 912 546 942 566 664 407 903 538 945 569 979 587 916 553 996 598 657 378 833 504 714 436 952 570
164 20 8295 634 381 936 562 839 513 889 528 817 498 965 580 887 527 606 363 832 505 827 487 714 436 878 524 959 576 604 354 835 502 611 361 960 574 850 503 954 571 993 596
165 20 8356 851 519 931 555 946 565 653 371 991 594 923 553 778 474 963 577 908 551 867 514 990 594 773 472 896 543 907 545 819 488 482 287 455 272 679 418 990 594 910 548
166 20 7836 672 402 985 592 824 501 710 417 972 582 783 464 548 333 681 412 809 484 899 534 600 350 965 580 702 424 852 506 858 517 740 443 953 572 635 369 963 577 521 308
167 20 8240 897 534 652 386 611 382 900 538 975 587 403 218 655 399 787 468 991 595 982 589 928 559 742 447 922 549 717 424 950 573 958 575 945 565 898 537 900 538 668 409
168 20 8574 609 380 881 535 856 507 754 446 976 586 859 523 954 572 773 465 765 463 892 540 499 302 940 561 985 592 903 547 1000 600 904 544 921 557 967 578 993 596 717 438
169 20 8463 889 535 984 591 617 351 734 426 775 466 882 535 655 385 999 600 801 484 777 459 786 471 796 486 783 469 908 547 872 527 934 563 846 512 985 591 919 550 985 590
170 20 8583 906 542 828 498 730 436 850 505 837 494 860 524 955 575 939 567 1000 600 900 535 994 597 934 559 311 210 935 562 956 573 852 507 820 483 720 429 987 592 852 504
171 20 7804 836 500 873 520 899 544 692 430 965 578 852 506 907 548 715 431 894 532 838 500 959 574 629 367 921 552 485 316 646 398 514 309 918 554 584 368 614 391 867 515
172 20 8204 831 493 952 569 985 592 940 567 883 527 794 465 856 507 508 283 881 530 570 355 927 555 874 517 650 373 705 421 980 588 948 572 852 516 867 520 691 404 715 444
173 20 9115 965 581 991 595 970 583 846 514 978 587 967 582 851 504 842 505 900 541 776 463 993 596 936 558 922 551 944 568 756 467 947 571 903 537 963 577 822 488 958 574
174 20 8400 779 470 865 514 711 429 724 443 809 497 902 539 893 542 962 577 862 511 741 431 997 598 708 433 822 491 939 562 907 547 727 434 862 518 978 587 644 384 969 582
175 20 8824 839 513 905 543 891 533 963 577 816 494 820 498 964 577 924 550 912 549 955 571 979 587 824 503 680 427 792 472 1000 600 863 522 793 481 1000 600 927 554 802 479
176 20 8244 904 539 796 475 997 599 910 543 893 536 787 463 978 588 929 560 802 491 753 442 804 472 774 472 416 263 738 457 702 435 963 578 998 599 668 419 948 572 728 423
177 20 8019 933 560 640 400 738 428 956 574 715 441 701 422 650 391 780 472 801 488 719 431 757 453 964 579 762 452 976 584 648 397 720 428 921 548 819 499 969 582 869 523
178 20 8260 977 587 829 496 503 274 949 572 829 496 993 596 964 577 996 598 440 278 755 453 842 497 916 548 937 562 792 476 562 319 901 539 879 521 538 349 951 571 968 581
179 20 8711 829 502 915 553 877 529 944 568 645 400 838 506 876 533 911 548 782 479 865 525 973 585 776 453 878 534 964 578 986 592 644 390 952 571 821 499 974 583 972 583
180 20 8123 984 590 920 548 940 561 241 163 455 256 795 468 946 571 509 317 890 529 807 492 935 559 710 414 978 587 976 586 992 596 891 540 960 577 802 481 640 403 876 532
181 20 7753 766 456 741 440 783 478 991 595 611 359 711 426 824 492 871 518 945 564 760 443 418 245 598 381 922 551 696 427 692 399 823 483 917 547 893 531 994 597 550 322
182 20 8314 874 521 817 481 984 590 982 589 698 406 410 238 832 494 966 580 697 427 647 396 853 518 627 355 987 593 971 584 656 405 985 591 987 592 968 580 981 589 707 436
183 20 8638 816 491 786 472 872 525 606 367 955 572 980 588 985 592 988 592 991 595 862 523 843 497 908 549 908 546 988 593 703 439 702 424 919 556 721 449 769 457 975 584
184 20 8438 744 453 674 413 834 493 884 533 958 574 946 570 904 540 936 564 860 524 911 544 856 506 885 528 843 512 931 557 468 278 876 521 778 476 782 478 968 579 838 501
185 20 8449 951 571 959 575 882 527 660 393 726 426 662 413 971 584 845 511 790 472 984 591 763 444 889 536 826 488 880 534 970 583 837 506 908 550 882 523 946 571 568 343
186 20 8391 952 569 818 496 744 451 843 515 601 368 762 447 955 573 864 521 882 532 947 567 928 562 836 494 917 552 973 585 954 574 950 570 674 404 705 417 760 455 717 438
187 20 8409 953 575 753 457 976 587 731 446 985 590 821 485 741 439 966 578 627 398 981 590 992 596 859 509 890 530 931 561 881 523 822 494 508 333 895 537 556 324 950 568
188 20 7925 821 500 523 286 662 391 655 406 994 596 826 494 833 501 842 510 658 403 999 600 955 574 706 433 654 377 845 505 666 381 939 565 749 438 783 459 768 464 973 585
189 20 8422 976 587 793 466 906 543 926 552 850 504 946 570 857 512 344 222 970 581 760 447 959 574 996 598 995 597 470 287 937 564 769 449 797 486 896 533 868 516 829 492
190 20 8626 884 528 664 390 813 498 976 585 964 580 747 455 691 429 990 594 885 534 716 423 786 469 906 547 857 522 846 516 831 506 915 554 975 586 990 594 832 498 985 591
191 20 8710 996 598 892 533 893 533 956 576 934 563 960 575 812 478 992 596 851 507 863 524 762 456 992 595 758 447 978 588 829 506 889 528 725 445 902 545 481 316 956 571
192 20 7905 892 536 893 533 642 379 950 570 867 527 787 479 946 570 652 387 671 413 993 596 948 571 750 441 569 329 106 68 984 592 970 580 783 480 551 328 931 558 926 560
193 20 8746 907 544 922 557 980 589 856 506 633 374 757 459 928 557 914 544 861 511 992 595 921 553 872 526 680 420 931 561 997 599 883 535 717 445 814 497 929 554 999 600
194 20 8098 625 366 914 544 963 578 286 144 806 474 993 596 703 417 959 573 850 518 863 512 959 574 923 555 926 553 887 526 459 290 902 547 725 431 959 577 680 417 814 479
195 20 8825 972 583 980 587 947 567 966 580 871 522 905 546 840 508 885 534 627 369 680 416 849 514 971 582 974 584 678 394 896 537 909 548 949 567 908 548 893 537 950 568
196 20 8722 966 579 787 463 963 577 801 483 909 540 834 497 844 516 980 588 952 574 920 557 792 475 797 473 998 599 740 444 889 537 890 530 823 489 921 549 672 408 966 580
197 20 8652 823 497 747 455 770 469 669 406 917 555 903 542 882 529 925 558 855 512 968 582 917 547 933 560 955 576 991 594 811 495 928 557 599 348 967 581 879 531 865 526
198 20 8501 866 517 758 459 995 597 933 560 974 584 905 540 864 526 666 403 825 488 744 456 994 597 971 582 860 512 884 526 917 548 677 410 821 482 802 485 966 578 581 333
199 20 8746 962 579 840 504 904 540 979 587 995 597 996 598 710 429 866 524 555 358 984 591 900 543 849 513 1000 600 828 506 984 591 964 578 961 576 478 300 794 482 944 566
200 20 8820 976 586 955 573 960 578 951 568 899 539 848 514 759 455 940 562 950 573 888 527 916 546 754 467 918 550 767 453 790 480 779 476 702 415 954 572 967 581 967 581
201 20 8340 924 555 726 450 888 527 897 544 700 411 896 542 680 424 586 331 994 597 873 529 974 585 835 509 928 553 701 429 777 455 952 569 852 511 929 562 855 521 713 436
202 20 7864 907 540 601 346 808 486 676 411 831 489 686 420 654 396 757 468 917 553 625 369 468 305 969 583 693 405 744 435 925 558 926 551 929 554 899 536 886 531 827 494
203 20 8458 874 523 791 478 964 577 937 561 791 477 847 510 885 532 910 542 850 510 951 572 710 414 956 574 679 424 905 543 669 405 887 526 834 505 925 560 989 593 562 324
204 20 8737 841 505 812 496 943 567 269 197 796 480 956 576 905 540 888 537 901 542 994 597 934 559 923 554 972 583 994 597 979 586 888 533 910 545 715 431 860 516 994 597
205 20 8304 790 477 730 454 667 414 880 531 977 587 943 568 710 440 982 590 976 585 902 539 733 444 659 394 943 567 619 370 839 498 958 575 971 581 636 386 694 429 999 599
206 20 8118 504 324 890 529 292 163 696 424 916 547 891 537 954 572 978 586 986 592 813 487 852 513 805 476 878 532 622 395 774 463 860 523 923 550 932 560 813 483 858 509
207 20 8177 979 587 691 399 972 585 863 516 708 422 879 531 540 312 918 554 600 377 875 528 948 572 903 539 922 558 473 255 832 490 836 502 955 575 729 454 879 530 853 515
208 20 8032 912 544 412 233 613 382 940 563 919 556 896 534 685 400 904 543 860 509 820 497 681 390 1000 600 505 303 798 481 818 494 887 535 891 537 913 550 970 582 640 399
209 20 8259 960 574 835 498 910 542 611 350 811 493 842 511 990 594 886 533 550 323 926 557 953 571 596 362 807 482 766 457 757 468 615 352 976 587 943 564 831 509 954 575
210 20 8529 888 528 914 551 836 499 872 516 932 562 575 369 781 460 924 555 936 562 978 586 697 418 842 513 688 422 960 578 854 517 898 535 975 586 857 511 651 397 1000 600
211 20 7969 901 545 775 453 591 333 429 282 948 568 829 498 839 495 775 469 987 592 822 497 949 569 849 513 503 325 867 527 987 592 724 429 758 442 986 592 815 481 605 387
212 20 8506 656 405 823 504 534 313 950 569 745 435 950 568 851 509 819 500 995 597 875 523 980 588 949 569 955 575 792 480 772 474 972 583 838 501 982 589 802 490 772 462
213 20 8109 783 458 962 577 655 399 928 553 751 449 876 519 509 319 814 480 656 414 987 592 934 558 930 559 958 573 745 441 671 404 632 402 747 460 996 598 957 573 728 437
214 20 8989 1000 600 741 453 962 578 924 555 987 592 642 400 842 500 942 566 795 484 944 567 995 597 986 592 861 524 908 543 937 561 875 531 964 577 967 579 762 467 944 564
215 20 7840 922 551 879 532 920 547 828 506 830 488 363 224 697 402 972 584 592 334 593 360 934 564 424 260 646 405 850 517 679 406 935 565 999 599 969 582 770 462 879 521
216 20 8511 969 582 608 372 708 410 989 594 662 410 983 590 993 596 755 443 875 521 957 577 725 438 984 592 946 569 966 579 897 534 726 448 755 442 966 578 921 554 637 375
217 20 8143 796 481 727 442 954 574 697 407 924 553 868 518 737 454 505 276 940 562 916 552 997 599 631 369 694 420 883 526 984 591 690 431 877 527 859 507 859 522 749 443
218 20 8154 773 476 594 378 896 539 683 394 866 516 703 405 794 484 980 588 957 574 702 429 648 391 762 466 880 525 996 598 962 577 954 574 990 594 702 407 606 385 861 522
219 20 8665 912 549 898 543 964 577 909 547 982 588 403 243 805 485 835 509 907 545 991 594 987 592 950 570 739 450 830 494 958 576 939 564 837 497 861 519 781 479 843 497
220 20 8111 710 413 943 567 850 518 991 595 609 369 910 545 858 521 946 568 746 451 877 533 925 554 953 571 925 556 889 540 444 294 618 384 958 578 317 153 944 567 809 475
221 20 8658 698 436 888 531 979 588 934 562 922 553 959 576 971 584 721 426 857 508 903 543 905 541 834 494 882 528 678 408 759 442 998 599 937 564 808 479 980 589 704 436
222 20 8268 660 413 738 432 961 579 463 271 370 239 972 585 773 475 813 497 867 515 882 527 917 550 941 568 944 563 748 435 937 561 934 563 948 571 928 555 852 507 889 534
223 20 8237 877 522 926 553 992 596 718 443 860 516 551 346 962 575 747 444 874 520 631 362 958 574 744 439 972 584 787 478 888 534 469 257 968 582 961 578 680 389 909 543
224 20 8515 936 558 979 588 818 484 924 551 879 525 850 504 583 334 801 478 453 299 821 493 973 584 947 571 788 476 855 505 989 594 794 476 847 507 883 523 999 600 912 552
225 20 8528 914 552 965 581 914 550 906 547 899 542 924 554 720 435 892 529 989 594 741 438 929 562 665 399 904 544 776 468 878 526 811 477 979 589 987 593 612 359 652 381
226 20 8482 925 555 767 454 677 412 932 561 945 568 818 487 839 504 919 552 925 553 539 304 851 503 972 584 716 421 908 548 679 395 940 566 902 541 1000 600 898 537 812 482
227 20 8197 996 597 692 414 692 400 811 487 896 542 995 597 827 506 672 396 731 425 858 507 702 430 953 574 976 585 587 358 633 374 776 462 899 538 923 554 878 529 898 544
228 20 8538 960 577 764 467 916 552 711 425 983 589 813 482 796 467 937 559 938 559 861 511 995 597 919 548 596 343 962 578 541 328 957 573 925 554 933 562 625 392 944 568
229 20 8117 958 576 652 400 624 369 940 562 845 510 779 457 848 518 628 371 948 570 882 532 998 599 678 409 961 579 697 412 730 432 482 264 869 523 786 472 941 562 988 594
230 20 8277 900 540 889 527 993 596 989 593 606 365 587 359 1000 600 784 460 597 378 918 553 716 419 996 598 753 459 799 476 554 357 925 556 961 577 625 390 974 584 988 593
231 20 8439 862 517 730 449 857 506 700 425 923 556 744 439 974 583 867 522 865 517 971 582 713 426 833 502 888 539 890 529 848 509 851 515 909 543 875 518 853 511 726 444
232 20 8328 868 514 977 587 641 364 864 513 848 503 818 488 911 543 835 492 573 358 982 589 942 564 804 491 826 495 776 464 931 562 888 526 894 540 770 451 621 381 887 537
233 20 8388 733 453 584 338 877 532 872 522 983 589 933 558 985 592 975 585 760 464 670 410 714 430 688 400 986 591 971 584 885 536 795 470 852 509 776 471 871 528 866 517
234 20 8050 633 392 827 506 703 433 905 541 766 449 982 590 813 482 932 561 829 497 897 533 901 540 832 496 854 508 932 557 593 345 674 407 872 528 691 430 503 310 962 575
235 20 8040 564 323 998 599 723 445 901 544 856 513 845 513 812 481 968 583 962 576 584 359 516 293 825 486 981 589 965 581 698 409 916 550 632 361 659 382 676 421 999 600
236 20 8607 485 320 935 562 825 491 885 525 748 460 771 461 879 527 953 571 952 570 995 597 896 542 996 597 884 531 671 400 845 499 738 440 902 542 984 591 961 577 910 545
237 20 8259 759 455 886 537 902 546 752 441 959 576 622 379 942 565 895 543 988 593 912 547 742 442 880 521 854 510 974 584 764 457 745 434 896 537 498 312 650 379 899 536
238 20 8434 751 446 976 586 981 589 881 531 880 530 786 469 938 566 682 419 996 598 893 536 799 475 829 490 627 391 798 478 998 599 818 488 751 439 818 491 883 534 783 460
239 20 8515 935 564 596 339 967 579 940 563 915 553 499 297 979 589 875 519 957 575 683 399 930 561 985 591 814 487 958 575 779 455 639 380 946 568 834 499 821 503 979 589
240 20 8372 880 532 846 515 772 461 577 324 895 533 845 505 909 550 844 507 971 584 849 518 870 515 952 569 957 576 940 565 994 596 984 590 369 212 963 578 926 558 401 273
241 20 8186 784 470 836 494 951 570 854 510 771 460 780 467 717 425 890 541 863 521 964 580 953 570 863 512 664 404 613 384 960 575 951 572 403 207 825 498 872 518 859 511
242 20 8309 870 522 983 589 756 448 899 537 718 419 949 570 994 597 984 591 808 493 981 588 805 495 447 256 805 493 700 424 926 556 783 480 909 540 992 595 502 328 807 474
243 20 7560 731 436 948 570 476 266 944 568 753 442 820 500 440 278 448 301 812 494 749 442 696 425 369 224 848 505 915 546 995 597 847 508 925 553 831 496 823 499 750 457
244 20 7974 870 528 819 491 656 389 593 368 785 460 526 302 765 461 967 582 695 430 648 372 961 575 737 451 911 548 893 540 945 568 891 534 975 586 889 534 916 548 506 282
245 20 8004 877 532 878 530 945 564 714 440 766 465 744 441 833 499 938 566 928 557 738 430 924 555 573 360 937 560 576 353 487 318 768 472 698 422 844 502 991 595 850 518
246 20 8485 880 533 985 591 718 415 908 544 931 557 924 556 793 468 971 582 869 518 683 412 969 579 745 435 937 564 986 591 900 542 842 508 701 405 808 483 425 226 996 598
247 20 8684 890 540 930 554 904 546 999 600 541 347 867 528 850 512 943 566 776 475 924 553 990 594 961 575 996 598 892 538 877 532 908 547 801 478 906 548 646 402 767 472
248 20 8441 828 487 592 353 752 465 761 464 876 528 930 562 827 507 866 518 850 505 610 375 998 599 949 567 627 370 972 583 978 588 956 575 875 524 837 506 901 541 898 536
249 20 8039 841 504 863 523 850 508 902 535 862 510 835 504 828 492 486 268 718 416 948 568 638 364 543 324 926 556 921 549 967 581 718 439 994 597 813 495 476 306 950 570
250 20 8638 909 541 778 463 854 513 894 537 741 432 776 462 959 575 827 496 946 568 905 538 787 474 894 532 993 596 941 563 902 546 867 528 863 512 849 513 736 438 855 511
251 20 8471 922 549 874 518 799 479 711 438 865 517 892 540 868 522 925 553 728 443 972 584 813 488 839 505 605 378 864 515 998 599 871 526 932 560 996 598 697 431 771 475
252 20 7910 611 360 528 329 836 496 976 587 691 429 550 354 708 424 993 596 948 570 628 370 876 521 631 376 746 435 951 570 940 565 714 432 991 596 915 549 788 470 800 490
253 20 8465 686 415 813 493 501 290 694 417 973 584 861 524 701 415 908 540 712 411 822 501 984 591 976 587 932 561 883 530 940 564 766 458 974 586 963 580 910 541 931 560
254 20 8698 995 597 921 554 927 557 651 375 372 213 986 592 935 562 788 473 932 561 882 524 968 580 974 584 990 594 890 536 749 457 816 492 892 530 869 529 951 572 908 549
255 20 8274 711 425 630 358 773 456 987 593 873 530 907 547 789 486 930 555 890 532 803 488 879 529 849 502 952 570 733 447 959 578 821 500 840 513 626 355 633 387 963 580
256 20 8684 866 522 951 570 748 459 878 526 963 580 815 483 949 567 887 533 973 585 762 447 486 302 880 531 957 575 882 529 954 573 992 595 779 459 903 537 935 558 809 491
257 20 8201 627 393 498 273 931 555 915 545 879 532 783 477 983 589 726 432 836 494 868 527 913 552 935 558 900 546 671 421 513 294 852 514 914 546 940 565 723 447 996 598
258 20 8575 925 557 681 420 816 484 884 530 977 586 995 597 971 582 592 343 860 518 748 456 911 542 925 554 690 433 877 533 936 564 934 560 993 596 610 374 930 561 895 532
259 20 7886 963 577 740 452 480 271 811 485 791 464 943 568 335 212 846 505 830 491 768 461 775 456 796 478 834 500 709 425 789 480 913 553 978 588 823 497 994 597 654 380
260 20 7958 968 582 732 450 879 523 863 519 846 505 588 365 603 369 991 595 864 521 932 560 796 479 877 532 966 581 493 266 937 562 777 475 568 334 772 469 616 352 849 514
261 20 8180 856 506 524 321 954 574 564 344 915 548 854 514 932 562 795 482 640 374 769 463 702 406 894 538 952 569 1000 600 995 597 697 407 977 585 668 390 866 523 806 490
262 20 8315 894 534 920 553 845 501 984 591 853 505 677 425 942 568 904 542 822 498 825 499 784 475 958 577 701 428 729 442 949 569 813 494 396 262 944 570 870 514 820 484
263 20 8467 723 428 648 369 821 483 975 586 968 582 790 483 991 595 838 506 953 569 925 555 988 594 791 487 798 479 905 542 952 573 457 245 994 597 840 497 669 394 909 546
264 20 8737 878 525 904 537 965 579 921 557 837 508 964 579 787 484 520 300 706 414 934 564 979 588 877 531 804 490 970 583 985 591 972 585 1000 600 903 542 686 427 883 529
265 20 8098 701 425 752 458 764 459 802 479 564 318 953 573 841 497 793 469 963 577 696 421 987 593 791 475 852 516 787 476 719 442 800 489 927 560 912 545 771 454 822 504
266 20 8621 717 446 813 491 737 434 839 499 958 574 779 474 864 521 650 371 914 549 949 567 989 593 863 517 991 595 984 590 556 347 919 552 969 582 868 526 903 548 981 588
267 20 8011 609 382 416 257 920 548 823 496 664 381 954 574 821 484 934 563 985 591 656 390 839 510 767 448 935 562 603 383 936 558 757 443 1000 600 903 540 870 519 630 392
268 20 8390 900 538 643 388 623 385 917 551 730 435 930 561 847 515 952 569 877 532 786 469 901 546 897 544 919 548 708 438 738 449 784 471 978 588 791 483 955 572 904 547
269 20 8374 898 537 674 387 823 502 853 507 577 337 989 594 891 540 909 546 638 394 515 332 862 523 944 566 838 509 774 455 798 491 919 556 897 540 976 585 982 590 991 595
270 20 8257 549 324 832 491 944 564 978 588 697 404 801 490 959 575 918 547 765 461 490 306 757 457 990 594 966 582 966 578 949 569 996 598 702 415 820 502 970 583 465 290
271 20 9008 990 594 924 550 802 482 938 562 790 469 1000 600 905 543 859 509 817 486 893 542 994 596 997 598 716 437 939 565 849 504 964 578 947 571 956 575 965 578 772 469
272 20 8396 796 473 732 448 720 435 972 584 925 553 940 564 668 399 888 526 469 313 926 552 853 518 859 518 873 518 972 583 720 431 748 441 961 575 906 539 904 543 960 577
273 20 7658 931 556 896 541 762 464 632 360 984 591 649 375 724 430 567 330 882 525 801 488 916 548 892 540 713 435 539 326 698 412 860 523 899 539 646 385 630 358 695 419
274 20 7959 991 595 730 436 970 581 514 323 599 360 890 528 967 579 843 500 927 555 774 455 545 353 914 552 774 472 970 583 736 440 699 431 803 475 877 522 406 210 989 594
275 20 8596 988 592 799 482 803 490 580 340 841 509 926 552 651 393 939 566 946 569 952 573 958 577 946 569 841 508 955 570 582 336 913 553 963 579 690 424 982 590 938 565
276 20 8655 976 585 704 439 812 498 999 600 930 562 775 463 964 577 986 593 755 455 859 507 945 566 998 599 725 445 895 531 865 517 853 506 923 554 874 517 990 594 482 277
277 20 8128 734 453 944 570 787 482 809 478 728 447 268 130 932 560 934 557 813 499 889 537 855 513 994 596 660 414 959 573 819 490 731 427 956 573 984 592 905 542 555 319
278 20 8524 467 280 694 418 989 594 802 492 994 597 1000 600 869 517 978 588 935 561 762 463 942 566 950 570 771 456 989 594 948 568 994 597 938 566 960 574 475 263 591 357
279 20 7863 949 572 845 505 906 549 688 395 675 396 870 530 643 403 917 546 904 542 799 476 328 207 935 560 645 395 949 567 620 388 916 549 821 492 661 377 749 441 906 544
280 20 8345 817 483 900 540 794 469 847 502 652 398 744 437 786 474 562 341 998 599 950 570 800 472 994 597 808 483 785 467 752 457 909 546 719 429 896 534 985 591 993 596
281 20 8358 874 518 704 408 846 513 878 525 806 473 983 589 550 320 917 553 944 570 877 529 996 598 676 425 495 307 952 572 947 565 925 553 824 504 931 556 794 485 798 478
282 20 8643 915 551 943 565 952 570 968 582 746 443 793 470 995 597 922 549 991 594 868 515 890 528 885 531 820 490 751 452 940 561 860 512 921 557 641 394 485 305 1000 600
283 20 8754 981 588 749 447 921 557 784 461 736 439 816 479 859 515 978 586 766 452 862 517 916 545 978 586 968 583 786 478 926 555 1000 600 859 510 750 449 998 599 876 520
284 20 8481 886 525 910 550 724 431 805 485 917 546 971 582 947 568 817 499 739 451 900 541 999 599 970 581 992 596 933 557 497 274 919 548 782 471 495 317 936 561 823 489
285 20 8445 659 378 962 576 847 516 736 429 943 569 872 529 944 568 866 512 612 391 950 567 903 540 955 573 884 530 754 457 978 588 625 381 871 521 924 559 863 513 743 450
286 20 8395 997 598 942 569 923 557 934 562 938 563 689 409 949 572 724 432 705 423 832 502 631 396 935 560 710 439 507 282 987 593 734 454 837 498 961 576 960 574 895 533
287 20 6897 544 323 567 343 894 534 524 330 941 564 743 439 944 564 402 223 544 348 692 408 908 549 987 593 741 457 353 197 420 220 538 331 532 327 921 551 606 376 993 596
288 20 8265 941 562 957 575 722 442 894 540 882 532 810 493 881 524 920 553 627 355 783 475 672 393 888 528 868 517 511 282 846 514 993 596 987 593 993 596 880 524 475 310
289 20 8460 969 580 912 543 734 448 916 552 855 513 992 596 576 341 813 483 466 296 915 545 818 480 994 597 889 527 921 551 738 455 858 520 749 454 896 533 968 579 941 566
290 20 8779 955 571 864 526 927 553 897 543 713 415 842 504 808 474 911 548 839 501 967 581 718 424 932 563 902 546 859 516 980 589 955 576 986 592 909 549 923 558 671 388
291 20 8602 930 561 990 594 703 423 920 554 873 524 809 484 846 514 626 390 722 423 974 584 991 595 886 537 823 498 938 565 786 474 911 542 883 532 814 492 792 472 988 593
292 20 8161 804 473 809 474 950 568 819 483 463 310 926 556 974 585 951 571 752 437 928 554 634 359 795 470 955 571 727 438 867 526 602 363 904 539 943 569 952 570 567 348
293 20 8331 596 343 806 483 982 589 862 514 704 431 986 592 931 561 880 525 713 414 862 522 853 507 449 254 943 569 995 598 854 515 993 596 923 552 694 433 996 597 640 379
294 20 8966 945 567 923 555 979 588 914 551 943 568 890 535 994 597 914 551 874 532 952 571 920 556 952 570 636 374 833 508 806 492 761 458 918 555 991 595 912 544 876 527
295 20 8189 759 452 286 161 810 491 730 440 902 539 968 581 738 454 692 401 863 517 745 445 916 548 891 539 918 552 974 586 612 353 937 559 924 557 991 595 945 565 778 463
296 20 8457 908 541 746 441 974 585 835 495 1000 600 448 259 997 598 900 534 856 512 950 572 857 513 818 492 926 560 908 549 378 239 801 490 978 587 947 566 705 423 983 591
297 20 8246 858 516 928 559 376 233 835 498 691 424 977 586 866 526 991 595 939 566 909 549 953 572 929 561 720 441 824 500 313 174 910 541 887 528 765 446 846 504 975 586
298 20 7834 768 466 955 575 724 434 656 374 744 454 967 581 753 448 588 373 936 565 475 306 899 539 791 487 741 440 853 508 411 244 979 588 917 554 632 364 926 554 953 573
299 20 8329 869 528 871 525 966 578 881 530 801 483 986 592 920 554 569 324 969 582 647 403 954 571 981 588 859 521 589 342 891 539 999 599 739 450 577 341 668 395 923 559
300 20 8812 883 528 980 589 965 581 948 569 923 551 596 343 898 534 693 402 859 520 878 524 979 589 994 597 942 563 628 393 954 570 972 583 808 477 774 477 973 583 977 585
301 20 8548 845 512 774 454 922 555 774 458 621 378 930 559 961 578 612 377 713 431 974 584 904 541 947 569 987 592 796 484 929 559 823 484 841 511 968 581 958 577 817 479
302 20 8332 867 518 895 532 641 401 717 426 837 506 851 513 851 504 595 352 766 455 915 547 742 459 963 579 832 493 959 578 919 554 727 449 913 551 914 545 905 539 855 510
303 20 8203 908 549 934 564 996 598 990 594 764 449 844 511 804 473 994 597 793 469 953 569 467 271 772 454 641 406 990 594 730 446 750 438 680 406 817 498 872 524 707 430
304 20 8139 772 455 883 532 652 391 895 540 938 563 757 446 941 565 813 498 993 596 898 541 997 599 982 590 560 321 920 552 594 343 726 420 628 373 785 458 706 421 839 500
305 20 8865 987 593 826 496 756 460 957 577 955 573 876 522 968 579 964 579 538 337 961 575 991 595 950 569 879 526 996 598 999 600 950 572 839 505 888 532 951 569 499 322
306 20 8139 987 593 786 473 611 351 856 516 807 478 969 580 778 459 980 587 801 473 980 589 880 534 832 493 499 315 945 564 532 347 976 587 740 435 731 437 953 570 636 362
307 20 8180 955 572 742 435 657 411 855 520 911 550 716 420 933 558 753 454 884 531 966 578 864 514 656 395 746 453 743 460 970 583 878 529 980 588 659 407 996 598 497 327
308 20 8814 808 485 733 452 921 551 529 308 923 554 978 587 809 495 940 564 915 548 914 548 961 579 987 592 916 549 963 576 851 506 929 560 695 419 897 541 978 588 982 589
309 20 7701 846 502 954 573 672 413 535 338 488 288 908 547 782 464 824 484 955 571 698 434 973 584 684 408 672 393 923 553 814 482 535 301 882 529 951 572 689 430 617 349
310 20 8046 961 578 998 599 800 482 921 555 867 523 877 528 805 491 696 410 789 470 915 549 516 295 638 379 953 571 946 568 944 567 914 548 646 369 502 283 838 506 567 346
311 20 8447 688 416 959 576 990 594 945 567 964 580 811 493 979 589 544 321 396 207 977 587 998 599 832 493 957 574 799 478 537 332 990 594 892 540 755 460 918 549 963 579
312 20 8225 708 414 871 517 601 339 742 450 926 554 942 565 866 527 845 511 637 387 926 558 902 545 685 419 962 577 711 430 858 513 877 532 710 434 970 584 954 570 757 448
313 20 8443 994 596 902 544 776 459 657 411 732 452 940 563 905 548 981 589 962 580 893 532 689 409 995 597 402 233 984 590 912 549 758 461 992 596 740 435 938 566 734 432
314 20 8607 993 596 945 568 959 573 885 533 861 516 858 517 637 366 486 303 957 575 995 597 929 560 872 530 572 337 924 558 918 546 992 595 847 513 980 588 903 545 702 413
315 20 8456 940 566 782 457 932 557 721 424 842 501 758 460 560 331 841 512 877 520 481 269 991 595 963 577 868 517 847 511 972 584 900 537 965 578 967 581 784 458 921 552
316 20 7950 697 419 647 400 743 441 915 553 895 537 671 394 943 567 908 540 778 479 911 546 562 314 939 566 873 517 318 153 863 519 712 438 823 501 839 510 899 536 965 581
317 20 8635 840 509 874 531 903 536 866 517 955 574 960 577 984 590 666 418 882 528 816 495 968 580 767 471 798 479 952 571 900 545 967 582 845 499 897 544 937 566 494 285
318 20 8046 837 511 986 591 905 543 744 443 958 572 940 561 925 552 639 379 911 550 750 440 769 471 768 458 373 188 928 553 811 477 918 547 533 324 880 532 782 470 735 450
319 20 8287 747 447 740 449 899 545 737 431 823 486 791 463 975 586 670 383 974 586 635 403 907 546 930 559 477 288 836 500 851 518 702 439 924 555 1000 600 961 575 995 597
320 20 8553 495 270 979 589 908 550 935 562 963 580 968 582 997 598 898 536 748 455 931 558 888 532 526 318 834 492 874 523 911 542 907 540 921 553 661 411 961 577 802 470
321 20 8408 918 546 844 503 649 375 657 380 667 406 639 395 825 497 952 569 939 567 875 532 962 575 939 563 911 549 957 573 877 520 937 565 609 389 716 417 953 575 990 595
322 20 7614 421 255 225 135 662 408 869 522 769 463 999 600 881 527 793 485 805 482 749 439 836 502 947 570 951 574 917 549 487 294 753 448 669 409 855 517 897 544 744 437
323 20 8097 919 555 659 412 875 532 829 498 947 567 927 557 882 534 871 521 596 373 980 588 977 585 886 537 568 352 876 523 826 497 535 299 642 372 871 519 835 504 694 425
324 20 7997 641 391 736 451 759 450 939 565 651 407 884 533 991 595 947 568 543 301 902 545 425 271 930 555 950 572 834 506 238 137 864 513 881 523 953 571 961 578 966 579
325 20 8631 987 592 969 581 862 510 941 562 963 579 983 591 954 575 721 425 440 260 848 500 978 588 912 553 927 559 929 555 860 517 826 499 970 582 834 503 460 305 898 536
326 20 8316 955 573 684 417 842 507 818 487 537 328 650 406 862 522 964 578 919 553 971 583 778 480 785 482 667 407 878 530 974 586 983 590 802 478 647 401 938 566 978 588
327 20 7999 824 487 987 593 966 578 254 139 951 573 416 232 521 319 517 337 801 472 908 544 948 568 831 492 994 596 451 279 984 590 997 598 993 596 789 481 979 588 888 535
328 20 8371 957 577 938 564 915 545 879 534 902 540 876 529 955 572 682 412 761 463 663 404 740 431 967 581 737 455 563 333 700 426 892 540 833 500 866 521 934 562 982 589
329 20 8345 913 545 710 411 634 387 638 365 972 581 697 432 954 575 889 534 949 573 723 446 782 464 883 531 387 221 856 519 973 583 911 543 962 578 983 589 951 572 923 553
330 20 8764 969 583 932 563 967 579 656 412 912 545 905 539 729 433 922 549 956 575 904 548 985 591 840 502 805 486 932 558 919 553 863 512 645 407 884 528 896 540 907 543
331 20 8410 816 490 632 369 849 509 687 394 710 432 929 557 701 418 864 526 769 460 985 592 918 553 921 556 752 466 622 378 940 568 973 585 928 556 929 556 951 568 944 565
332 20 8430 874 528 894 537 876 527 959 576 890 531 690 433 552 335 862 520 855 509 759 470 963 577 964 580 853 508 882 534 733 438 901 544 567 333 984 591 854 511 949 567
333 20 8277 909 548 940 562 946 567 990 594 912 552 895 536 952 570 891 540 469 266 852 515 443 268 842 508 880 534 854 507 761 456 937 565 977 586 794 475 761 451 550 319
334 20 8157 891 536 970 582 906 539 902 541 968 583 917 551 655 382 699 419 736 450 521 302 919 551 966 579 926 552 580 353 861 509 801 489 937 563 728 441 539 305 892 539
335 20 8119 835 502 855 517 920 555 871 521 975 585 775 457 724 436 447 273 855 521 806 493 826 500 869 520 944 565 355 223 978 587 764 460 809 476 797 467 957 577 876 529
336 20 8102 754 466 796 486 783 469 975 585 746 438 934 562 749 440 957 575 981 588 410 237 879 532 587 342 923 556 935 561 989 593 844 500 424 270 813 496 944 569 782 472
337 20 7807 954 572 734 429 861 519 624 371 890 540 397 215 907 549 780 467 632 400 972 582 800 492 394 219 912 552 935 557 536 348 931 561 988 592 895 543 671 399 802 478
338 20 8273 926 559 975 586 942 565 489 310 698 403 964 579 575 354 888 531 616 385 873 521 876 529 987 593 853 505 891 535 925 559 993 596 834 500 595 344 778 480 868 527
339 20 8674 816 488 926 552 797 473 947 571 995 598 960 575 663 389 869 516 757 468 842 506 858 507 911 547 859 518 831 501 957 575 998 599 808 495 829 490 838 497 888 536
340 20 8535 854 510 744 446 940 566 996 598 812 489 546 315 911 551 614 362 990 594 969 581 994 597 570 317 979 588 710 414 872 517 867 524 953 574 934 557 904 539 911 547
341 20 8286 777 479 387 202 877 522 748 456 501 272 916 546 956 576 956 571 853 514 976 586 809 497 744 457 938 561 824 496 883 533 865 513 853 517 799 487 929 554 981 590
342 20 8302 737 454 923 554 908 540 889 528 837 503 736 442 803 472 646 374 924 553 683 415 713 432 996 598 736 433 887 538 913 551 777 467 752 448 855 506 979 587 911 546
343 20 7769 770 459 789 486 439 289 934 563 957 572 978 588 981 588 819 489 665 389 809 487 715 428 851 512 514 334 694 433 786 481 491 304 687 412 974 585 819 488 866 512
344 20 8469 984 591 920 550 779 456 850 508 974 583 976 585 957 572 460 291 982 591 695 435 909 546 710 417 817 492 958 573 784 471 950 568 925 557 618 366 953 573 738 458
345 20 8464 652 404 980 589 921 556 924 553 793 473 943 569 795 477 620 370 961 576 991 594 664 381 645 383 749 436 931 556 906 543 880 531 959 578 878 531 899 537 838 494
346 20 8577 986 591 899 537 985 591 929 553 809 492 920 557 880 522 604 352 932 560 986 591 938 565 954 575 683 402 686 417 944 568 930 557 517 287 849 512 729 448 994 596
347 20 8324 973 584 956 576 506 275 993 596 635 363 487 285 724 433 889 539 866 518 941 568 840 502 842 508 951 569 714 434 924 551 880 531 871 522 894 539 929 556 834 503
348 20 8448 813 478 474 266 990 595 915 550 935 564 992 596 657 407 558 318 933 563 925 551 786 474 831 503 831 502 707 436 998 599 938 563 879 529 758 463 1000 600 977 585
349 20 8799 890 539 909 540 941 568 957 575 808 477 898 537 853 509 803 473 910 549 892 541 956 572 667 400 756 466 924 556 970 580 792 471 999 599 872 517 921 552 881 532
350 20 8825 866 526 862 510 837 495 898 542 940 565 967 579 842 514 932 558 777 468 834 503 925 559 961 579 763 462 879 525 778 477 941 566 941 562 963 580 888 532 856 519
351 20 8232 992 595 814 482 988 594 885 533 740 446 675 412 941 565 959 578 449 246 842 513 881 532 904 539 767 462 733 449 780 466 605 377 917 554 956 572 806 478 831 499
352 20 8537 996 598 583 347 725 433 930 560 963 577 998 599 861 517 691 406 862 510 822 500 953 570 981 589 886 534 842 508 997 599 931 561 849 515 779 467 864 521 562 313
353 20 8752 909 542 848 502 927 557 991 595 806 482 940 566 986 592 956 575 977 588 924 556 791 487 972 583 994 597 714 425 989 594 673 404 809 478 421 239 940 568 937 565
354 20 8610 861 513 960 574 867 517 582 332 895 534 746 462 946 569 824 493 995 598 856 505 787 481 849 513 962 575 992 596 696 430 997 599 916 552 663 385 842 505 985 591
355 20 8040 444 298 944 566 686 401 900 545 927 560 764 467 833 508 808 495 997 598 815 496 964 580 748 452 849 512 307 176 974 584 720 418 854 515 983 589 722 450 842 511
356 20 8166 983 591 829 502 557 347 987 593 865 514 892 538 814 478 956 572 959 576 769 451 436 277 772 458 659 415 906 547 895 538 879 528 760 443 874 520 932 560 609 380
357 20 8603 995 597 935 563 933 561 964 579 835 509 971 583 849 512 564 361 956 575 732 452 684 410 889 540 889 527 915 552 830 500 756 450 971 583 898 541 679 389 961 577
358 20 9130 874 529 957 576 953 572 911 545 878 521 947 571 977 585 978 588 937 564 742 460 826 493 985 591 893 537 869 516 942 565 989 594 934 559 704 408 979 589 986 591
359 20 8364 898 540 829 488 938 566 583 358 933 561 916 546 694 417 859 521 945 569 922 550 542 307 885 530 984 591 794 473 827 504 922 558 865 527 857 511 810 486 726 442
360 20 8821 910 551 962 579 891 536 884 535 982 590 787 470 794 468 849 505 888 526 921 554 863 516 850 505 995 597 484 306 975 585 974 585 919 548 885 525 837 494 992 595
361 20 8321 938 564 645 389 887 537 753 457 741 459 976 587 911 544 951 570 902 545 911 547 971 584 574 333 912 545 901 537 601 362 517 313 879 532 991 594 846 499 836 511
362 20 8194 870 528 954 575 961 576 344 205 936 559 968 583 945 566 751 453 993 596 961 575 811 481 955 574 671 409 814 492 551 342 625 389 732 429 976 587 985 592 586 337
363 20 8235 771 454 950 572 879 530 796 469 712 435 286 178 988 593 899 542 780 473 992 596 617 355 928 553 953 573 988 592 555 351 919 556 825 488 860 513 798 486 974 586
364 20 8344 958 573 845 506 939 567 887 528 959 578 904 546 833 501 337 191 808 490 898 543 615 347 991 595 941 564 978 586 565 340 980 587 564 341 979 587 808 488 900 546
365 20 8500 880 521 930 554 994 596 622 364 992 595 795 470 717 419 696 433 999 600 814 497 885 526 953 570 734 454 969 583 666 383 905 549 945 566 974 584 939 562 592 335
366 20 8300 786 459 874 532 970 581 561 331 967 581 990 594 834 500 967 579 655 391 683 410 822 492 693 427 561 332 760 467 871 524 982 590 996 598 992 595 875 519 762 470
367 20 8676 892 536 955 574 904 546 945 565 998 599 748 447 875 529 702 406 892 538 913 544 892 532 998 599 983 590 989 594 790 462 863 523 708 413 816 481 670 418 819 483
368 20 8153 524 312 993 596 783 473 999 600 973 585 835 510 867 513 912 546 977 586 997 598 788 471 890 538 941 568 899 534 421 271 861 513 533 344 785 462 470 270 859 508
369 20 8700 932 559 941 564 795 471 924 552 932 562 907 545 870 529 670 412 805 477 989 593 959 574 763 469 904 543 941 564 834 493 917 554 787 467 968 580 593 350 970 583
370 20 8703 793 472 869 515 892 536 971 581 984 591 397 224 764 471 974 584 1000 600 763 444 954 575 952 571 908 542 916 553 863 510 652 412 961 576 1000 600 815 484 979 588
371 20 8660 762 456 895 543 1000 600 851 513 712 413 944 564 934 559 872 530 915 546 834 497 924 559 974 583 905 540 669 418 770 452 628 361 989 594 900 535 984 591 858 511
372 20 8484 972 583 624 377 908 547 975 585 736 442 932 562 824 485 778 472 930 561 984 590 921 552 957 574 940 565 671 403 724 431 832 494 961 577 689 403 738 450 873 522
373 20 8136 953 574 868 528 740 436 646 380 781 482 438 234 796 468 843 511 845 502 960 576 745 462 909 544 694 413 988 593 878 524 978 587 965 580 768 464 803 494 675 409
374 20 8245 985 592 926 557 994 597 771 467 831 491 937 564 559 322 933 558 993 596 759 470 916 545 619 386 955 571 962 579 585 361 755 442 347 243 762 447 994 597 907 542
375 20 8417 674 406 830 507 901 540 908 548 947 568 821 503 304 164 944 569 718 430 981 589 954 574 950 573 926 559 899 544 632 362 853 515 894 531 975 584 828 507 895 539
376 20 8243 611 371 546 346 838 503 632 395 906 539 745 458 948 568 800 480 786 470 840 513 928 554 943 563 999 600 996 598 823 491 698 433 751 448 947 567 938 562 812 494
377 20 8414 773 457 960 575 834 498 985 591 887 531 976 585 859 510 983 590 819 494 689 427 728 428 681 421 472 308 978 588 970 581 907 546 874 531 972 584 784 473 697 425
378 20 8185 821 499 701 430 657 404 777 454 732 431 759 464 965 580 700 404 880 526 942 566 923 551 769 465 759 467 802 487 897 541 939 567 746 452 821 492 890 535 891 536
379 20 8509 990 594 768 469 861 509 987 591 848 507 990 594 870 517 922 555 565 351 992 596 939 563 745 453 987 593 952 574 680 398 929 555 687 394 895 531 890 540 522 303
380 20 8729 994 597 775 477 809 486 953 574 760 450 939 562 994 596 986 591 868 516 915 548 914 549 979 589 931 563 979 588 780 465 895 533 802 488 827 492 539 327 820 499
381 20 8411 931 559 927 555 996 598 984 591 948 570 981 589 699 432 780 467 371 260 973 583 651 394 833 502 741 458 452 278 924 558 984 590 899 539 961 575 832 495 956 571
382 20 8094 854 507 807 477 919 553 837 495 665 393 799 479 852 514 698 404 751 437 957 572 892 535 837 498 819 490 543 314 813 484 606 378 910 544 953 573 981 588 695 406
383 20 8316 574 323 854 506 825 492 973 584 734 447 989 593 799 469 715 437 651 398 998 599 975 586 527 325 932 557 978 586 866 520 580 343 874 526 961 579 972 584 855 506
384 20 8138 983 591 899 541 800 479 733 452 509 309 744 444 418 233 946 569 816 488 992 596 609 344 686 400 851 511 910 551 988 592 803 470 947 567 970 583 982 590 690 427
385 20 8556 947 566 815 482 803 487 771 449 762 461 927 553 995 597 975 585 863 522 982 590 965 581 996 598 645 402 590 337 873 530 673 414 932 556 890 528 749 435 959 577
386 20 8365 924 556 989 594 860 520 628 385 957 573 881 531 836 503 981 588 741 435 773 451 347 222 754 462 998 599 873 522 836 496 806 479 1000 600 972 584 734 426 840 497
387 20 8551 489 303 697 433 713 416 1000 600 866 525 791 482 797 482 987 592 917 547 915 552 984 590 969 582 991 595 732 439 907 541 868 515 846 503 973 584 760 469 901 542
388 20 8316 989 594 741 446 985 590 892 530 924 558 920 550 851 518 770 449 956 575 991 595 887 538 907 549 553 338 728 422 414 234 975 585 532 313 920 550 837 497 861 523
389 20 7016 637 382 938 565 663 386 849 506 819 494 302 188 797 467 905 542 820 496 812 483 840 500 591 378 379 247 419 225 627 395 827 492 855 511 752 455 528 325 672 412
390 20 7838 925 559 974 586 630 387 911 543 817 490 712 416 882 534 703 429 949 569 785 478 626 372 408 235 738 451 672 411 890 535 905 540 999 599 536 299 630 392 985 591
391 20 7754 477 287 952 573 410 267 836 500 907 539 680 397 878 529 859 516 799 473 989 594 440 271 288 215 944 564 759 455 717 432 987 592 882 528 944 570 868 513 892 532
392 20 8462 881 526 738 433 923 550 882 525 966 582 631 368 664 403 674 386 928 557 989 593 816 479 887 531 936 563 989 594 598 379 880 534 621 354 998 599 942 568 982 589
393 20 7707 927 560 753 447 535 321 707 419 573 340 780 472 708 421 890 536 539 346 785 481 505 323 936 563 861 520 952 570 804 477 972 583 959 577 851 511 583 359 795 485
394 20 8541 839 504 990 595 905 545 687 403 954 574 900 537 918 555 498 327 982 591 793 466 796 475 970 581 951 571 757 463 984 590 766 473 916 549 835 492 926 552 715 413
395 20 8425 992 595 820 498 786 467 660 383 977 587 926 559 487 300 472 281 826 491 939 567 875 526 963 577 675 415 981 588 892 541 893 532 933 560 850 507 951 572 952 571
396 20 8731 770 466 866 517 880 523 975 586 434 230 939 564 969 580 933 561 829 504 889 536 923 552 915 547 909 548 786 472 921 557 985 591 833 500 948 569 866 520 893 542
397 20 8181 787 473 961 576 902 547 560 329 999 600 818 497 960 577 912 550 982 589 917 554 775 476 970 582 951 569 515 337 448 292 697 423 808 475 764 450 925 551 712 424
398 20 8614 937 561 929 556 475 300 929 556 860 521 768 448 978 586 872 526 804 480 980 588 984 590 885 536 670 400 679 398 971 582 987 592 591 340 998 599 988 593 943 565
399 20 8808 968 581 757 451 986 592 386 244 559 360 845 504 994 597 870 528 985 591 788 466 881 529 961 578 980 588 834 507 944 564 996 598 992 595 934 558 988 593 968 583
400 20 7888 900 537 740 433 847 516 898 538 896 532 689 423 802 491 893 535 764 464 828 502 683 408 546 309 957 572 958 574 892 537 604 343 743 435 761 452 836 494 540 350
