1 20 6173 144 53 834 496 586 357 242 152 856 510 566 318 660 405 610 362 543 342 702 414 690 420 936 560 130 115 671 406 548 312 829 495 741 456 530 301 675 397 854 521
2 20 7176 862 523 951 571 248 191 743 455 813 487 744 435 780 478 722 428 768 456 571 352 666 393 982 590 643 375 933 558 731 450 484 308 773 474 639 386 412 257 887 536
3 20 7378 476 311 770 450 637 372 796 476 676 421 919 553 324 208 657 388 980 589 853 509 933 564 705 424 875 524 463 274 944 568 943 569 917 547 710 418 825 498 354 179
4 20 7341 534 317 631 370 529 345 789 464 785 471 822 492 845 516 711 438 615 358 670 395 870 522 801 486 990 594 604 350 879 534 622 373 994 596 98 107 918 547 976 585
5 20 7901 1000 600 788 483 982 588 557 311 963 576 773 455 875 523 973 585 448 294 473 313 767 451 957 573 961 575 420 248 594 343 768 470 921 554 896 534 898 543 789 471
6 20 7949 724 423 798 485 798 488 932 563 711 424 840 496 820 496 867 526 779 478 787 465 657 406 926 555 297 203 955 574 979 588 751 458 967 581 863 524 576 327 871 522
7 20 6590 617 356 452 285 451 279 530 333 241 165 568 366 931 556 593 338 749 443 134 119 820 497 694 408 904 543 913 545 436 273 606 349 771 456 849 505 973 584 948 571
8 20 7823 464 281 996 598 599 367 916 553 967 582 358 236 968 581 970 581 991 595 648 368 516 333 944 568 869 522 764 456 722 427 892 531 530 330 979 588 623 380 931 561
9 20 7278 907 540 771 472 976 586 595 338 747 457 531 343 966 579 839 500 867 516 992 595 972 584 642 367 820 501 978 587 370 250 762 456 390 256 218 173 457 277 756 451
10 20 7074 635 391 398 265 983 590 834 508 674 402 496 298 851 514 951 568 914 551 484 318 654 410 895 541 665 385 578 333 736 453 533 343 703 417 921 553 548 330 695 425
11 20 6691 787 485 643 396 803 483 584 343 188 132 615 392 856 507 754 439 593 358 1000 600 752 459 224 125 919 555 538 309 648 407 755 439 976 585 513 336 397 209 838 509
12 20 7442 749 440 968 583 998 599 879 528 895 531 906 545 686 420 850 510 515 292 758 468 730 423 426 239 989 594 463 297 709 416 675 393 532 327 643 390 800 486 713 422
13 20 7657 969 583 916 548 467 262 974 584 947 568 455 270 943 564 704 410 654 392 494 311 931 560 606 354 996 598 416 215 958 574 964 578 812 478 938 564 749 441 422 277
14 20 7992 877 531 961 575 960 577 913 548 952 569 780 465 706 419 868 514 493 275 879 531 940 563 918 552 840 498 662 397 737 433 884 527 726 438 809 483 193 93 886 527
15 20 7249 688 425 638 383 711 431 982 590 415 253 951 569 304 215 979 587 545 323 775 462 865 512 824 492 726 435 744 445 742 440 907 549 662 385 400 265 717 422 924 557
16 20 7004 214 157 998 599 199 154 763 468 272 177 824 498 816 489 797 472 124 61 791 477 640 384 906 542 713 437 825 491 663 380 904 545 826 491 865 512 964 576 904 543
17 20 6868 927 555 991 594 637 400 577 323 615 373 558 353 989 594 373 259 869 528 780 457 625 373 179 109 915 547 713 436 463 280 433 273 550 333 863 522 880 522 799 489
18 20 7690 983 589 959 576 674 386 992 596 587 365 811 478 607 380 626 383 489 284 844 505 642 368 733 435 844 505 577 321 889 538 816 496 862 511 751 439 880 534 815 482
19 20 6928 545 342 585 342 813 499 569 353 878 524 681 395 813 482 746 454 795 465 857 515 756 467 479 266 350 241 676 390 729 452 528 299 620 374 952 573 689 397 795 469
20 20 6872 884 537 618 353 848 504 622 385 670 402 501 300 360 206 996 598 918 551 811 495 764 455 572 333 378 201 793 478 853 519 378 258 714 434 499 274 670 418 896 533
21 20 7452 991 595 461 278 604 375 794 466 821 501 487 289 964 577 818 491 888 534 637 389 717 444 638 375 535 310 277 131 982 590 975 586 769 467 653 382 946 566 948 572
22 20 6477 997 598 665 381 958 573 522 335 851 520 980 589 423 235 375 221 606 366 275 199 772 457 694 431 650 392 736 430 902 544 597 360 780 467 545 310 289 137 337 191
23 20 7533 502 292 435 238 618 379 902 540 729 448 943 567 883 528 592 364 802 493 918 548 796 477 914 544 685 430 858 509 757 467 990 594 351 237 615 368 994 597 783 463
24 20 7900 801 472 971 582 960 575 483 298 815 492 874 524 876 531 899 543 956 572 267 139 891 537 820 496 934 557 863 519 801 486 961 578 316 153 953 572 906 545 453 290
25 20 7578 873 528 965 579 366 222 941 566 763 467 962 576 965 580 502 272 857 510 790 467 935 558 941 568 403 262 788 464 824 497 799 481 487 264 394 205 904 539 698 423
26 20 6591 996 598 808 487 759 467 930 561 837 494 629 371 954 570 786 478 969 581 550 342 524 303 164 142 663 382 696 427 226 103 383 226 726 432 402 224 780 467 400 255
27 20 7398 611 370 960 574 461 296 401 215 951 568 648 390 866 523 912 547 730 433 644 377 747 443 956 573 958 575 640 380 801 487 694 398 505 310 728 433 610 388 974 583
28 20 6561 991 595 311 184 663 408 636 366 730 428 792 488 263 141 274 178 956 571 494 281 985 591 367 201 349 180 784 482 578 372 865 521 593 369 964 578 748 458 779 460
29 20 8113 503 311 690 416 778 474 996 598 694 432 765 456 858 509 954 572 838 494 765 447 760 460 779 478 902 547 984 592 802 474 840 501 919 553 912 544 680 407 808 496
30 20 7566 873 529 967 582 635 379 676 420 893 531 982 589 937 564 597 366 861 517 873 518 944 565 817 483 763 460 767 465 951 568 168 134 738 454 899 536 421 255 370 239
31 20 7679 375 223 752 447 618 368 913 544 829 498 960 575 906 549 603 345 859 520 899 542 826 504 711 412 937 562 799 487 534 326 842 507 883 537 410 222 733 439 970 582
32 20 8103 942 566 928 559 974 584 871 529 930 554 939 562 962 576 909 543 570 363 980 587 846 503 953 569 803 491 900 544 184 77 608 365 689 397 747 462 635 367 836 501
33 20 8037 665 410 838 497 998 599 772 471 997 599 817 490 588 372 904 545 881 529 919 554 796 472 772 457 889 536 298 166 845 514 876 525 817 494 973 583 476 311 954 574
34 20 6832 807 496 895 539 731 436 949 567 291 210 852 514 379 220 620 372 947 567 694 435 456 301 448 279 766 473 835 510 486 295 529 339 759 465 965 579 318 226 937 559
35 20 7818 960 574 503 282 832 497 656 388 896 534 813 479 559 358 555 339 787 477 843 505 768 472 870 522 840 504 771 452 903 537 855 514 622 376 917 552 800 477 887 539
36 20 7103 217 153 947 567 939 562 821 483 753 453 713 430 965 579 636 385 766 471 338 174 639 385 296 153 754 458 850 511 919 549 580 365 616 364 996 598 560 332 901 542
37 20 7783 778 474 772 452 801 480 887 538 209 119 945 564 828 488 817 492 902 546 234 170 957 575 837 493 581 334 931 558 999 600 855 514 609 371 805 474 926 555 894 539
38 20 6828 676 413 546 319 704 414 984 590 478 281 681 404 278 139 919 551 290 210 747 462 987 593 792 487 926 552 331 172 669 400 888 537 782 478 730 430 370 228 878 527
39 20 7137 714 444 408 246 981 588 244 169 841 505 970 581 455 267 878 529 816 488 977 585 973 584 886 532 770 457 820 482 684 415 391 232 583 371 690 420 314 213 879 531
40 20 6995 631 392 649 390 399 260 842 511 580 337 892 532 958 573 762 471 494 307 945 565 489 264 515 321 797 469 521 296 986 592 949 571 252 165 919 548 977 587 433 285
41 20 6825 721 424 475 315 856 512 670 414 854 507 732 426 619 374 665 392 378 202 924 557 647 375 489 307 858 521 707 421 528 318 225 178 420 279 968 580 958 577 957 576
42 20 6939 492 269 513 313 993 596 323 231 866 525 759 463 456 272 576 341 860 519 902 542 914 548 691 420 193 84 662 398 404 236 995 597 953 570 984 591 479 272 864 513
43 20 7245 404 212 985 591 588 334 631 369 997 598 891 533 891 534 963 579 936 564 919 556 846 513 892 533 505 274 653 387 758 465 489 309 477 283 487 263 661 416 517 304
44 20 7755 798 474 490 284 928 559 703 415 829 497 950 573 993 595 695 399 389 221 771 466 909 542 967 580 895 538 905 539 575 363 707 440 541 301 549 317 946 566 970 583
45 20 7365 820 482 328 215 764 455 992 595 723 447 936 562 578 369 659 399 894 537 690 431 895 539 764 456 717 440 773 458 644 399 966 578 589 339 369 250 683 397 946 570
46 20 6839 684 416 711 413 412 256 883 531 620 364 522 294 970 582 950 570 729 426 705 438 488 285 681 427 525 340 563 355 533 299 857 516 627 356 470 258 999 600 749 451
47 20 7269 360 192 387 222 929 561 970 583 799 471 801 481 731 448 524 342 960 576 881 528 686 410 891 538 775 463 968 579 896 533 836 504 430 292 807 478 390 224 517 283
48 20 7629 564 335 847 503 548 309 982 589 738 447 870 525 958 576 671 399 542 338 959 578 941 566 973 583 688 400 185 131 827 502 843 506 769 465 941 567 486 310 927 561
49 20 7383 851 503 733 445 555 323 922 555 577 330 342 219 887 534 927 553 620 378 946 571 835 500 713 429 946 567 571 334 699 407 600 375 934 557 657 414 473 297 979 588
50 20 6977 279 182 896 537 540 342 645 400 686 399 926 553 928 558 753 442 931 557 683 392 586 356 764 448 981 588 264 167 497 314 944 569 786 470 792 467 684 393 390 246
51 20 7640 693 408 776 459 387 210 670 386 358 249 976 585 840 509 949 569 891 531 756 454 640 383 894 531 765 457 949 570 874 525 793 486 518 326 933 563 649 372 970 583
52 20 6790 871 529 580 331 880 521 377 223 522 313 296 195 668 392 638 401 489 298 674 402 754 439 459 243 687 399 571 349 764 468 962 576 990 594 808 488 961 575 630 385
53 20 7786 220 127 889 534 802 476 120 66 545 355 916 551 710 424 665 414 929 556 993 596 490 303 832 490 959 573 853 504 940 562 941 565 976 586 862 519 980 589 951 570
54 20 7249 597 377 819 502 898 544 748 454 526 344 942 569 522 335 944 568 785 482 821 485 967 581 755 467 701 408 265 149 924 556 900 541 414 215 479 291 896 537 595 380
55 20 6841 515 329 782 463 961 577 780 479 379 253 815 496 850 501 883 530 574 341 270 206 768 465 429 239 612 374 720 435 705 406 974 586 800 479 801 474 275 128 789 461
56 20 6913 858 513 151 89 198 97 980 587 689 414 278 160 527 336 670 413 880 523 925 556 450 245 878 520 729 431 984 592 670 407 828 495 927 554 956 571 994 596 254 191
57 20 7176 919 555 819 492 871 521 715 446 960 576 265 174 629 358 536 320 168 78 806 486 1000 600 631 361 688 423 823 503 901 539 969 581 568 338 890 538 509 309 686 406
58 20 7650 319 220 871 523 771 474 534 343 850 515 510 287 935 562 982 590 966 578 745 449 804 492 423 226 789 480 934 563 796 467 790 467 913 544 906 545 608 387 855 515
59 20 8180 555 324 1000 600 931 555 560 320 565 321 930 559 745 435 946 565 844 513 905 541 773 472 923 556 850 514 984 590 834 495 959 578 622 352 891 528 885 529 659 378
60 20 7356 679 399 693 426 997 598 599 360 868 525 326 217 939 567 989 594 851 502 177 86 400 231 500 279 843 515 673 388 699 406 946 568 990 595 761 459 899 542 884 527
61 20 6954 815 479 668 383 785 464 634 363 752 444 609 389 411 234 699 415 893 537 537 335 774 468 777 477 298 180 813 485 861 516 760 463 373 218 975 584 581 329 894 536
62 20 7507 663 401 749 443 658 408 497 273 928 557 922 552 852 504 663 406 682 402 782 463 393 230 954 570 774 464 903 546 691 430 528 297 764 472 820 498 857 511 934 563
63 20 7316 701 416 598 372 817 490 813 489 802 490 908 547 919 555 918 547 873 521 846 505 673 404 468 301 933 561 833 504 1000 600 648 374 774 454 644 382 145 91 319 204
64 20 7303 931 557 798 483 991 595 555 335 836 508 967 579 613 365 577 346 729 449 728 425 301 145 666 411 720 416 615 365 761 449 813 487 695 407 825 499 528 332 958 573
65 20 7351 968 582 590 375 547 334 734 443 704 419 844 513 359 226 751 442 377 243 931 560 960 575 694 431 920 551 601 342 982 589 987 592 540 346 904 545 422 261 888 527
66 20 7288 795 475 458 245 775 464 688 432 858 518 376 234 966 579 987 593 883 535 815 480 258 154 807 487 807 487 685 416 780 470 931 562 801 478 565 329 694 416 648 399
67 20 7670 980 589 928 557 814 478 761 455 834 503 281 165 987 593 807 482 671 392 821 494 518 288 777 470 805 494 800 484 715 437 916 550 667 388 941 568 355 208 962 580
68 20 6551 623 367 885 528 826 506 984 591 386 265 809 480 454 263 936 564 827 491 656 400 554 320 560 334 820 489 457 263 557 343 465 299 958 577 100 96 444 298 801 478
69 20 7813 883 524 358 195 765 467 819 502 544 332 748 438 966 579 556 322 903 537 931 560 610 389 832 496 655 407 863 524 818 500 729 445 800 475 933 557 944 568 970 582
70 20 6709 640 364 977 586 702 407 830 493 438 243 813 494 553 355 678 389 691 419 500 281 586 347 538 305 653 411 826 499 453 240 872 515 789 462 860 509 561 313 458 302
71 20 7038 942 566 902 539 897 533 984 589 684 401 463 273 857 511 341 199 891 537 971 582 979 587 981 589 407 279 626 377 737 455 617 384 518 302 591 345 515 302 174 145
72 20 7285 811 489 403 218 959 577 975 585 318 214 738 447 623 358 879 524 958 576 995 597 900 544 312 216 580 332 747 458 874 529 907 541 856 510 616 366 565 352 554 322
73 20 7475 633 393 692 427 715 428 633 394 829 493 748 447 809 489 909 543 805 484 817 491 867 521 729 426 496 317 792 478 958 576 723 430 952 573 642 376 684 417 518 320
74 20 7505 793 467 989 593 645 400 553 323 681 390 578 372 247 135 950 569 901 541 728 441 641 406 904 537 673 395 431 277 955 572 641 380 932 562 995 597 942 566 832 503
75 20 7166 575 330 845 514 502 280 756 451 574 323 546 334 983 589 348 223 643 389 974 586 747 446 617 372 618 360 855 516 857 522 849 504 718 431 575 359 996 597 754 442
76 20 6989 870 516 617 384 685 415 501 301 380 205 492 272 492 265 548 356 840 497 901 538 718 423 899 544 631 382 987 592 742 453 945 566 793 469 753 463 490 294 695 419
77 20 6785 665 408 383 260 635 377 540 332 936 559 971 584 924 556 750 437 689 432 976 586 375 211 991 594 885 535 761 460 232 129 961 578 765 466 626 379 378 251 127 104
78 20 7223 965 578 418 230 675 392 860 515 814 478 868 523 974 584 972 582 834 492 781 469 892 530 82 53 817 483 614 357 892 539 721 447 615 392 463 263 640 402 550 348
79 20 7641 781 477 937 562 435 260 485 295 521 285 772 468 993 596 753 446 834 500 587 343 826 502 840 513 938 563 893 531 334 205 840 510 985 591 892 537 642 396 994 597
80 20 6763 927 554 463 283 898 536 615 380 719 421 394 224 746 437 664 406 720 424 779 477 390 203 573 320 698 406 732 455 655 373 609 343 442 277 912 553 808 485 782 469
81 20 7642 610 351 871 519 653 393 990 594 727 444 960 578 884 533 788 484 852 512 687 413 821 489 482 290 788 477 984 591 975 584 707 415 196 112 816 496 954 575 539 317
82 20 7546 977 586 638 383 610 377 882 536 994 596 197 119 812 495 925 555 775 477 975 585 741 443 942 566 959 578 828 503 978 586 280 160 333 197 947 566 357 191 943 568
83 20 7860 659 414 875 523 476 285 739 454 981 588 804 485 977 586 868 515 822 485 806 494 880 523 712 444 971 584 697 401 409 230 908 544 667 413 852 512 696 402 922 549
84 20 6982 676 400 906 545 655 386 580 339 509 328 776 476 716 429 870 528 588 345 841 511 967 578 818 497 475 311 324 203 147 56 731 434 986 592 725 430 774 472 900 544
85 20 7128 845 506 612 359 721 449 878 525 926 555 970 580 812 489 276 164 988 593 604 386 920 552 866 519 797 468 660 397 583 329 375 191 896 532 188 108 827 503 512 318
86 20 7296 750 458 720 433 434 277 687 402 988 593 674 400 676 417 615 373 884 531 762 451 693 426 519 286 979 587 834 495 525 293 658 401 890 536 783 461 678 423 843 497
87 20 7406 902 536 531 339 737 434 814 481 617 361 971 584 260 171 914 545 736 439 964 578 687 397 392 235 868 515 898 540 774 466 705 439 375 262 927 554 907 547 834 492
88 20 7399 659 409 828 499 869 522 193 132 267 126 711 433 898 545 633 359 573 336 893 533 815 491 819 496 983 589 725 440 539 344 888 528 934 562 962 576 613 368 997 598
89 20 7181 910 546 614 372 481 308 763 463 891 539 922 551 701 405 546 334 706 417 726 420 576 332 724 421 531 338 892 532 764 469 557 351 936 562 541 344 891 531 690 425
90 20 7209 587 362 931 561 211 132 522 340 986 592 529 305 684 405 657 384 878 533 853 518 827 503 932 560 945 565 295 200 982 590 642 383 866 515 812 477 560 352 719 437
91 20 7298 581 329 856 506 986 593 823 489 701 439 515 311 760 451 669 415 697 406 996 598 733 456 308 150 752 458 700 419 445 296 919 549 708 417 796 482 909 546 743 444
92 20 7877 923 556 709 439 835 504 961 577 958 577 508 314 762 448 932 557 834 499 890 530 675 389 870 527 880 522 412 227 919 553 594 358 941 565 885 532 805 490 462 257
93 20 8861 994 597 794 476 898 539 955 574 851 510 761 463 797 471 977 585 905 538 909 548 817 501 934 561 817 481 972 583 650 383 881 533 958 575 971 582 961 575 920 555
94 20 6574 814 483 529 309 730 449 769 460 346 202 785 468 228 123 795 478 572 318 967 583 762 457 926 558 902 540 977 586 124 73 390 225 862 509 95 12 938 560 637 381
95 20 7095 991 595 977 588 715 439 603 370 160 115 654 410 588 361 921 548 631 366 892 537 795 467 518 289 730 423 255 147 958 575 932 559 811 489 925 554 686 411 449 303
96 20 6768 523 336 862 525 784 479 523 295 576 332 869 519 825 502 945 569 953 570 408 242 670 400 570 324 167 123 582 349 573 333 790 462 999 600 824 490 663 395 430 268
97 20 6530 468 307 767 458 973 584 897 536 944 565 612 357 408 214 936 558 218 149 485 284 503 297 715 435 740 445 839 512 833 502 544 329 201 118 360 254 682 412 936 561
98 20 7622 887 529 445 288 556 337 676 402 497 326 896 533 940 562 966 578 891 538 987 593 595 352 845 505 774 471 773 477 789 479 902 541 942 568 849 502 610 367 425 271
99 20 7582 959 574 826 504 790 483 765 462 901 544 928 553 599 345 842 504 963 577 448 251 967 580 952 572 279 186 671 389 734 426 738 433 309 175 877 519 616 381 1000 600
100 20 6765 922 548 973 585 381 206 631 374 506 295 909 543 942 565 997 599 508 318 430 266 598 381 993 596 458 283 412 217 780 471 719 439 438 263 795 480 891 536 248 159
101 20 7098 867 523 773 477 929 554 453 244 868 526 721 444 858 522 695 424 841 513 780 467 443 262 855 510 763 457 307 211 859 519 312 226 744 444 304 219 987 593 838 498
102 20 7843 937 566 993 596 354 204 896 537 571 333 793 475 765 464 698 404 958 576 496 319 836 494 946 566 785 468 917 548 998 599 735 432 482 284 842 503 841 513 843 515
103 20 7559 933 563 798 478 445 262 586 347 329 182 789 477 566 327 804 483 977 587 676 423 731 445 960 576 722 432 957 572 984 590 599 358 980 588 936 559 742 452 605 368
104 20 7467 534 303 855 520 888 533 733 426 935 562 839 503 559 340 962 579 587 350 719 421 537 328 753 458 706 418 982 590 960 577 870 515 666 408 705 409 666 409 479 270
105 20 7808 724 441 529 311 888 537 797 486 674 393 739 440 910 551 818 492 981 588 500 319 889 539 814 481 946 566 952 572 510 335 837 505 956 573 735 439 462 282 956 574
106 20 7311 674 407 799 478 700 418 893 535 717 418 328 193 211 99 994 596 969 580 818 493 806 489 799 474 477 268 775 476 941 562 872 523 524 310 914 545 938 564 473 314
107 20 7166 839 497 800 490 903 543 417 238 650 384 133 108 920 549 625 364 886 534 939 563 706 416 617 386 816 482 871 521 183 150 778 477 835 504 740 439 919 554 756 448
108 20 7670 853 504 774 472 934 560 725 434 931 556 529 324 874 529 995 597 285 133 817 483 846 517 909 551 313 194 498 287 765 459 572 322 795 479 1000 600 996 597 929 554
109 20 7345 871 522 436 280 645 401 617 384 994 597 845 499 738 453 932 559 310 187 527 294 698 420 891 528 866 514 714 425 886 538 799 478 951 569 751 461 634 374 585 367
110 20 6371 877 521 374 209 284 141 960 577 738 446 625 371 444 246 536 300 428 287 480 285 828 496 786 473 212 129 972 583 986 592 909 549 712 418 358 209 661 417 572 323
111 20 7496 875 530 862 517 988 593 670 421 957 574 570 345 702 439 929 556 917 551 799 469 407 267 357 194 551 320 859 516 792 467 894 536 612 385 711 444 660 416 881 531
112 20 7179 433 260 625 361 305 181 765 447 976 586 627 360 687 395 510 309 917 553 407 263 535 328 865 525 960 576 868 522 946 570 718 447 846 501 999 599 399 218 971 584
113 20 7374 689 422 923 559 974 586 996 598 769 475 750 446 164 92 970 580 238 126 969 581 670 393 686 419 777 470 792 481 572 346 454 284 671 408 873 527 911 541 901 537
114 20 6920 908 541 773 453 927 561 707 426 369 184 269 173 473 265 762 467 510 330 787 465 975 586 830 502 816 498 876 531 961 578 701 403 228 118 923 554 626 369 419 246
115 20 6956 640 392 872 526 994 597 281 173 754 439 494 302 638 383 613 383 599 345 712 435 968 583 419 251 475 314 892 534 482 312 693 431 828 497 900 535 824 492 834 492
116 20 6698 721 444 602 361 319 195 745 439 796 473 955 575 679 420 980 589 991 595 793 476 339 175 463 277 754 442 660 399 910 546 270 168 897 542 490 285 765 453 268 164
117 20 7603 708 412 661 389 936 565 734 441 542 330 943 567 680 390 977 586 739 451 952 569 917 552 829 498 810 482 727 447 798 475 730 424 488 310 939 563 936 561 160 125
118 20 7497 896 544 743 437 900 538 598 355 628 378 828 503 376 229 991 595 787 465 976 587 422 258 422 266 946 570 992 595 665 395 769 456 644 406 963 577 995 597 454 294
119 20 6637 949 571 535 322 801 478 394 244 869 524 748 446 823 495 851 515 537 296 773 471 897 533 760 454 256 113 771 465 526 292 655 378 943 569 330 237 317 226 540 317
120 20 7120 463 247 442 245 863 515 572 368 852 512 161 133 851 514 992 595 934 562 865 518 993 596 163 107 980 589 958 574 854 514 634 374 919 550 753 463 256 130 736 428
121 20 7037 483 276 460 297 630 357 483 310 799 481 894 535 877 534 874 521 435 270 907 543 543 342 999 600 838 498 518 324 994 596 991 595 538 337 719 443 558 311 535 298
122 20 6299 464 264 819 497 966 581 453 270 830 506 846 499 692 434 394 239 579 335 503 292 194 146 862 519 810 482 240 144 953 574 822 488 224 122 934 561 572 361 442 233
123 20 6365 763 445 644 372 153 81 916 555 279 191 589 363 403 248 861 517 860 511 332 163 456 301 672 400 989 593 740 452 569 333 536 318 591 358 963 578 714 446 701 412
124 20 6890 960 577 810 482 973 585 517 293 921 548 314 161 977 586 571 330 497 315 820 493 625 392 482 283 863 525 757 460 838 504 977 587 205 105 265 202 570 332 839 507
125 20 7275 529 315 631 359 840 508 916 553 514 324 993 596 649 371 893 540 751 456 709 413 592 368 622 388 950 567 951 569 954 573 561 351 910 545 557 325 521 339 507 306
126 20 7501 957 576 979 589 999 599 540 342 576 339 951 573 784 462 528 334 994 596 847 508 343 221 810 495 820 494 658 406 832 503 760 453 875 519 884 537 509 280 357 181
127 20 6665 878 533 504 278 936 559 875 532 907 549 39 48 410 244 847 507 701 415 528 323 533 316 679 410 493 282 758 465 297 186 673 408 673 406 894 543 804 491 902 540
128 20 7412 703 408 697 409 660 403 849 505 514 282 477 308 368 191 566 349 802 485 519 310 947 565 646 402 672 414 877 533 956 572 842 511 962 576 893 537 960 577 914 545
129 20 7305 447 241 955 571 665 400 840 503 551 328 862 521 749 464 376 231 510 294 934 562 836 509 871 524 312 217 883 532 843 512 871 527 984 592 897 541 355 211 870 519
130 20 6713 129 104 714 446 712 434 427 288 629 392 973 586 912 546 716 424 315 160 904 545 796 485 663 413 496 328 321 204 308 225 925 552 786 472 794 479 932 559 975 584
131 20 7247 970 582 790 471 961 577 690 433 604 339 708 432 257 127 958 574 911 547 855 513 831 503 572 319 497 304 495 287 704 438 820 500 791 463 976 586 351 249 753 462
132 20 7435 910 545 929 559 511 327 594 344 896 535 777 464 856 511 602 339 986 592 658 398 386 230 898 541 519 292 883 537 543 337 435 230 790 476 737 431 983 590 977 586
133 20 7371 754 440 920 556 994 597 494 286 829 489 780 463 984 590 739 457 777 475 783 475 886 527 393 263 906 545 693 431 972 583 570 360 604 349 564 320 719 447 382 245
134 20 7648 722 440 731 451 715 441 713 444 856 522 906 547 952 571 925 558 869 521 647 369 704 426 924 552 733 453 346 208 730 431 652 378 948 566 540 311 711 419 972 585
135 20 7281 702 418 852 506 479 265 892 538 642 387 846 500 948 568 842 505 871 525 659 376 281 127 777 459 919 547 300 143 722 419 901 546 548 321 458 287 996 598 928 561
136 20 7442 964 578 964 578 985 590 665 393 936 565 875 530 309 147 980 587 983 591 162 117 574 322 590 332 380 253 856 517 840 513 925 555 791 477 528 297 727 444 851 504
137 20 7750 989 594 466 310 807 475 955 573 645 377 894 534 479 311 938 561 613 377 982 589 696 427 936 562 574 353 708 413 816 498 827 499 540 316 909 548 974 584 752 444
138 20 6887 707 428 626 365 541 319 549 327 608 378 935 559 670 403 661 392 623 389 903 539 852 519 739 447 982 590 569 330 259 179 359 198 770 464 911 547 786 463 724 421
139 20 6438 682 405 882 529 531 314 954 572 837 504 909 551 345 175 411 256 626 374 417 235 642 390 682 413 944 566 464 252 685 411 877 521 824 504 371 215 644 377 150 87
140 20 7839 757 463 895 537 684 399 989 593 753 453 803 475 925 554 914 546 657 402 964 578 955 572 709 408 898 534 286 191 528 302 568 327 864 510 864 512 964 578 702 417
141 20 6857 771 453 859 509 847 509 301 206 548 308 795 488 665 403 734 432 313 154 551 341 628 396 695 413 451 280 667 381 1000 600 926 554 693 407 995 597 645 387 631 363
142 20 7388 515 292 760 466 879 534 819 499 911 549 560 312 395 215 533 330 750 436 830 501 943 566 636 399 763 460 935 558 871 525 786 478 917 548 888 537 610 344 475 310
143 20 6965 795 473 366 220 650 408 800 469 986 592 824 485 564 345 979 587 396 239 955 573 312 164 675 423 862 525 818 486 923 555 523 324 893 531 531 343 728 451 351 190
144 20 7427 891 538 874 532 350 211 572 359 769 455 745 443 438 231 823 498 780 468 882 533 763 446 648 401 881 523 890 536 928 561 692 434 672 405 638 396 969 582 649 409
145 20 7111 189 105 736 451 784 466 712 441 547 329 972 584 621 358 420 242 944 564 425 267 975 586 790 480 718 436 728 422 843 502 614 367 935 559 688 431 816 500 765 456
146 20 6994 784 467 535 315 785 465 945 569 153 108 961 575 884 530 824 492 845 510 535 294 476 292 997 599 662 394 681 416 590 367 440 255 647 383 569 357 832 494 843 504
147 20 7351 585 374 183 63 241 134 963 576 548 314 819 499 715 438 819 491 649 386 779 463 938 563 798 472 641 379 682 391 918 548 981 590 972 585 943 569 630 382 898 538
148 20 7290 912 547 975 585 428 270 596 374 564 327 637 390 993 596 764 470 796 468 861 519 399 260 656 380 751 444 969 580 824 496 414 266 835 509 943 566 581 333 683 420
149 20 7653 530 329 915 553 744 439 744 439 641 398 876 520 846 509 839 499 797 489 908 541 964 577 856 516 931 561 462 272 926 553 393 216 885 530 435 285 833 509 782 468
150 20 7339 685 401 812 496 551 356 395 228 550 346 962 576 930 557 908 544 877 519 809 482 858 510 427 240 477 307 944 564 809 486 983 591 791 466 770 451 999 599 141 68
151 20 7056 683 401 913 549 970 580 594 375 387 204 826 499 624 383 675 420 892 536 792 471 387 206 85 69 906 549 954 572 531 306 762 470 824 486 922 550 881 524 505 274
152 20 7024 684 404 415 269 396 254 689 426 904 538 890 534 403 263 679 394 955 572 973 584 725 422 659 380 943 568 756 466 581 361 387 261 728 437 937 561 797 468 548 324
153 20 7882 818 498 937 562 279 196 467 262 932 555 393 222 676 424 967 581 763 444 962 577 964 578 875 519 645 405 848 511 855 513 1000 600 793 482 779 469 872 526 940 566
154 20 7389 750 463 831 499 986 593 423 236 578 363 896 540 903 547 914 550 777 474 814 488 702 417 881 524 987 591 378 218 117 85 847 515 662 413 777 478 657 409 899 537
155 20 8299 992 596 997 599 807 482 609 365 654 386 863 522 718 441 725 449 985 591 925 559 877 529 606 362 937 561 968 581 922 552 884 534 364 183 940 566 845 502 980 587
156 20 7906 996 598 974 584 803 477 791 468 490 303 934 562 939 564 789 463 934 562 420 274 803 480 772 457 691 411 838 505 974 586 741 431 725 437 771 464 921 557 506 323
157 20 7509 585 336 674 408 428 279 466 253 769 450 392 230 734 439 672 418 987 593 836 504 750 455 784 463 999 600 974 586 859 518 822 503 734 431 667 391 908 548 979 587
158 20 7676 883 529 548 306 903 540 796 485 401 236 851 515 768 447 337 181 808 495 943 566 916 552 810 493 782 471 852 513 982 588 654 407 689 401 837 508 924 558 669 410
159 20 6931 679 397 925 557 91 61 806 494 812 494 289 139 834 507 688 428 930 557 626 377 969 581 844 502 912 548 792 469 433 273 785 462 883 536 507 308 361 202 696 431
160 20 6806 967 580 902 539 973 583 304 173 568 342 439 246 640 368 843 508 690 424 770 474 854 521 461 297 854 517 872 525 844 503 439 236 482 296 407 264 674 391 629 366
161 20 6860 424 285 995 598 914 550 289 151 414 270 939 564 991 595 780 480 792 480 881 530 757 466 407 248 879 532 775 452 388 268 387 249 633 395 640 401 899 544 537 295
162 20 7531 775 456 777 463 962 578 793 482 689 420 962 576 767 449 604 348 930 562 910 551 715 430 635 379 546 319 320 204 800 473 893 531 918 547 610 383 762 457 695 404
163 20 7206 447 276 953 573 848 514 458 262 687 409 710 419 373 246 898 536 421 256 639 374 994 597 557 330 932 558 847 516 240 176 778 480 872 527 968 583 870 521 920 552
164 20 7323 726 450 943 567 871 520 848 516 541 329 999 600 688 410 763 444 669 392 731 430 971 584 718 440 798 473 241 169 736 442 193 91 996 598 594 351 963 576 657 407
165 20 7352 906 547 637 377 791 478 756 467 921 557 985 591 593 360 893 540 603 341 771 452 985 592 423 249 307 189 766 466 815 487 398 244 911 551 977 587 527 309 739 440
166 20 7096 761 462 712 439 994 597 296 175 670 407 849 512 902 536 632 396 964 578 260 184 950 573 555 328 246 104 701 423 675 414 717 435 761 448 992 595 690 417 865 527
167 20 6766 824 500 557 318 346 186 131 115 609 377 702 418 955 573 545 349 971 585 702 406 872 523 819 494 896 537 522 313 837 506 275 192 897 538 773 465 368 209 931 562
168 20 7738 848 515 664 409 825 496 944 566 676 402 674 411 709 435 929 554 394 259 784 481 920 548 984 590 466 286 955 575 497 320 777 455 809 475 876 530 954 571 791 469
169 20 6213 756 462 445 264 812 478 785 482 850 515 670 386 646 376 893 540 429 253 514 307 799 481 77 32 602 342 372 228 540 342 599 361 651 389 168 55 848 500 970 582
170 20 6788 998 599 610 356 946 567 805 489 712 430 540 339 556 346 440 252 391 239 566 341 473 309 915 545 526 323 755 464 296 206 727 434 844 506 903 537 977 587 596 352
171 20 7444 803 478 707 421 707 436 615 351 719 444 429 242 996 598 680 414 434 258 633 377 969 582 535 343 813 490 983 590 873 521 784 472 874 521 968 583 461 275 906 544
172 20 7346 541 312 568 330 909 545 974 583 728 430 443 253 946 570 939 561 660 414 540 303 848 506 397 250 175 60 958 574 996 598 967 582 835 493 854 516 791 476 623 370
173 20 7004 971 582 609 356 962 578 129 29 301 163 593 357 814 478 485 296 546 346 763 446 487 265 925 554 882 528 859 517 634 375 932 556 989 594 784 479 969 583 375 256
174 20 7133 561 329 670 420 698 419 985 590 662 417 879 525 376 228 999 599 568 352 970 581 550 324 777 465 884 530 242 108 358 226 798 467 771 468 872 518 742 460 904 543
175 20 6741 825 490 321 162 169 57 62 11 780 470 673 394 503 306 579 341 779 467 744 456 775 454 939 561 957 573 870 529 951 573 827 507 735 447 933 561 777 468 284 158
176 20 7081 700 436 555 349 494 294 920 550 707 409 998 599 745 459 573 361 351 221 938 566 471 301 758 447 631 378 459 254 947 569 898 544 740 456 654 398 966 579 657 405
177 20 6127 768 472 982 590 710 421 208 122 789 476 851 511 984 590 351 179 946 567 417 265 910 546 712 436 596 381 96 50 374 231 536 344 88 53 850 509 665 408 421 239
178 20 6964 997 599 873 525 933 557 379 243 434 239 611 348 626 389 151 140 624 366 819 483 596 336 568 340 577 347 973 585 991 595 880 535 733 434 682 399 701 415 781 459
179 20 7222 857 518 650 403 967 581 675 394 999 599 633 381 711 412 742 449 226 173 846 512 394 227 453 268 760 458 974 586 976 585 685 407 817 491 916 546 771 451 393 230
180 20 7501 829 505 601 375 635 379 836 498 925 556 933 560 638 366 503 302 894 540 993 595 991 595 899 534 606 348 483 282 726 426 370 201 660 409 999 599 563 320 919 547
181 20 7471 842 514 385 251 991 595 827 493 375 197 424 228 999 599 911 550 897 537 602 339 666 388 726 443 593 342 954 570 982 588 961 578 508 302 725 422 742 451 832 493
182 20 7224 836 509 550 337 894 531 406 233 1000 600 849 506 909 541 650 389 579 367 521 308 755 440 656 401 654 372 701 404 973 583 285 193 939 566 938 566 399 249 954 573
183 20 7479 771 470 532 299 934 564 908 542 746 460 852 513 826 500 697 408 973 584 753 451 889 535 934 559 625 396 752 465 996 598 425 261 492 267 674 399 199 103 980 587
184 20 7653 847 515 975 584 454 284 293 212 968 581 862 513 509 286 979 588 602 364 759 460 461 273 915 548 722 448 942 566 954 570 742 438 688 401 973 584 996 598 666 396
185 20 6481 772 451 923 551 971 584 979 587 986 592 165 50 910 543 643 387 727 436 709 435 322 166 571 361 749 439 768 467 317 158 776 474 210 151 662 378 570 333 232 103
186 20 7745 894 536 802 471 875 529 662 383 620 394 966 578 988 594 517 308 344 203 903 546 978 587 959 576 674 389 315 204 894 536 633 373 859 508 918 555 840 506 850 511
187 20 7279 488 316 861 510 925 554 859 522 910 547 854 511 310 147 628 382 585 349 994 596 175 65 594 351 937 559 987 593 874 518 634 400 731 447 975 584 764 467 474 266
188 20 7474 835 497 814 484 786 460 940 565 893 532 872 520 650 377 375 211 902 537 928 555 552 314 911 546 510 304 857 514 687 422 555 333 811 496 663 417 728 421 679 423
189 20 7564 923 557 587 354 475 312 830 507 988 593 684 399 591 353 345 210 977 585 779 470 826 496 931 557 942 566 567 322 627 394 902 537 820 500 854 518 788 470 693 398
190 20 6728 980 588 619 359 839 502 923 559 315 184 867 528 143 128 694 405 785 466 951 571 933 561 882 535 810 477 965 579 291 142 467 253 795 485 341 209 362 228 494 306
191 20 6787 740 454 442 265 675 399 616 390 723 428 981 589 695 429 212 146 426 242 833 502 754 460 645 375 947 571 777 468 782 478 594 365 718 435 630 392 533 335 852 519
192 20 7796 771 476 690 413 935 564 967 582 915 547 851 504 511 284 756 465 768 458 579 365 960 574 660 410 687 410 842 512 625 375 989 594 869 518 988 593 789 476 441 273
193 20 7129 590 332 722 426 476 270 438 253 409 252 555 329 739 428 876 520 837 503 910 551 697 404 897 537 683 410 850 507 391 233 978 588 746 462 863 524 666 388 935 563
194 20 6905 904 546 930 562 966 579 820 488 765 459 539 326 931 555 632 399 392 220 891 532 918 553 911 551 422 262 940 561 537 339 371 204 384 233 284 135 649 373 625 353
195 20 7086 544 319 763 468 965 577 535 349 981 589 621 353 674 424 545 338 911 552 809 483 634 380 740 435 657 383 705 407 992 595 959 575 284 151 422 277 925 554 506 328
196 20 6972 618 363 998 599 781 479 288 157 637 372 349 242 846 507 650 384 993 596 597 360 745 454 972 582 888 532 891 529 909 544 241 167 577 344 832 501 507 297 626 397
197 20 7073 749 441 787 474 957 572 865 521 661 384 489 287 767 466 986 593 670 390 601 367 654 411 615 372 526 294 985 591 760 468 754 438 814 493 370 231 570 341 566 357
198 20 7872 671 383 818 492 466 299 521 315 573 357 858 523 983 591 856 510 816 483 751 461 558 318 902 539 917 553 901 538 952 571 857 510 764 465 661 399 924 556 996 598
199 20 7764 737 428 561 324 975 585 681 414 807 477 793 470 753 449 918 553 830 492 862 511 984 591 483 310 819 494 970 581 996 598 937 560 872 520 30 35 905 547 615 367
200 20 7518 928 556 628 382 898 537 778 479 632 367 915 550 829 495 389 240 765 467 714 444 812 495 411 249 705 409 995 597 864 519 618 359 761 456 807 485 648 389 940 562
201 20 6320 727 420 764 454 606 357 885 537 466 265 437 251 726 423 942 567 301 185 619 369 748 456 414 263 972 583 762 447 438 286 745 443 655 373 245 131 316 188 873 522
202 20 7825 974 584 763 462 887 535 549 333 942 564 584 365 782 474 750 463 944 569 907 541 928 553 508 292 557 341 800 483 741 445 713 424 691 397 841 498 901 537 889 529
203 20 7294 502 290 612 390 408 240 855 508 817 486 771 468 896 539 417 279 624 391 707 423 987 592 926 554 964 577 577 342 775 457 328 218 903 538 910 551 806 473 804 482
204 20 7841 684 392 594 357 915 546 688 417 928 553 804 486 759 465 848 517 898 540 928 559 176 64 811 476 589 351 664 411 922 549 871 515 775 456 849 504 1000 600 980 587
205 20 7835 873 519 855 505 362 248 817 497 618 367 902 546 936 565 887 534 690 400 780 463 628 358 666 402 603 374 950 569 753 438 917 551 843 513 698 419 988 593 904 538
206 20 7671 498 316 784 472 561 352 730 438 560 328 821 486 682 396 887 531 871 518 734 425 996 598 897 532 718 441 934 562 533 347 1000 600 689 412 650 385 967 581 830 499
207 20 6980 786 473 985 591 931 556 712 442 808 495 437 252 525 337 258 148 868 513 402 246 747 458 688 422 843 503 666 380 830 490 998 599 948 571 394 247 617 356 518 305
208 20 6422 356 179 690 413 741 449 887 528 776 466 267 170 701 404 736 452 471 304 485 279 900 545 371 252 652 374 582 326 288 156 782 462 499 288 877 520 948 568 836 505
209 20 6566 128 93 736 437 863 511 512 312 960 576 790 480 667 400 566 351 509 290 727 424 680 419 657 406 492 293 435 242 603 344 641 387 898 543 838 499 791 480 639 392
210 20 7544 716 427 417 244 107 74 616 362 930 560 877 533 877 524 629 360 806 485 921 555 653 372 948 566 953 572 808 489 949 568 707 430 592 377 740 439 950 570 893 537
211 20 7118 215 136 955 571 523 332 842 502 781 457 652 383 786 470 453 277 868 517 561 336 847 512 864 520 988 593 615 357 761 460 809 480 815 498 580 339 539 319 783 471
212 20 7413 506 309 842 512 785 462 216 170 938 566 904 544 519 294 757 461 524 339 609 343 968 582 941 562 977 588 734 426 694 410 794 471 852 520 808 483 660 401 799 489
213 20 6369 803 489 998 599 125 118 529 312 332 181 681 392 943 564 859 518 266 202 722 450 704 411 294 150 280 128 982 588 374 262 684 397 872 524 704 423 669 387 918 549
214 20 6743 429 249 432 290 478 317 724 440 986 591 937 564 823 488 536 341 749 447 581 351 389 203 915 553 904 547 920 556 594 339 586 339 883 535 400 230 581 333 639 390
215 20 7431 963 578 848 502 363 201 944 568 931 562 534 335 534 314 831 506 626 384 903 541 562 339 871 515 848 514 783 459 853 520 823 496 507 326 929 561 792 479 417 215
216 20 6676 632 396 250 192 949 567 828 491 420 253 752 460 998 599 833 496 586 335 746 443 772 458 605 344 190 72 909 549 628 357 419 240 765 463 725 430 745 442 600 377
217 20 6782 579 330 620 356 821 489 600 346 437 295 750 458 591 378 909 549 247 142 862 517 588 332 988 593 938 566 816 501 454 265 752 440 489 263 930 561 671 419 523 312
218 20 7508 454 279 685 413 622 353 857 520 986 591 799 488 729 423 996 598 713 429 743 434 749 453 729 445 844 506 865 524 812 478 695 413 872 523 435 262 982 590 449 264
219 20 7195 588 337 860 510 552 332 968 581 923 558 727 433 964 580 370 243 997 599 463 264 515 324 933 556 740 438 838 504 396 205 436 281 774 457 821 492 813 487 713 445
220 20 7730 864 517 847 512 768 460 673 408 979 587 901 543 689 395 879 533 332 174 646 383 613 381 922 549 764 462 454 303 806 494 870 523 960 578 959 576 928 560 607 342
221 20 7164 879 520 778 457 828 491 709 421 127 36 996 598 582 340 528 298 986 591 947 566 269 152 729 443 780 459 710 428 687 411 842 513 914 553 535 302 503 272 999 600
222 20 6685 952 573 524 286 647 400 531 315 1000 600 550 306 852 509 371 227 559 353 951 572 894 542 261 143 959 578 450 276 412 243 913 549 177 106 887 536 523 309 958 573
223 20 6968 487 319 207 108 935 560 246 106 998 599 776 459 553 358 866 521 701 416 777 466 956 575 669 385 925 550 972 583 552 352 458 276 976 585 650 383 416 280 816 484
224 20 7109 602 358 528 339 838 499 682 420 578 327 908 548 763 450 607 380 965 579 566 339 610 381 473 292 915 545 953 570 993 596 994 597 879 521 903 536 113 90 348 209
225 20 6780 756 439 635 384 319 166 935 559 402 231 817 485 942 565 610 385 884 534 970 583 519 336 289 190 933 564 497 303 714 429 794 472 344 232 892 537 895 535 413 271
226 20 6553 965 580 633 387 361 249 440 251 938 565 542 303 594 377 806 487 429 247 848 506 387 256 959 576 866 521 759 459 470 268 966 579 768 447 712 427 273 145 390 206
227 20 7302 939 566 810 483 661 414 874 530 736 443 645 368 935 560 388 223 578 346 967 581 814 478 313 155 609 357 810 480 616 347 614 384 779 475 729 446 917 546 870 526
228 20 7401 987 593 888 539 829 499 528 327 934 560 814 484 760 461 903 545 684 400 207 101 678 418 973 583 891 541 681 404 399 272 405 271 948 566 912 553 841 503 540 312
229 20 7490 890 530 897 536 640 380 924 557 496 276 476 282 932 556 852 503 852 505 670 389 835 507 833 509 770 457 760 466 628 393 569 325 760 459 797 482 415 216 984 590
230 20 7599 639 368 967 579 873 519 939 564 582 374 965 580 618 381 935 560 845 511 987 592 898 535 665 416 772 458 643 378 614 379 537 347 888 534 963 577 531 311 338 222
231 20 6733 161 65 358 248 877 532 762 459 801 480 643 373 996 598 883 533 858 520 389 226 725 423 374 231 595 366 864 523 352 226 417 246 897 535 956 572 797 487 762 445
232 20 7195 856 508 932 557 768 472 456 269 530 345 998 599 433 241 845 505 619 384 443 299 887 537 939 562 615 390 885 528 679 418 800 488 336 189 940 564 504 289 926 554
233 20 7254 386 205 761 456 807 486 924 554 935 560 586 332 179 66 987 592 837 506 994 597 695 420 750 458 627 373 910 547 604 352 888 533 696 400 77 21 868 524 998 599
234 20 6990 382 213 462 265 665 402 687 400 379 241 855 515 891 529 814 494 858 522 857 508 880 524 523 322 528 305 800 485 752 452 650 375 754 450 809 494 639 399 795 467
235 20 6500 970 582 479 294 254 175 521 334 584 343 677 420 859 523 755 453 667 381 793 479 395 203 826 501 682 421 695 434 611 347 644 371 853 513 688 429 882 533 166 119
236 20 6742 672 407 456 280 629 364 511 311 930 557 633 360 828 506 774 474 859 507 708 416 621 377 520 325 836 508 427 266 582 357 884 532 815 478 320 207 780 463 700 427
237 20 6947 495 314 590 376 988 593 870 527 890 530 541 308 893 533 383 213 997 599 233 121 820 484 560 360 691 422 875 525 824 501 877 520 332 166 690 410 870 528 475 314
238 20 6974 542 314 372 216 370 246 979 589 704 410 445 291 636 367 911 548 159 78 635 379 965 579 668 421 900 536 961 579 722 424 664 395 741 456 851 507 797 476 927 560
239 20 8169 655 382 747 440 955 571 945 566 904 540 391 262 949 568 685 397 849 516 845 500 757 460 838 508 562 327 940 564 807 479 953 571 960 577 983 591 888 539 725 425
240 20 7047 210 115 924 554 635 383 792 478 984 591 358 184 243 159 605 340 919 548 556 337 658 377 793 483 828 491 870 518 351 218 541 301 993 596 945 570 894 537 996 598
241 20 7927 832 493 571 339 684 410 951 569 792 475 987 592 957 575 696 405 439 242 786 479 960 574 638 381 671 399 951 571 910 549 861 512 487 318 777 465 989 595 916 545
242 20 7024 736 433 280 184 886 537 515 317 591 378 776 465 498 308 519 334 842 503 780 480 896 542 355 207 645 400 973 582 669 396 979 588 535 317 914 544 733 444 926 553
243 20 6890 610 352 622 379 712 417 303 222 840 504 586 355 694 417 825 496 849 513 447 266 674 407 934 563 461 253 849 505 644 404 922 557 780 481 715 434 576 327 737 435
244 20 6491 644 376 976 585 301 200 751 459 591 360 894 538 579 359 992 595 929 555 353 173 810 492 212 161 414 242 852 515 517 310 783 458 724 442 609 362 490 319 562 351
245 20 6662 684 424 656 396 134 93 886 537 664 405 786 474 900 542 803 492 323 174 191 135 882 528 580 331 903 545 793 480 399 265 839 497 941 564 621 352 466 298 873 530
246 20 7350 855 519 913 543 824 493 384 203 951 572 968 583 748 457 658 378 712 419 457 256 863 514 731 424 455 274 455 284 963 580 597 335 731 429 991 596 808 489 637 369
247 20 7409 725 447 527 334 648 383 773 456 954 572 884 529 953 574 678 415 593 351 680 395 751 437 844 499 820 496 900 541 969 583 402 273 651 389 912 550 818 495 336 167
248 20 7558 803 493 917 547 972 583 990 594 394 263 280 177 809 479 551 308 972 584 835 495 873 526 841 500 653 383 577 368 624 354 475 270 728 431 985 592 902 545 936 563
249 20 7143 876 520 845 501 458 304 391 211 785 482 687 395 701 432 869 527 966 582 762 459 724 440 959 575 849 505 542 315 738 458 753 450 641 390 564 321 431 236 746 460
250 20 7719 617 363 587 374 713 421 949 573 983 589 632 366 760 445 855 508 960 578 832 497 909 544 757 448 775 460 459 305 781 473 921 548 783 466 515 288 847 517 803 473
251 20 7125 721 437 936 560 813 484 388 222 765 463 703 410 572 330 573 355 594 379 488 279 677 426 766 459 858 512 892 540 753 461 926 552 899 534 425 231 733 453 769 462
252 20 6974 848 507 992 596 664 384 512 322 975 584 368 219 788 469 900 544 225 121 814 481 462 289 243 133 745 435 596 366 782 471 877 520 352 216 1000 600 949 569 857 516
253 20 7649 556 321 706 415 894 536 959 577 977 585 910 543 997 599 771 458 295 146 702 412 654 388 939 561 494 297 520 341 801 478 715 430 536 333 971 581 914 549 988 592
254 20 7339 795 479 564 316 474 268 759 451 889 529 632 378 601 382 689 404 819 495 950 572 623 370 834 502 779 470 977 587 930 558 218 96 717 423 440 247 998 599 990 595
255 20 8077 809 482 343 180 979 589 958 575 945 566 852 513 371 204 971 583 514 305 924 558 991 594 892 532 927 554 802 478 612 354 899 539 979 589 664 388 819 499 903 545
256 20 7672 445 259 888 538 890 530 578 371 974 584 551 322 993 596 865 527 235 136 602 351 990 595 506 280 775 460 961 577 889 537 942 564 752 458 906 540 813 496 789 462
257 20 6518 531 342 519 327 420 244 987 593 366 208 301 167 521 284 864 513 497 299 830 506 540 344 290 181 615 389 734 428 587 353 989 594 971 583 831 496 959 573 685 411
258 20 6596 400 262 738 437 960 574 394 228 859 508 908 541 274 187 756 462 939 565 814 496 795 484 750 446 594 348 454 271 741 452 813 489 305 157 572 360 920 554 207 138
259 20 7440 447 258 736 441 848 511 926 551 790 465 699 405 959 574 609 359 693 412 457 301 945 568 759 444 878 521 847 513 571 354 517 288 749 448 650 407 994 597 807 483
260 20 7391 368 220 924 554 787 478 367 248 806 473 834 505 581 327 592 373 853 509 754 465 838 503 964 579 880 531 883 530 725 432 923 554 829 491 545 336 391 254 938 562
261 20 7742 938 564 788 475 846 511 484 298 663 414 974 585 856 516 775 457 995 597 659 408 461 308 917 548 920 555 521 315 910 547 833 491 809 482 832 499 920 550 384 213
262 20 7850 707 426 648 388 889 532 653 398 959 574 924 550 764 457 854 508 497 321 942 563 835 495 857 510 571 333 504 321 934 562 990 594 677 401 661 403 842 511 993 596
263 20 7408 937 563 261 192 632 397 870 524 752 449 526 316 607 365 965 579 855 519 671 396 740 442 758 441 653 405 919 553 478 263 893 540 914 551 972 582 753 444 661 401
264 20 7980 880 535 522 333 655 404 474 256 657 402 932 556 996 597 711 418 692 418 963 580 918 550 521 286 959 576 812 496 996 598 963 578 876 533 831 502 753 448 849 514
265 20 7355 785 474 454 288 974 584 850 503 759 465 744 444 878 528 774 466 28 12 714 433 779 476 951 572 612 365 919 551 787 465 905 541 748 440 795 473 684 409 571 337
266 20 7048 560 346 707 407 953 571 341 203 364 255 862 526 762 445 677 423 936 559 786 475 753 442 925 553 701 407 541 322 753 461 910 542 308 217 664 405 706 424 888 533
267 20 6636 964 579 737 439 799 468 989 594 728 430 845 501 847 508 464 259 659 396 19 46 758 456 820 483 946 568 536 335 221 149 894 532 643 400 376 195 658 410 370 208
268 20 6613 553 321 771 473 273 154 496 311 689 406 985 591 454 268 490 310 655 382 493 295 618 357 958 575 295 160 957 576 853 503 944 568 997 598 699 407 254 146 792 484
269 20 6960 773 460 665 384 619 352 626 378 996 598 572 369 1000 600 805 494 829 502 986 592 653 400 929 553 554 315 813 495 944 564 976 585 185 153 373 190 325 196 298 165
270 20 7468 683 425 879 529 836 511 627 360 957 574 544 299 352 235 950 569 375 210 846 513 910 550 834 500 311 194 937 559 998 599 721 447 934 563 975 584 554 332 713 443
271 20 7833 747 440 964 578 812 491 674 388 838 507 788 475 823 483 694 400 333 171 876 533 562 349 977 587 892 537 854 511 900 540 829 498 862 520 569 355 707 411 966 579
272 20 7134 620 356 892 536 874 528 923 558 737 455 434 284 871 526 965 581 466 309 662 383 749 455 502 328 639 364 706 425 660 416 796 474 670 404 394 255 767 455 941 562
273 20 6734 586 371 950 570 675 390 710 442 619 380 757 455 790 462 523 323 537 328 977 587 564 360 381 259 744 454 909 547 269 199 449 274 602 372 945 568 602 367 879 532
274 20 7458 926 556 574 344 701 436 919 547 985 591 714 431 538 327 840 495 874 531 724 440 557 357 925 555 565 332 624 374 792 464 525 316 900 539 978 587 899 545 356 220
275 20 7539 868 515 568 327 685 402 814 480 950 569 924 558 652 409 671 416 832 493 875 518 175 91 685 429 989 594 349 210 857 523 959 577 469 283 915 544 914 552 927 555
276 20 7120 953 572 569 340 597 336 397 265 894 536 394 235 444 284 842 503 986 592 533 302 429 278 919 553 717 414 855 515 889 537 832 509 962 578 927 554 491 321 610 377
277 20 7517 754 459 864 525 609 371 958 576 964 579 849 511 803 472 846 502 927 559 672 419 651 405 495 302 632 397 809 494 943 564 964 579 921 555 778 468 200 131 395 242
278 20 7523 749 453 919 551 919 550 519 314 957 572 783 463 882 527 757 447 548 306 624 366 533 324 761 455 804 477 759 467 693 399 797 475 806 492 883 526 947 570 406 276
279 20 7253 937 561 905 543 899 536 884 533 822 497 537 306 562 313 927 556 843 502 672 403 689 398 481 318 716 431 774 473 749 460 791 483 172 138 362 187 983 590 802 476
280 20 7351 547 353 509 316 884 533 676 404 775 458 789 483 887 533 422 286 872 526 749 441 979 588 696 431 916 550 987 592 849 511 911 548 759 466 606 341 730 436 160 104
281 20 7748 850 510 848 513 474 306 498 304 953 572 455 252 931 558 977 587 728 439 558 340 914 548 343 169 933 563 817 480 978 586 838 496 679 420 923 558 930 562 869 514
282 20 7260 923 557 545 327 796 470 753 449 268 149 977 587 614 384 874 528 752 464 956 575 728 436 580 326 714 442 650 384 923 557 659 412 577 360 999 599 412 215 821 488
283 20 6562 696 407 661 406 480 273 932 563 506 331 836 494 830 505 496 278 972 582 237 103 781 463 701 413 423 277 992 596 905 541 372 246 675 420 532 296 539 309 559 321
284 20 8047 993 595 764 471 518 288 866 517 942 566 664 407 903 538 945 569 979 587 916 553 813 494 757 450 948 570 694 404 996 598 657 378 468 270 765 455 741 454 765 461
285 20 7115 714 436 429 255 977 587 467 278 887 533 952 570 936 562 442 260 889 528 817 498 965 580 480 285 983 589 832 505 420 275 243 103 855 509 707 431 522 325 714 436
286 20 6224 577 346 600 372 959 576 604 354 755 447 611 361 577 348 607 362 960 574 850 503 954 571 555 318 746 434 513 328 198 109 425 246 931 555 523 319 407 255 97 112
287 20 7036 753 460 987 593 624 394 923 553 711 422 807 475 732 441 243 112 177 81 963 577 908 551 686 406 733 428 349 219 770 466 867 514 467 249 989 594 442 298 942 564
288 20 6760 428 230 791 469 773 472 896 543 907 545 798 469 802 487 288 140 300 139 959 575 482 287 416 250 679 418 990 594 910 548 543 347 672 402 445 247 457 286 985 592
289 20 6546 710 417 524 336 817 500 972 582 633 392 548 333 681 412 107 66 385 257 428 287 920 549 563 312 439 260 712 437 763 471 780 468 878 525 663 381 867 515 702 424
290 20 7388 727 425 747 435 855 521 852 506 858 517 740 443 953 572 218 88 865 518 901 546 963 577 654 403 715 414 197 103 661 412 600 348 652 386 861 509 933 557 825 498
291 20 7968 710 429 900 538 991 595 993 596 713 414 873 520 526 300 963 579 613 365 701 425 975 587 512 293 997 598 403 218 655 399 787 468 991 595 982 589 672 385 980 588
292 20 6726 742 447 922 549 717 424 592 378 950 567 950 573 661 394 631 395 958 575 468 253 507 310 945 565 707 412 538 345 471 300 413 278 183 70 974 584 308 212 815 481
293 20 7477 451 292 537 340 650 371 870 523 782 479 856 507 545 341 976 586 859 523 954 572 918 550 734 457 773 465 765 463 892 540 656 394 694 404 499 302 940 561 604 366
294 20 7127 933 562 553 317 985 592 684 426 438 277 516 319 338 180 961 575 552 338 184 76 1000 600 904 544 777 471 967 578 993 596 717 438 263 194 889 535 984 591 617 351
295 20 7145 920 556 852 517 757 453 754 450 775 466 394 215 988 593 882 535 655 385 861 510 531 295 468 253 690 405 581 332 801 484 777 459 786 471 796 486 405 263 618 373
296 20 7182 908 547 872 527 278 149 430 280 934 563 846 512 506 333 469 259 989 594 578 360 985 590 947 567 815 493 520 332 906 542 395 261 804 475 715 435 730 436 737 437
297 20 7494 850 505 837 494 860 524 955 575 620 377 593 374 583 330 532 331 566 357 781 466 939 567 1000 600 900 535 496 303 729 438 994 597 603 371 635 378 708 421 807 479
298 20 7897 258 138 935 562 956 573 852 507 820 483 720 429 932 563 416 262 830 507 852 504 886 527 836 500 365 225 949 571 873 520 899 544 692 430 965 578 852 506 907 548
299 20 6457 936 562 927 559 810 489 755 467 658 411 382 203 498 306 838 500 959 574 270 152 334 198 837 497 769 475 538 326 494 272 629 367 543 346 485 316 646 398 606 365
300 20 6137 500 318 370 228 584 368 685 401 184 133 614 391 867 515 627 381 495 326 929 554 625 374 568 329 883 527 555 349 856 507 588 340 385 231 508 283 881 530 570 355
301 20 6938 569 332 927 555 600 343 577 358 605 381 552 318 938 563 650 373 554 311 357 205 705 421 870 516 725 430 630 359 888 535 647 389 816 486 852 516 548 321 867 519
302 20 8427 886 530 867 520 691 404 914 544 991 595 970 583 741 442 697 419 846 514 876 520 806 474 945 570 873 531 851 504 842 505 421 284 968 581 900 541 776 463 993 596
303 20 6685 344 219 583 358 651 380 944 568 548 339 559 342 756 467 947 571 418 279 517 296 547 326 833 500 624 383 587 345 822 488 493 302 875 525 740 448 876 526 707 428
304 20 7987 958 574 927 559 711 429 724 443 809 497 902 539 893 542 962 577 705 411 825 501 862 511 741 431 469 266 954 575 710 444 321 201 886 537 791 465 959 578 865 521
305 20 7971 635 366 930 559 708 433 822 491 939 562 907 547 727 434 862 518 978 587 684 427 865 520 644 384 969 582 914 551 657 406 867 523 891 533 518 338 816 494 609 364
306 20 7464 760 465 264 123 618 359 497 316 807 489 690 413 904 538 507 332 718 423 862 516 924 550 912 549 476 273 918 550 955 571 979 587 824 503 680 427 874 517 760 466
307 20 6817 688 411 792 472 844 516 131 31 663 380 863 522 442 269 897 537 274 134 187 65 793 481 843 516 927 554 802 479 699 416 904 539 607 377 910 552 796 475 572 353
308 20 6866 997 599 512 291 949 568 468 286 858 508 576 367 396 248 527 333 394 231 577 338 833 501 294 151 702 411 706 413 675 400 929 560 684 421 987 592 916 553 753 442
309 20 6357 349 180 561 346 774 472 601 376 878 521 416 263 393 254 499 278 815 484 416 248 963 578 592 347 668 419 610 387 713 428 706 408 566 326 752 466 728 423 714 422
310 20 7121 713 420 933 560 672 387 738 428 956 574 715 441 701 422 513 280 910 542 683 419 758 465 650 391 780 472 801 488 667 396 763 449 679 400 325 160 528 313 757 453
311 20 6832 924 556 414 281 762 452 976 584 631 386 411 219 921 548 721 429 330 163 869 523 839 506 457 305 829 496 503 274 949 572 692 402 531 346 866 527 345 235 694 433
312 20 6825 195 136 333 240 777 460 877 527 666 397 755 453 842 497 916 548 937 562 792 476 563 320 250 156 870 526 901 539 570 362 262 189 673 423 538 349 965 580 968 581
313 20 6560 520 331 915 553 552 307 819 498 422 272 573 335 877 529 537 300 453 242 944 568 692 424 677 424 645 400 838 506 876 533 617 361 795 473 236 128 653 403 480 275
314 20 7387 795 468 628 384 665 401 680 413 911 548 622 387 899 534 268 164 776 453 701 415 402 249 878 534 826 498 383 243 964 578 986 592 644 390 952 571 821 499 974 583
315 20 6512 511 279 984 590 920 548 748 442 543 330 291 164 587 339 455 256 770 452 278 210 336 170 934 559 795 468 351 223 976 587 946 571 499 307 584 338 817 491 699 434
316 20 6406 118 118 999 600 500 278 462 261 671 407 950 571 865 515 470 276 477 265 794 470 531 336 780 470 855 518 710 414 341 205 976 586 992 596 728 446 494 305 99 84
317 20 7256 551 325 798 489 764 470 960 577 732 443 527 304 802 481 656 411 981 588 640 403 313 173 898 536 859 517 764 454 544 331 859 522 876 532 489 285 766 456 733 451
318 20 7004 741 440 618 384 765 473 569 322 810 476 824 492 726 448 470 278 649 399 422 225 621 363 891 536 465 250 998 599 760 443 498 309 871 515 922 551 696 427 692 399
319 20 6475 96 16 804 473 917 547 725 448 561 316 550 322 209 144 874 521 817 481 391 214 663 390 261 128 982 589 493 302 870 526 698 406 410 238 832 494 966 580 831 502
320 20 7761 697 427 647 396 797 476 927 554 787 481 862 517 638 375 914 548 853 518 703 427 987 593 855 520 720 445 603 360 838 506 272 206 867 517 855 513 854 510 847 504
321 20 7131 260 142 564 328 772 476 590 368 732 428 890 528 707 436 392 256 853 512 660 403 686 405 801 474 623 369 992 595 872 525 606 367 660 415 825 489 842 512 935 562
322 20 7606 746 463 985 592 920 552 998 599 988 592 991 595 618 367 843 497 302 215 645 401 931 555 347 214 796 474 700 418 293 139 857 520 988 593 703 439 681 407 880 532
323 20 7036 441 274 659 403 905 541 677 387 695 400 589 372 919 556 721 449 769 457 975 584 569 322 744 453 674 413 834 493 884 533 958 574 270 120 396 218 489 297 904 540
324 20 6945 860 524 485 263 817 487 855 512 840 514 671 395 843 514 557 356 382 253 910 546 471 263 416 243 843 512 931 557 445 248 913 553 198 144 810 476 768 455 876 521
325 20 6917 965 581 472 267 803 492 778 476 782 478 968 579 625 368 410 232 570 362 776 479 622 389 922 551 951 571 849 518 882 527 300 194 752 441 383 226 310 205 715 434
326 20 7208 877 533 406 248 912 550 971 584 845 511 732 449 984 591 960 577 301 157 598 366 885 538 393 251 896 535 419 264 219 164 619 361 667 416 826 488 937 565 970 583
327 20 6701 643 393 837 506 393 266 370 233 628 362 882 523 591 333 812 494 63 17 770 472 946 571 568 343 718 421 952 569 818 496 446 243 851 513 409 252 961 577 744 451
328 20 7501 867 522 843 515 601 368 742 442 872 518 762 447 394 262 864 521 882 532 947 567 757 467 836 494 720 439 751 446 445 262 919 549 870 529 455 243 807 481 668 409
329 20 7238 802 491 989 594 950 570 621 353 453 285 760 455 717 438 486 283 816 495 305 191 844 498 662 413 976 587 731 446 985 590 821 485 741 439 966 578 355 208 496 327
330 20 7436 981 590 992 596 770 471 732 435 859 509 558 356 461 305 450 261 900 535 881 523 781 477 508 333 536 301 857 518 895 537 556 324 588 353 833 491 950 568 784 475
331 20 6418 676 419 416 269 409 253 64 11 538 304 728 429 514 289 368 207 847 508 994 596 676 409 873 518 826 494 833 501 842 510 303 164 820 500 658 403 719 419 733 447
332 20 7307 396 271 706 433 666 406 893 535 72 61 630 360 973 585 845 505 723 431 685 417 666 381 939 565 621 353 904 546 749 438 783 459 687 396 936 565 768 464 973 585
333 20 6673 841 497 958 577 976 587 555 349 828 491 619 363 637 376 450 277 999 599 213 144 503 329 763 446 518 315 581 346 392 251 926 552 850 504 425 282 857 512 455 263
334 20 7459 554 338 800 472 817 496 959 574 719 429 680 418 833 505 976 586 847 502 670 420 996 598 544 301 641 374 531 291 931 561 995 597 470 287 937 564 234 114 785 471
335 20 7713 990 595 769 449 797 486 896 533 868 516 886 528 746 460 628 357 948 570 790 465 751 459 951 569 730 450 636 381 471 273 829 492 657 402 884 528 664 390 536 328
336 20 7427 518 301 976 585 745 460 993 596 810 478 747 455 691 429 990 594 885 534 716 423 340 172 972 583 408 252 624 386 431 264 850 501 550 355 906 547 857 522 846 516
337 20 7851 915 554 562 354 840 513 875 530 689 399 975 586 489 291 832 498 985 591 739 443 891 530 892 533 893 533 403 275 583 347 967 580 747 462 960 575 850 503 616 389
338 20 6970 687 421 812 478 345 183 774 463 471 255 762 456 164 60 560 339 992 595 773 460 774 454 758 447 978 588 829 506 593 332 995 597 889 528 725 445 579 341 481 316
339 20 7431 644 407 540 318 788 474 956 571 984 591 892 536 826 500 677 401 893 533 861 522 671 387 642 379 950 570 642 392 282 196 867 527 787 479 946 570 343 218 671 413
340 20 7095 520 285 993 596 948 571 750 441 569 329 106 68 431 247 935 561 677 425 970 580 749 458 551 328 451 287 429 277 931 558 926 560 915 552 907 544 922 557 511 308
341 20 6818 980 589 760 467 400 265 797 468 885 535 348 226 633 374 757 459 376 217 914 544 801 469 867 513 650 388 894 540 946 570 263 134 779 481 992 595 467 307 127 79
342 20 6814 872 526 479 299 931 561 997 599 930 558 713 421 883 535 717 445 755 443 624 363 288 202 847 517 814 497 74 92 173 126 711 426 657 395 914 544 963 578 286 144
343 20 7797 934 558 703 417 959 573 639 370 873 530 850 518 536 304 675 425 698 428 996 598 863 512 959 574 923 555 926 553 786 476 919 554 683 409 782 463 669 417 221 136
344 20 7373 459 290 902 547 313 158 723 427 407 236 879 533 431 244 647 375 670 386 959 577 680 417 814 479 914 544 972 583 980 587 947 567 966 580 871 522 905 546 307 186
345 20 6885 840 508 885 534 562 321 781 472 627 369 680 416 317 170 724 442 849 514 971 582 784 469 252 138 402 240 859 524 974 584 247 171 328 195 883 533 896 537 909 548
346 20 7326 266 138 614 353 486 292 782 458 968 581 693 405 807 486 893 537 910 551 662 389 450 249 146 39 966 579 867 526 849 509 787 463 963 577 801 483 909 540 834 497
347 20 6775 379 216 875 526 409 226 952 574 814 498 792 475 797 473 736 434 129 120 998 599 740 444 889 537 688 421 517 290 441 267 663 395 497 307 672 408 966 580 596 339
348 20 7889 747 455 770 469 669 406 458 294 769 464 323 191 952 569 974 584 657 413 735 443 879 524 882 529 926 559 845 512 925 558 855 512 933 558 912 544 968 582 599 362
349 20 8017 622 368 933 560 955 576 991 594 811 495 928 557 655 396 838 510 599 348 967 581 879 531 865 526 651 387 866 517 758 459 199 136 933 560 974 584 905 540 705 425
350 20 7008 864 526 666 403 691 414 957 575 309 197 442 239 418 274 664 410 597 354 744 456 994 597 490 283 693 412 859 522 441 234 979 587 917 548 677 410 732 426 883 529
351 20 7078 862 525 384 254 137 33 952 570 651 385 966 578 581 333 862 513 635 363 840 504 595 337 765 453 901 538 833 494 545 331 675 387 507 285 996 598 710 429 759 466
352 20 7036 727 422 439 290 620 368 803 475 849 513 484 272 621 366 500 321 983 590 603 376 558 322 1000 600 708 415 632 385 190 137 769 464 828 506 984 591 964 578 811 481
353 20 8145 961 576 852 512 578 340 722 430 665 403 921 552 716 417 944 566 820 486 976 586 757 460 910 545 955 573 960 578 951 568 545 324 958 576 437 248 957 577 706 424
354 20 7468 899 539 848 514 759 455 940 562 506 306 696 428 704 439 888 527 606 362 754 467 918 550 397 247 873 530 923 557 857 513 794 470 476 283 795 488 525 323 779 476
355 20 7485 954 572 967 581 791 487 598 351 705 415 726 450 927 552 220 86 838 495 897 544 555 313 891 532 700 411 896 542 680 424 586 331 994 597 873 529 300 144 872 516
356 20 6683 748 444 916 553 265 127 779 480 412 231 902 543 835 509 606 363 864 513 569 364 546 317 847 507 550 311 155 129 701 429 862 522 237 132 768 458 952 569 852 511
357 20 6625 884 531 929 562 731 436 828 493 855 521 713 436 601 346 409 263 409 265 757 463 743 448 541 308 966 581 808 486 793 475 155 127 366 238 494 293 459 272 810 489
358 20 7143 558 333 686 420 384 225 754 458 521 294 967 580 815 487 390 259 889 532 757 468 917 553 625 369 908 549 808 496 450 252 981 589 468 305 969 583 693 405 747 456
359 20 7853 765 464 829 498 829 495 925 558 926 551 929 554 406 272 886 531 510 325 684 409 874 523 791 478 964 577 937 561 791 477 847 510 885 532 917 551 746 462 265 123
360 20 7317 910 542 913 552 951 572 710 414 294 181 789 469 956 574 880 528 316 173 838 499 898 543 549 330 582 332 679 424 823 502 936 558 680 397 975 584 406 228 549 324
361 20 7148 217 157 274 204 955 573 887 526 834 505 925 560 989 593 562 324 723 443 841 505 554 325 917 550 812 496 569 364 325 226 987 593 269 197 796 480 956 576 905 540
362 20 8288 901 542 798 471 416 280 696 433 744 433 957 575 972 583 994 597 979 586 897 534 972 583 734 436 910 545 904 540 868 523 947 571 563 364 715 431 860 516 749 465
363 20 7405 389 247 741 460 790 477 730 454 667 414 880 531 977 587 943 568 460 293 578 325 710 440 592 338 874 526 982 590 976 585 804 488 755 462 902 539 733 444 327 220
364 20 7192 588 350 747 442 659 394 943 567 423 274 839 498 958 575 971 581 636 386 694 429 999 599 884 534 504 324 890 529 644 380 511 327 292 163 696 424 622 376 885 537
365 20 7656 917 554 480 290 891 537 833 500 756 463 954 572 676 405 828 496 365 245 589 340 886 531 700 406 978 586 764 468 737 447 986 592 813 487 852 513 492 268 816 486
366 20 6340 626 395 466 299 767 454 610 372 774 463 773 466 923 550 229 178 212 155 758 451 269 134 494 318 829 500 517 312 719 423 336 232 1000 600 979 587 691 399 708 415
367 20 6937 972 585 863 516 708 422 879 531 528 319 918 554 600 377 875 528 948 572 903 539 922 558 473 255 832 490 372 231 774 454 413 272 348 182 419 237 463 307 664 392
368 20 7115 728 445 967 579 850 514 402 213 281 184 420 228 353 201 879 530 853 515 839 501 912 544 705 420 613 382 940 563 93 102 896 534 915 551 904 543 860 509 820 497
369 20 7697 675 424 681 390 740 460 857 519 965 581 505 303 798 481 879 525 887 535 891 537 913 550 970 582 640 399 644 397 725 440 835 498 777 474 564 347 688 428 761 455
370 20 7241 847 517 910 542 611 350 811 493 805 491 778 461 460 250 990 594 983 589 408 220 732 441 550 323 926 557 953 571 703 424 587 376 596 362 807 482 529 302 497 327
371 20 7131 499 324 766 457 218 155 985 592 976 587 943 564 831 509 188 108 598 372 954 575 839 500 888 528 212 94 669 411 748 446 971 582 536 303 836 499 872 516 733 433
372 20 8212 932 562 575 369 781 460 708 423 834 507 924 555 936 562 978 586 488 319 925 553 697 418 842 513 688 422 960 578 854 517 898 535 710 440 857 519 975 586 863 516
373 20 7283 820 492 651 397 1000 600 944 565 901 545 775 453 392 214 895 535 591 333 429 282 948 568 829 498 745 453 372 235 517 332 775 469 749 464 811 484 912 544 511 332
374 20 7214 910 551 949 569 849 513 229 144 703 428 503 325 867 527 682 415 835 504 894 540 879 533 793 467 999 600 987 592 556 346 645 373 326 211 815 481 605 387 402 243
375 20 7862 544 309 656 405 452 253 1000 600 909 540 795 468 823 504 861 518 602 383 745 435 901 541 759 466 729 425 681 419 819 500 929 554 977 586 995 597 567 360 980 588
376 20 7556 823 498 949 569 955 575 792 480 772 474 972 583 838 501 461 267 836 507 796 481 858 512 772 462 289 203 712 423 990 594 878 523 364 250 396 242 812 486 848 509
377 20 6778 694 421 801 491 486 305 815 490 751 449 876 519 509 319 814 480 656 414 653 412 682 391 600 339 789 464 344 177 958 573 745 441 861 518 428 288 705 409 389 243
378 20 7541 1000 600 878 531 496 286 644 390 407 247 813 494 989 594 957 573 728 437 884 533 1000 600 631 390 962 578 924 555 987 592 455 293 564 337 642 400 849 511 273 129
379 20 6792 942 566 364 241 654 388 995 597 986 592 505 301 908 543 611 344 779 481 304 163 850 505 937 561 524 309 532 321 248 183 964 577 786 483 403 218 531 325 762 467
380 20 7228 604 352 922 551 593 366 828 490 879 532 920 547 865 522 966 582 759 463 850 511 828 506 830 488 688 406 917 549 104 24 821 492 644 373 434 285 363 224 642 397
381 20 6831 697 402 972 584 592 334 808 487 963 577 593 360 779 479 424 260 322 191 848 517 646 405 778 478 728 442 506 329 410 214 850 517 679 406 807 473 738 445 522 299
382 20 7178 935 565 769 449 919 556 770 462 879 521 608 372 679 415 989 594 620 351 759 446 586 353 960 574 810 476 231 183 583 375 349 175 676 388 755 443 789 465 690 408
383 20 8107 974 584 661 388 577 369 875 521 957 577 725 438 984 592 650 373 966 579 897 534 726 448 755 442 966 578 921 554 637 375 894 534 796 481 603 357 954 574 697 407
384 20 6804 868 518 737 454 421 253 940 562 759 458 744 449 916 552 997 599 658 400 694 420 592 374 473 262 681 397 498 310 291 201 852 503 540 348 257 197 810 487 881 524
385 20 7106 883 537 725 431 795 481 690 431 877 527 809 474 428 282 749 443 594 378 975 587 327 166 793 469 599 363 862 513 719 433 696 416 328 173 866 516 703 405 794 484
386 20 7499 257 188 387 213 957 574 612 377 648 391 603 360 790 464 762 466 721 425 964 579 880 525 996 598 962 577 574 326 990 594 702 407 606 385 861 522 998 599 728 426
387 20 7145 234 155 926 557 829 500 786 462 829 499 434 282 419 270 461 297 912 549 898 543 964 577 612 348 996 598 909 547 539 306 822 494 644 366 516 333 721 427 839 512
388 20 7183 750 449 373 209 699 410 805 485 703 414 907 545 991 594 987 592 950 570 739 450 730 429 968 580 830 494 958 576 760 442 984 590 428 287 85 88 433 274 286 163
389 20 7189 982 589 879 521 781 479 553 351 461 272 628 395 685 406 710 413 943 567 850 518 991 595 268 120 981 589 167 102 923 550 609 369 910 545 858 521 430 226 770 455
390 20 7534 792 484 923 551 351 183 877 533 925 554 953 571 925 556 585 371 444 294 618 384 958 578 317 153 944 567 809 475 599 348 777 459 670 399 698 436 925 556 979 588
391 20 6888 536 310 980 588 797 479 781 464 781 474 721 426 162 77 463 266 803 483 613 367 898 542 903 543 905 541 782 478 448 250 678 408 759 442 274 208 684 427 808 479
392 20 7366 772 452 976 587 631 388 899 541 829 494 909 550 815 491 738 432 961 579 536 305 787 483 463 271 676 397 972 585 614 371 312 156 773 475 321 218 867 515 882 527
393 20 7301 291 168 481 268 773 469 867 520 748 435 374 205 841 506 686 428 934 563 948 571 621 383 788 481 928 555 863 512 703 434 852 507 583 338 966 580 429 224 926 553
394 20 7117 474 284 916 549 527 303 872 525 570 354 575 330 711 430 860 516 551 346 630 393 972 584 507 326 906 546 734 427 917 554 962 575 747 444 151 120 779 461 874 520
395 20 6796 655 376 631 362 958 574 744 439 189 131 644 373 809 497 787 478 417 277 469 257 968 582 961 578 680 389 909 543 466 258 933 560 424 250 971 582 359 182 619 393
396 20 7283 484 285 968 582 879 525 850 504 583 334 556 354 873 518 360 211 831 505 801 478 453 299 821 493 852 507 775 459 609 365 947 571 553 314 589 371 989 594 794 476
397 20 7277 442 289 540 339 883 523 533 322 912 552 944 564 906 538 266 131 914 552 965 581 914 550 666 389 874 531 906 547 899 542 676 395 690 405 342 190 301 199 982 589
398 20 6442 664 393 224 128 398 255 425 266 381 220 989 594 803 471 702 416 539 337 712 442 518 310 808 487 665 399 565 340 707 425 904 544 776 468 315 185 811 477 979 589
399 20 7766 612 359 652 381 596 347 925 555 823 500 677 412 858 513 945 568 440 270 961 578 590 375 925 553 539 304 873 529 972 584 716 421 908 548 679 395 940 566 902 541
400 20 6315 489 299 713 435 796 488 533 337 928 559 182 62 869 524 461 250 692 414 931 561 697 426 896 542 995 597 252 156 672 396 731 425 858 507 702 430 159 141 75 16
