1 20 2491 857 509 167 76 415 257 435 234 270 161 391 227 458 294 65 21 149 56 172 89 260 190 147 134 45 37 139 118 50 41 39 36 258 180 188 108 257 122 221 167
2 20 2500 233 124 261 197 335 187 19 47 270 192 517 326 228 173 448 253 373 243 97 89 53 47 205 117 325 227 82 64 677 413 344 194 21 29 148 69 68 96 296 179
3 20 2127 21 71 126 68 58 81 300 154 647 370 194 122 472 314 212 92 216 129 179 105 156 144 290 201 54 32 200 141 11 15 501 310 7 58 184 68 25 3 402 225
4 20 1884 677 417 19 62 399 259 444 275 28 62 117 113 46 85 40 15 89 45 233 169 80 63 212 119 103 50 175 142 203 146 203 157 69 88 290 167 161 50 181 128
5 20 2126 222 171 214 100 211 119 46 35 22 43 250 172 34 34 138 120 425 230 130 74 107 33 550 337 471 300 277 168 433 293 70 52 252 132 132 116 181 132 88 23
6 20 1928 55 58 565 348 152 66 28 7 53 77 389 206 669 409 5 48 402 252 119 50 34 74 643 398 33 38 31 31 10 15 10 58 57 61 132 78 237 134 233 143
7 20 2186 476 286 25 14 406 215 254 179 68 4 35 6 162 80 29 57 359 184 181 149 23 57 239 139 611 381 59 77 544 329 245 138 144 114 18 6 167 135 327 190
8 20 2817 150 108 50 77 517 336 347 241 106 100 36 5 423 235 265 191 468 307 576 328 80 49 12 59 214 173 358 233 198 125 33 11 301 218 386 268 145 47 970 581
9 20 2433 1 52 221 91 600 367 82 80 463 261 353 244 246 107 25 17 378 203 3 47 106 16 95 61 486 273 52 10 121 61 575 333 12 34 326 170 363 210 358 221
10 20 1720 32 68 85 36 54 17 554 316 58 3 297 147 347 208 507 319 70 49 395 223 5 60 43 79 189 72 63 52 188 70 155 132 40 77 88 58 49 19 221 124
11 20 1891 133 32 152 129 122 93 61 28 83 54 161 65 117 47 275 169 192 106 326 201 115 32 363 218 290 185 19 48 586 355 50 46 316 157 60 92 226 123 136 35
12 20 2222 248 157 177 94 275 163 257 150 259 142 94 105 339 180 161 85 62 71 3 34 138 76 238 175 729 442 177 122 185 106 204 98 288 197 176 89 338 168 97 85
13 20 2508 136 37 37 30 97 60 260 116 364 248 443 289 12 38 40 47 132 121 221 94 376 222 822 494 86 30 288 191 451 273 138 108 121 26 202 159 463 308 327 158
14 20 2310 192 87 9 23 394 261 375 238 359 183 268 147 157 89 424 220 112 104 185 138 139 45 186 83 432 273 123 50 255 171 206 76 144 88 245 187 305 146 111 17
15 20 2532 594 368 473 263 312 150 206 90 283 156 117 120 383 201 153 62 257 125 48 11 5 42 83 44 190 148 623 358 208 131 146 55 82 25 287 185 502 277 113 95
16 20 2294 151 73 105 20 157 110 397 257 207 83 180 147 514 305 37 50 113 79 364 230 284 205 363 204 466 267 724 421 19 45 26 38 232 159 142 70 55 3 53 88
17 20 2712 4 7 359 183 336 165 43 29 150 140 21 55 395 242 726 448 229 116 307 218 449 277 265 128 99 79 404 246 221 130 499 289 163 133 383 243 99 44 272 191
18 20 1691 118 58 409 258 199 165 83 13 372 242 143 48 244 187 11 7 165 57 218 106 30 9 136 51 41 22 518 318 186 124 127 70 125 112 102 89 45 1 110 84
19 20 1980 365 236 181 128 67 10 200 144 40 48 259 198 48 20 95 72 548 343 36 22 635 383 60 56 238 171 39 11 36 38 515 337 144 60 211 99 66 89 177 118
20 20 2404 514 282 381 244 54 55 5 18 71 77 164 57 117 100 47 22 32 25 338 171 305 205 275 156 599 348 221 129 177 141 41 68 540 340 600 343 50 47 278 151
21 20 1835 271 149 357 197 254 137 45 2 43 22 361 209 200 143 307 143 386 265 27 56 10 39 90 15 365 192 271 134 209 173 172 60 224 134 16 5 62 13 1 45
22 20 2226 37 57 253 180 222 107 451 251 498 308 311 191 223 158 5 60 307 219 236 131 163 48 236 103 241 156 222 171 99 111 17 61 328 231 89 15 321 190 193 161
23 20 2199 128 110 34 73 366 217 325 224 108 21 19 63 404 254 570 346 135 120 57 11 184 79 197 141 234 157 50 68 263 188 102 29 580 350 383 225 88 11 172 104
24 20 1733 53 8 102 79 100 42 306 209 467 287 159 102 118 120 132 115 431 240 59 41 73 66 27 59 71 92 39 39 379 240 92 31 431 287 21 40 252 179 155 65
25 20 1681 203 125 102 74 119 118 101 93 67 21 698 410 87 33 254 192 366 195 165 96 163 71 3 36 229 161 4 36 68 26 97 78 120 70 82 79 205 101 229 117
26 20 2300 254 189 112 90 262 174 156 131 28 14 47 66 106 81 270 155 52 74 710 441 149 101 54 6 307 226 545 351 166 144 515 312 472 307 242 175 36 29 118 95
27 20 1847 350 209 41 25 169 88 345 197 105 30 188 72 84 63 446 275 214 146 158 89 233 177 131 73 161 96 230 104 98 12 146 94 379 233 114 119 49 57 54 9
28 20 2149 353 237 36 6 431 243 114 27 181 151 465 253 6 6 312 216 151 93 82 27 421 276 385 222 5 10 100 71 379 223 366 249 56 1 173 61 184 120 99 98
29 20 2182 44 55 164 52 420 232 70 38 2 42 196 81 75 32 325 211 455 263 297 158 17 6 523 308 320 184 723 424 82 46 80 97 14 27 209 171 75 43 274 128
30 20 1939 44 47 113 99 219 162 271 143 156 129 287 211 335 234 20 11 448 300 254 137 160 98 31 53 128 128 546 322 123 88 185 105 24 70 115 73 238 129 181 64
31 20 2978 311 198 687 424 370 245 352 212 602 376 159 126 220 93 69 50 43 51 239 186 507 314 56 6 512 280 486 304 204 85 480 269 15 20 52 52 24 28 568 360
32 20 2309 280 145 526 343 145 76 331 224 147 58 269 124 382 233 336 188 354 189 512 320 143 120 294 169 473 285 40 69 33 59 89 65 43 74 44 50 169 65 8 59
33 20 1992 164 96 135 116 242 168 520 319 99 70 87 45 310 199 597 353 6 24 48 84 384 249 597 338 16 20 370 206 4 15 110 58 110 62 38 59 65 69 82 101
34 20 2251 109 40 243 179 512 321 524 312 514 280 340 243 43 7 73 64 298 162 23 18 51 77 8 28 612 360 309 194 165 146 34 5 106 68 96 16 149 72 294 214
35 20 1690 216 94 55 55 61 58 26 56 31 34 166 147 181 62 284 151 237 132 9 9 278 202 65 40 423 284 342 210 107 68 44 60 106 77 237 133 284 194 228 116
36 20 2635 35 25 128 36 10 22 290 140 589 360 118 81 381 217 479 266 31 23 51 17 272 132 84 50 513 300 320 231 476 312 438 285 6 7 144 95 374 190 531 297
37 20 1429 252 154 133 43 72 90 31 55 202 86 200 119 270 187 22 1 38 60 62 79 41 15 120 68 315 185 110 94 226 130 33 66 165 108 7 37 194 91 365 240
38 20 2037 154 66 453 248 19 7 263 169 131 100 43 60 330 190 459 291 42 80 60 51 28 34 81 55 313 160 157 141 174 132 158 95 232 149 60 71 472 298 446 255
39 20 2396 114 82 74 7 381 238 55 87 166 96 444 235 407 251 344 245 528 329 22 41 105 50 461 297 356 236 315 162 75 11 73 57 184 67 432 255 237 107 20 23
40 20 2421 261 189 215 125 209 91 225 112 614 355 331 166 161 120 52 19 110 35 245 147 361 213 107 15 127 80 89 23 250 142 68 85 421 230 121 22 363 249 512 312
41 20 1866 82 20 327 191 819 496 430 267 237 173 39 53 17 27 69 34 11 46 193 129 40 39 199 75 354 174 122 50 1 7 85 62 291 170 336 231 72 26 8 49
42 20 2062 899 544 511 315 169 53 42 66 61 86 25 14 139 91 21 41 50 15 182 155 103 103 253 167 475 316 59 91 479 310 57 51 216 167 104 46 34 21 246 191
43 20 2862 101 72 209 126 34 51 128 35 40 34 221 173 157 58 118 73 427 252 731 455 233 154 572 329 389 243 281 175 201 118 200 90 726 422 212 81 21 6 723 431
44 20 1885 245 181 121 30 76 61 551 310 123 26 272 146 17 67 331 208 45 84 73 69 25 54 82 90 182 111 130 67 286 214 41 21 332 173 372 191 465 276 1 17
45 20 1753 57 76 313 210 178 148 100 45 32 9 433 256 111 99 213 87 101 98 103 66 151 118 491 275 66 41 19 61 35 69 256 158 197 156 67 73 372 203 211 100
46 20 2216 379 215 393 271 146 94 327 212 70 32 441 243 436 237 71 47 256 119 55 72 96 39 228 163 78 62 151 112 17 50 342 242 379 191 110 14 116 53 342 171
47 20 2024 322 176 308 208 4 15 133 107 235 174 62 91 12 43 150 39 824 490 200 151 254 157 115 104 55 36 11 47 240 153 102 81 117 44 386 259 186 65 333 163
48 20 2392 367 190 249 127 3 56 590 346 302 171 108 77 464 293 227 148 224 174 140 80 241 166 349 189 26 25 107 65 25 28 338 209 252 129 196 165 504 277 73 38
49 20 2178 138 120 539 302 319 176 219 111 608 361 47 75 227 136 98 94 97 33 181 134 144 64 67 78 224 168 300 169 403 261 184 106 188 115 199 154 93 79 82 85
50 20 2181 331 231 83 3 128 56 155 77 328 196 533 338 68 50 168 121 1 15 353 184 227 102 357 206 77 64 203 138 10 17 446 270 165 127 34 33 424 254 272 193
51 20 2420 240 121 188 108 83 2 297 171 157 131 357 250 250 123 624 385 70 56 41 47 81 34 400 212 19 4 14 4 461 303 97 82 579 354 113 22 543 301 226 131
52 20 2141 153 64 313 229 143 100 14 60 118 105 194 127 194 124 375 211 221 138 70 85 200 109 436 249 307 182 353 230 73 35 187 67 240 137 167 112 194 107 330 176
53 20 2129 103 61 180 112 60 28 224 145 196 161 201 133 286 189 85 51 334 177 60 91 646 385 39 72 60 14 175 154 17 52 615 390 192 91 547 321 65 75 174 81
54 20 3072 447 252 535 334 181 93 144 60 43 78 901 545 557 359 200 111 205 124 496 326 643 375 236 168 182 155 35 24 445 252 98 17 70 62 391 271 169 85 167 142
55 20 2348 183 151 272 185 201 99 68 91 31 12 24 34 38 11 299 144 171 80 448 298 323 156 62 12 287 159 415 243 463 257 348 244 175 123 548 303 129 26 212 84
56 20 2018 314 193 543 349 15 68 104 16 17 29 113 73 317 169 538 318 144 69 30 1 68 64 22 70 11 57 101 31 98 48 384 253 486 284 92 24 598 343 42 56
57 20 2185 92 35 263 169 43 54 6 51 689 426 421 231 254 182 127 106 94 24 145 62 385 225 85 48 368 243 309 211 172 80 253 149 192 132 92 31 196 119 184 112
58 20 2902 272 132 182 93 17 42 359 197 317 205 483 300 19 10 84 45 12 25 842 503 7 42 423 288 754 448 273 175 360 254 97 10 328 180 570 356 46 13 360 208
59 20 2224 16 42 6 4 59 55 169 119 171 88 427 227 455 281 18 33 383 213 344 174 144 128 152 60 509 285 222 89 5 34 38 26 131 41 384 253 316 199 500 300
60 20 2354 679 422 509 277 453 305 161 58 100 34 283 149 102 102 259 176 56 19 208 101 122 54 375 245 336 219 92 44 90 61 461 286 65 2 30 66 77 69 251 110
61 20 1841 320 201 312 228 25 18 183 148 240 154 46 67 40 58 236 164 254 126 184 111 36 31 359 245 133 92 27 7 29 20 476 299 44 34 220 133 238 181 280 206
62 20 2097 230 140 386 268 451 292 64 40 199 76 229 154 8 20 167 97 414 235 175 136 161 141 63 37 108 18 493 314 161 125 16 1 109 79 359 235 7 25 394 234
63 20 2564 281 134 6 32 237 175 678 397 255 121 222 168 611 347 269 205 135 107 392 200 559 345 89 108 193 117 219 129 30 27 391 211 130 56 274 185 41 80 117 91
64 20 2034 149 96 483 319 180 91 519 312 191 159 17 7 26 40 805 482 185 138 47 68 462 271 372 234 7 12 95 5 76 40 68 91 26 30 260 150 59 45 42 77
65 20 1884 489 315 173 134 23 4 668 399 54 16 58 60 59 87 126 59 20 22 197 127 24 57 121 37 289 214 30 56 304 144 334 226 149 97 231 155 325 182 95 76
66 20 2154 421 239 492 319 225 169 285 169 131 117 355 220 160 127 34 58 99 19 397 202 167 128 270 148 15 14 276 151 227 163 101 95 26 31 225 164 280 210 123 60
67 20 2847 31 55 725 435 13 20 81 38 135 76 204 84 495 272 418 222 312 174 105 12 813 487 174 137 325 184 102 57 567 353 314 166 13 42 327 188 325 218 215 130
68 20 2245 239 124 22 14 348 211 218 97 323 228 158 47 470 305 352 174 30 73 246 169 37 44 532 346 24 42 103 71 590 342 296 215 8 5 74 18 253 184 167 59
69 20 1852 171 59 173 112 132 82 336 229 103 113 182 127 18 16 216 165 276 180 462 301 113 33 67 59 39 37 4 19 3 10 91 51 238 158 331 160 455 281 295 163
70 20 2064 463 260 277 129 368 206 93 40 125 87 195 140 65 47 460 298 110 33 414 262 70 78 15 17 200 167 49 40 200 110 174 134 69 51 56 8 706 433 19 44
71 20 2347 441 284 346 212 145 38 15 52 178 82 11 10 57 82 502 284 268 203 301 179 293 155 36 12 506 303 258 147 292 209 166 115 399 238 43 65 198 113 239 113
72 20 1727 256 148 111 39 121 32 589 339 82 65 407 247 60 30 116 78 196 146 7 60 230 180 150 85 240 162 204 92 24 62 67 45 184 72 29 25 351 197 30 6
73 20 2275 40 43 211 82 472 273 271 192 232 133 655 390 216 117 239 142 75 71 99 42 24 41 4 9 51 33 139 33 179 140 24 68 286 197 398 251 841 508 94 43
74 20 2324 151 112 413 259 80 62 109 76 206 84 69 44 190 122 76 36 315 187 552 358 139 132 217 163 478 267 480 290 132 66 176 136 56 61 48 19 331 195 431 235
75 20 2981 419 252 428 242 211 80 2 52 712 415 228 98 89 63 104 39 57 13 389 217 593 334 65 3 516 303 578 371 286 185 261 161 457 277 369 201 10 6 188 99
76 20 2064 36 68 445 271 325 187 504 330 105 24 61 3 35 57 110 89 14 46 406 235 156 84 227 158 228 182 59 75 152 48 391 236 576 358 82 97 42 5 175 146
77 20 2258 158 63 100 89 73 1 402 220 159 87 38 17 34 24 49 46 722 441 330 170 267 120 140 83 144 97 124 26 385 250 1 59 835 510 59 22 4 6 493 310
78 20 3041 403 275 8 19 589 332 221 143 282 187 563 338 206 135 110 72 387 259 228 181 72 34 653 375 548 306 133 110 280 197 143 129 306 197 160 140 221 92 569 353
79 20 2320 238 140 694 429 142 103 30 36 257 148 697 434 14 10 64 90 8 33 39 25 647 384 105 59 430 246 208 122 43 39 505 324 165 61 55 5 216 119 84 26
80 20 2198 266 135 519 307 159 85 160 138 158 145 203 119 19 13 415 242 33 74 197 120 24 56 325 232 270 178 41 23 10 64 386 264 486 276 467 260 146 127 113 71
81 20 2342 76 83 268 123 66 59 162 95 442 271 39 75 414 245 282 145 464 285 248 167 295 162 19 24 41 46 131 35 335 217 296 143 335 219 277 184 168 123 327 173
82 20 2022 91 101 183 115 20 13 501 320 112 111 187 80 55 4 49 53 491 325 164 113 45 11 266 154 539 328 45 37 75 76 327 201 202 117 301 177 108 59 284 139
83 20 1802 32 56 195 137 202 98 524 298 226 171 60 22 106 97 129 72 190 143 210 102 63 51 528 344 201 161 98 74 61 55 351 199 229 118 115 90 62 27 23 55
84 20 1847 130 66 93 76 261 141 82 69 148 43 227 163 67 30 276 162 70 13 6 42 7 57 341 228 217 110 236 142 429 229 206 131 1 60 206 101 562 340 130 75
85 20 2507 500 287 565 354 32 6 82 13 195 99 7 17 156 51 263 186 69 35 303 185 110 14 115 120 250 180 265 184 416 272 289 163 717 418 41 44 263 166 376 218
86 20 2835 451 283 60 79 521 310 173 99 215 136 482 275 29 74 179 112 289 150 429 230 297 183 126 113 26 69 376 231 299 221 72 21 84 54 202 79 594 372 766 460
87 20 2672 230 162 253 159 107 62 389 262 290 217 341 243 120 86 376 201 525 307 236 104 25 39 617 376 128 54 594 369 466 288 136 120 41 23 133 83 55 81 283 209
88 20 1760 2 25 30 74 78 101 27 57 5 30 232 184 251 137 307 158 31 73 331 181 209 148 429 260 547 337 330 209 128 100 90 2 100 30 73 52 93 18 228 99
89 20 2669 294 181 241 182 373 198 528 300 239 176 491 319 214 101 26 38 125 117 40 47 300 139 375 214 361 232 129 98 7 1 192 149 247 105 405 237 363 219 388 257
90 20 1771 11 7 277 206 33 61 109 52 138 124 308 220 173 102 101 17 177 96 167 54 151 64 280 198 256 129 205 103 46 62 322 219 21 63 10 41 662 383 95 67
91 20 2310 731 441 104 94 511 298 236 124 65 93 267 161 420 246 58 49 321 153 24 42 49 57 84 74 172 104 191 99 274 193 203 105 271 126 513 324 62 23 65 23
92 20 1970 418 257 105 112 258 130 101 35 173 135 625 377 10 40 326 234 55 66 9 2 336 192 232 122 38 67 38 80 65 34 150 115 464 248 228 160 104 19 205 123
93 20 3325 152 136 475 259 346 179 58 90 671 422 684 427 461 268 219 125 174 114 559 320 657 405 429 291 149 92 840 511 150 105 9 57 465 286 8 12 101 10 43 67
94 20 2447 4 38 82 31 248 181 490 319 265 120 165 116 518 297 603 375 31 51 518 329 423 279 107 49 124 127 94 39 458 294 2 14 7 8 10 36 463 295 282 198
95 20 2499 55 12 182 132 35 40 548 327 171 141 155 47 309 226 5 28 422 236 498 289 197 119 139 95 191 99 761 457 48 74 179 83 643 384 67 53 155 61 238 101
96 20 2874 722 443 412 261 141 55 329 191 12 36 410 250 38 28 287 215 41 39 191 95 28 65 905 539 357 192 412 251 376 254 519 306 138 130 244 164 163 103 24 49
97 20 1995 310 149 431 246 162 117 370 189 161 117 85 81 236 142 8 23 108 95 250 164 292 144 47 21 440 283 91 40 444 255 480 317 44 67 22 62 2 6 7 46
98 20 2665 137 45 181 117 343 227 169 119 241 137 126 36 117 119 492 269 123 118 126 126 94 99 287 170 591 354 154 85 300 166 398 258 468 276 322 199 508 292 153 103
99 20 2329 382 264 328 200 107 115 197 154 99 46 412 274 341 218 152 66 487 264 156 76 633 362 435 273 199 134 118 74 54 49 243 138 124 121 45 66 39 6 108 72
100 20 1732 87 12 22 2 191 137 46 47 161 90 252 193 429 247 491 282 67 62 165 137 130 87 158 130 130 105 17 61 104 82 314 208 289 189 38 34 89 39 285 157
101 20 1560 97 83 205 149 338 234 5 20 15 39 28 49 215 132 207 131 69 34 26 16 31 34 40 13 311 228 397 203 293 193 368 253 70 8 90 63 146 86 170 123
102 20 2611 210 151 429 225 504 308 181 146 210 81 25 9 650 411 91 47 72 60 154 143 407 227 105 40 224 125 145 69 399 205 15 37 343 212 482 267 118 121 458 288
103 20 2026 211 132 522 291 18 19 24 35 247 110 98 81 7 55 507 295 172 61 221 115 17 35 262 195 224 163 218 151 115 31 608 382 95 69 308 219 29 26 149 82
104 20 1977 437 239 282 208 286 201 288 214 145 136 95 90 49 30 76 86 132 76 354 178 297 186 77 16 268 196 349 186 53 37 51 2 149 59 359 218 155 48 53 19
105 20 1997 334 221 159 95 130 92 342 167 82 11 130 99 100 103 453 262 325 215 5 44 73 98 532 335 37 10 37 12 16 35 336 190 65 88 126 107 692 398 21 70
106 20 1823 45 23 145 108 161 145 76 49 274 183 150 55 535 348 194 76 46 27 356 195 107 42 134 98 63 6 388 248 19 5 362 239 167 71 65 48 185 147 174 118
107 20 1856 92 76 27 46 375 207 460 270 66 9 331 202 190 88 378 251 98 33 149 132 40 49 105 10 27 47 90 62 215 97 319 183 119 70 164 107 92 105 375 222
108 20 2377 41 68 584 339 359 225 400 233 57 26 124 36 177 149 531 333 106 63 248 151 198 90 76 26 87 25 344 221 37 9 46 52 794 467 9 41 103 22 433 241
109 20 2592 390 233 187 143 137 44 37 20 230 108 142 48 154 95 700 431 453 247 206 167 336 209 267 138 688 398 450 283 83 13 334 162 1 33 75 17 308 165 6 1
110 20 2700 370 196 3 28 122 115 182 145 90 73 441 234 606 350 468 293 251 108 171 115 58 38 365 249 238 151 66 2 130 94 441 266 369 227 113 98 391 200 526 338
111 20 2389 351 243 201 75 15 27 177 61 44 13 246 153 689 402 326 232 139 134 183 87 78 56 328 225 108 28 470 310 273 202 110 95 127 126 491 307 191 131 232 118
112 20 2376 341 211 256 140 563 313 178 126 221 130 119 99 238 104 353 234 120 33 111 80 73 91 309 227 329 202 363 241 32 38 352 248 292 134 21 6 265 183 217 113
113 20 2635 454 274 29 33 380 204 576 354 26 31 211 150 283 182 273 124 158 74 387 230 66 7 313 226 185 157 217 119 466 272 216 107 56 69 642 402 177 92 156 107
114 20 3383 780 477 203 151 525 321 4 58 339 198 320 208 411 265 432 279 818 481 760 453 38 19 453 254 182 143 352 205 222 117 63 32 203 95 612 387 20 49 29 73
115 20 2607 371 229 103 51 205 113 89 50 26 10 573 354 405 267 437 247 364 232 8 20 237 180 205 84 140 101 218 156 397 213 205 154 587 365 166 139 58 38 420 232
116 20 2370 62 26 471 294 86 88 257 134 257 133 360 239 125 35 430 289 162 70 204 162 93 14 37 63 70 70 379 196 256 127 566 359 168 145 219 127 223 110 316 169
117 20 2235 450 302 50 63 39 73 93 50 124 23 192 100 219 141 574 333 290 148 18 68 210 94 631 358 91 89 860 514 16 24 318 173 88 65 31 57 132 29 45 72
118 20 2683 377 240 326 227 109 72 209 108 102 68 916 551 95 110 47 8 470 267 37 71 120 32 496 267 539 328 317 176 218 96 97 18 111 66 476 315 28 19 276 133
119 20 1287 58 65 245 183 257 124 103 46 181 107 64 15 204 82 183 142 64 27 173 60 216 163 69 59 50 36 34 55 238 98 39 19 37 12 126 34 80 14 153 105
120 20 2062 31 71 146 86 1 5 208 149 222 138 129 96 61 60 266 130 251 188 170 105 15 68 578 334 423 276 105 85 98 110 87 62 224 163 187 112 299 169 623 369
121 20 1975 286 140 368 252 152 88 132 47 224 176 344 235 102 34 4 36 194 104 392 235 347 197 138 111 283 195 276 203 16 30 76 92 124 90 395 233 64 11 33 34
122 20 1794 95 28 79 34 117 99 156 64 21 71 27 48 198 97 210 103 511 316 67 54 62 36 212 85 67 58 581 365 198 110 258 161 310 178 163 109 27 70 230 141
123 20 2355 299 183 80 101 495 317 174 122 416 229 456 249 190 80 11 3 329 228 14 17 165 113 251 163 787 485 2 52 27 56 142 100 179 153 267 133 334 183 93 90
124 20 2187 453 245 98 39 205 150 600 357 150 115 233 94 58 44 85 74 191 146 219 135 341 232 9 23 347 236 77 92 332 217 367 239 322 171 76 73 22 49 189 139
125 20 2448 97 96 674 393 167 132 231 138 89 63 209 100 118 121 494 301 78 101 34 15 99 35 28 3 361 190 361 224 230 110 231 179 147 138 540 342 147 116 562 316
126 20 1710 108 44 152 103 231 143 327 169 372 204 18 63 6 57 87 66 293 138 10 41 54 80 107 26 226 91 32 46 361 247 102 102 464 246 224 122 39 34 208 146
127 20 2661 235 114 312 201 39 54 444 250 71 93 91 103 440 252 547 343 455 262 349 247 201 93 108 20 83 6 391 260 239 140 554 339 48 61 153 117 249 187 314 181
128 20 2183 298 171 291 158 214 109 103 34 335 174 362 200 7 11 761 467 223 178 129 97 33 76 131 69 81 43 102 13 130 62 153 131 460 281 2 56 313 182 238 98
129 20 2552 270 138 30 45 283 193 203 100 760 464 265 159 808 479 5 31 407 237 38 41 239 146 95 85 364 210 210 138 44 53 109 66 16 14 408 250 108 96 442 258
130 20 2133 16 27 578 344 186 100 414 230 90 99 24 34 474 277 262 147 240 143 240 162 144 93 7 35 267 198 331 208 243 165 99 16 369 249 37 17 194 152 51 74
131 20 2278 242 167 446 261 326 215 284 182 240 118 9 55 429 235 136 133 444 246 41 65 392 252 299 170 30 74 299 143 129 73 182 121 105 52 191 127 104 65 228 141
132 20 2142 210 89 187 136 70 87 418 237 153 126 337 222 325 187 327 210 224 167 72 32 84 59 607 379 217 167 81 5 17 6 46 73 192 71 125 109 47 61 546 343
133 20 2691 216 171 151 119 331 167 572 340 487 291 442 243 121 31 169 83 140 46 73 11 613 390 50 43 55 15 196 143 289 179 461 294 267 154 561 327 102 42 86 9
134 20 2275 224 167 475 294 246 179 173 73 283 203 280 209 57 21 184 118 405 235 139 94 198 102 294 169 294 205 386 203 282 201 123 106 5 56 368 216 32 34 102 97
135 20 1927 18 25 128 53 217 135 127 49 33 68 540 323 95 58 433 245 92 46 27 42 273 145 558 325 55 66 62 6 341 239 59 4 154 80 604 370 5 21 34 61
136 20 2190 520 294 207 161 147 109 210 129 597 381 25 50 39 40 408 247 187 67 76 31 119 62 69 2 12 22 217 162 32 71 626 394 232 171 303 183 16 67 339 241
137 20 2226 278 129 2 50 433 274 31 44 451 263 224 132 117 64 118 94 230 157 129 42 26 64 97 65 680 393 221 139 328 176 498 302 257 182 226 98 62 3 44 5
138 20 2497 50 73 174 153 266 174 68 64 224 138 301 217 446 288 294 142 3 11 117 112 428 279 650 396 63 79 530 334 542 307 54 49 87 64 261 190 286 185 150 88
139 20 2773 19 56 212 136 150 91 17 18 55 23 30 37 405 278 107 58 336 220 4 11 622 383 567 324 390 205 375 247 850 519 377 211 182 69 405 212 433 258 10 31
140 20 2003 195 125 121 121 268 145 319 169 300 168 220 95 351 235 34 48 326 171 2 17 290 138 259 168 101 84 155 115 91 81 27 69 25 13 85 11 230 99 608 360
141 20 1725 172 139 400 262 366 215 165 81 76 49 68 36 107 92 8 49 10 46 102 9 67 91 518 304 275 140 2 29 82 35 159 141 231 143 10 64 55 19 577 327
142 20 2451 139 98 2 51 104 55 399 206 335 176 275 185 362 254 175 57 493 293 276 131 321 197 169 71 113 44 165 137 451 279 107 13 152 70 92 18 351 209 422 279
143 20 1907 347 170 240 135 62 81 63 87 602 368 47 37 67 38 230 163 469 259 67 91 93 29 255 190 434 240 175 123 158 110 28 26 248 145 112 79 67 22 50 65
144 20 2117 5 15 576 350 300 173 327 186 26 23 231 97 139 59 279 206 59 47 47 4 473 256 259 133 313 162 433 244 5 4 335 193 78 16 30 57 22 70 298 157
145 20 2624 374 189 75 22 248 156 201 79 148 94 252 120 233 158 216 149 225 165 236 163 339 164 431 247 769 451 31 53 406 218 183 138 126 104 339 175 381 265 35 39
146 20 2414 484 288 657 393 98 93 23 14 42 29 327 164 583 371 161 105 151 94 90 27 130 50 140 42 76 34 142 127 91 66 147 77 691 397 373 232 416 246 7 30
147 20 1885 407 236 64 35 14 67 127 30 367 253 270 184 26 47 215 84 61 50 108 36 129 56 99 15 73 23 449 248 90 45 178 111 144 83 314 209 446 267 190 156
148 20 2015 273 122 322 227 217 107 78 86 171 144 13 10 656 395 24 4 222 140 175 106 70 17 59 49 434 237 374 254 99 16 181 143 147 122 8 28 487 310 21 5
149 20 2203 162 89 78 100 168 113 134 130 88 81 307 158 216 111 50 31 68 57 119 115 191 77 36 12 202 96 507 313 272 145 261 186 559 336 326 183 385 265 278 151
150 20 2042 188 68 287 151 247 171 356 192 54 82 224 141 219 162 131 89 283 182 371 247 468 298 149 131 28 44 8 58 66 81 34 70 86 35 150 49 490 270 245 184
151 20 2744 422 277 41 11 68 20 159 130 376 225 12 39 132 59 13 8 509 280 212 137 387 239 279 148 525 301 563 330 405 248 446 263 164 105 91 97 581 359 104 46
152 20 2049 151 69 610 365 23 70 21 67 138 120 335 177 66 63 73 55 97 89 71 85 329 219 462 280 70 53 356 249 52 8 110 47 83 68 90 94 331 202 630 367
153 20 2460 76 52 465 266 717 416 352 181 376 190 238 176 36 26 20 26 14 31 90 104 192 103 508 298 261 130 344 185 42 8 717 423 37 68 76 32 93 43 267 147
154 20 1983 163 141 383 217 3 35 713 422 282 134 351 200 8 9 234 181 256 175 29 17 113 63 110 14 92 41 259 147 424 251 169 109 87 33 32 48 214 136 44 69
155 20 2935 511 321 340 178 512 301 234 159 15 58 331 176 400 249 61 51 386 236 475 260 16 37 247 106 187 130 631 384 431 258 330 158 183 114 250 166 145 60 185 82
156 20 1648 84 83 100 36 49 10 144 59 280 184 340 208 77 70 5 51 451 263 123 113 440 247 26 8 370 242 194 88 93 36 111 61 83 70 171 72 139 48 17 55
157 20 2514 21 50 182 123 31 22 456 277 5 61 64 4 129 56 386 228 373 232 103 46 223 177 369 201 86 58 172 89 612 372 236 165 287 210 189 145 590 355 514 291
158 20 2821 549 354 194 118 505 330 61 7 491 305 395 227 116 115 359 193 571 345 275 132 59 56 99 51 382 225 261 127 297 158 29 12 239 111 159 61 256 143 346 169
159 20 2174 364 182 128 59 92 80 27 9 238 157 114 87 417 271 219 149 251 190 57 81 94 18 73 19 377 243 201 133 260 158 755 453 310 148 160 63 100 24 112 29
160 20 2114 499 288 389 270 184 87 230 155 105 75 584 371 377 254 294 173 14 3 37 24 226 108 237 175 98 21 91 100 58 43 317 152 16 69 86 14 313 195 73 78
161 20 1597 5 34 184 142 153 137 103 66 73 65 283 198 190 71 412 244 337 227 79 89 580 340 152 58 1 49 21 27 128 40 146 39 17 24 151 56 65 83 114 77
162 20 2221 78 6 221 115 373 192 335 205 139 87 546 302 158 131 97 19 217 136 440 284 180 77 319 162 15 34 130 47 267 118 5 23 104 11 283 196 67 66 468 312
163 20 2538 258 136 623 384 312 184 351 202 34 41 171 105 16 60 85 31 193 155 564 331 476 309 124 85 133 29 599 363 254 180 313 208 158 77 3 11 53 72 357 244
164 20 2989 514 310 384 206 645 368 327 218 73 18 300 141 265 187 168 80 516 298 101 100 630 395 502 290 124 29 53 18 165 118 265 145 138 39 489 298 41 34 278 151
165 20 2247 53 77 492 280 274 133 321 216 225 106 548 352 413 252 398 212 163 78 58 42 122 71 61 83 71 65 124 120 124 59 372 193 195 122 80 73 348 171 53 84
166 20 2090 12 24 193 131 52 9 294 190 409 277 261 143 51 34 108 70 46 30 159 80 220 89 349 195 215 122 548 333 133 51 440 263 154 109 137 93 13 61 386 212
167 20 1980 192 91 186 152 218 134 159 133 216 96 785 482 63 80 97 73 79 28 60 90 267 119 307 168 207 102 149 140 193 109 341 215 202 159 39 76 198 146 3 50
168 20 2132 75 33 60 25 320 155 58 17 275 181 364 225 24 25 279 210 297 152 295 140 185 99 317 161 129 77 297 178 332 170 83 31 10 42 569 365 19 58 277 180
169 20 2814 146 133 136 56 465 302 252 145 420 256 15 48 97 102 81 87 85 22 601 354 420 230 362 229 153 53 638 373 57 61 70 85 467 296 619 350 170 136 375 239
170 20 2646 439 266 218 93 148 139 178 114 128 49 72 87 209 139 127 28 638 382 145 100 249 177 3 16 168 83 415 226 255 140 229 119 396 209 811 477 92 96 373 191
171 20 2064 73 26 236 156 276 152 256 139 401 265 252 148 422 230 381 202 180 91 251 177 19 49 92 95 13 41 232 181 13 21 63 87 11 1 249 114 330 232 379 194
172 20 1969 15 30 202 156 295 177 258 121 252 163 272 184 157 92 136 113 189 74 306 174 129 78 566 340 19 46 552 327 78 11 141 44 74 62 33 32 37 53 227 140
173 20 2416 538 310 246 191 68 68 163 106 605 341 565 354 227 110 180 108 188 108 288 215 34 73 137 76 154 113 233 137 328 205 22 60 312 146 122 111 67 42 355 203
174 20 2718 10 55 226 123 79 38 207 79 237 154 547 353 195 159 42 43 73 88 394 202 490 311 509 325 292 165 874 519 5 56 419 239 54 6 272 179 221 97 291 179
175 20 2855 159 134 87 102 296 212 498 269 2 13 49 65 477 256 232 105 189 119 149 80 630 381 442 287 50 51 107 108 551 336 589 350 88 57 824 495 114 95 177 91
176 20 2103 794 472 66 25 147 129 3 35 7 17 45 53 70 8 320 183 29 51 187 156 449 296 334 212 77 78 185 84 160 57 163 80 319 215 36 26 383 210 432 248
177 20 2309 8 44 7 55 122 24 98 9 290 143 245 102 366 223 283 140 391 265 117 93 31 40 482 316 712 434 68 96 504 307 287 175 207 107 186 124 109 74 106 46
178 20 2651 9 44 107 78 36 32 368 232 640 402 459 249 407 274 195 128 572 336 42 34 135 91 242 155 531 306 35 52 686 420 28 70 62 73 127 112 265 163 356 179
179 20 2119 45 30 187 65 688 398 222 159 272 186 84 1 215 116 131 105 113 113 67 32 187 91 241 160 98 92 411 217 28 63 320 182 602 383 115 85 53 40 160 83
180 20 2126 104 44 411 271 77 72 505 281 525 312 69 2 149 45 166 128 168 149 373 250 17 35 362 189 34 60 419 286 36 53 383 246 66 20 156 115 14 3 218 116
181 20 3017 336 237 387 248 464 308 113 77 38 56 470 274 264 192 307 175 840 498 448 268 200 118 358 191 5 43 118 91 143 111 97 63 276 133 627 380 406 258 137 107
182 20 1623 71 5 104 32 45 3 204 159 239 106 69 6 233 176 3 10 36 43 156 82 382 250 8 54 86 48 114 106 62 4 386 265 116 46 235 172 201 152 497 285
183 20 2460 237 99 178 76 520 286 194 121 415 222 822 484 14 48 7 2 374 219 91 64 326 176 113 69 305 143 127 92 133 101 3 47 156 101 30 4 539 313 336 207
184 20 2464 495 278 200 77 110 20 187 138 143 127 144 47 121 39 478 297 249 151 192 151 362 245 31 20 394 206 417 239 324 223 142 129 246 148 319 216 57 76 318 199
185 20 3199 148 95 313 224 119 97 835 505 545 333 372 200 490 299 71 24 368 187 173 148 227 166 142 35 293 154 380 237 123 61 186 63 681 416 221 113 301 197 411 278
186 20 2447 131 112 111 29 256 143 4 19 768 455 181 74 49 24 193 160 126 79 177 138 124 31 159 112 311 176 131 116 38 28 629 373 631 393 22 55 297 149 556 352
187 20 1568 90 71 135 64 98 77 101 19 40 78 279 144 150 70 204 112 135 97 56 13 137 115 129 116 52 2 316 158 152 127 156 54 244 164 163 122 439 251 61 29
188 20 2253 84 51 112 19 18 70 113 112 791 472 77 37 366 223 209 137 17 59 279 126 756 444 453 272 343 173 208 153 173 78 16 62 107 65 5 61 210 88 169 71
189 20 2194 441 235 57 36 532 337 14 52 44 39 305 155 562 320 215 159 41 5 62 1 98 77 594 347 50 40 91 77 140 51 83 6 297 176 12 65 265 136 486 300
190 20 2075 252 168 20 17 269 159 503 311 482 314 159 80 39 51 183 156 80 58 186 128 22 29 466 275 87 8 268 172 75 16 61 50 289 148 27 20 506 317 176 109
191 20 2368 75 35 327 202 67 71 105 66 8 35 221 177 286 184 425 230 264 136 18 28 25 42 250 176 410 253 107 74 422 268 789 483 484 290 218 87 92 60 143 70
192 20 2739 337 215 215 138 101 76 198 161 678 398 810 491 119 61 421 229 98 83 208 140 602 378 162 63 60 33 380 193 11 14 146 126 88 7 177 99 617 353 50 53
193 20 2618 63 37 33 77 232 164 343 173 289 154 544 311 138 56 270 123 546 328 546 337 38 67 404 207 270 135 10 63 152 90 276 199 474 305 447 242 115 90 47 22
194 20 1920 48 69 489 299 266 153 50 41 181 128 101 74 32 51 68 23 183 129 198 163 84 9 29 10 11 50 450 243 29 54 166 70 128 91 424 284 377 192 526 303
195 20 2074 16 53 99 97 65 62 522 317 349 200 20 7 610 351 216 171 132 111 35 77 239 149 277 180 42 15 152 65 459 263 7 19 248 143 367 252 270 133 23 50
196 20 1546 68 18 18 27 241 109 146 58 41 61 169 93 92 39 244 126 226 118 45 64 131 89 220 148 80 79 486 270 154 141 198 85 24 11 74 16 370 200 65 11
197 20 2961 298 149 429 239 289 190 407 277 513 295 324 235 235 138 143 67 75 2 102 14 576 328 268 196 232 139 329 192 337 172 250 155 26 13 213 113 101 96 776 461
198 20 2353 182 100 187 82 322 230 528 295 658 401 124 28 52 25 144 96 136 130 107 58 42 63 24 63 186 160 230 119 347 200 62 38 195 103 499 320 481 319 200 108
199 20 2416 87 52 13 66 206 128 437 234 527 301 242 132 112 27 369 219 57 6 182 123 51 63 378 220 167 109 222 141 24 35 71 42 783 460 436 276 11 17 457 293
200 20 1631 658 381 22 53 43 21 56 4 149 101 179 85 30 21 487 288 77 89 10 48 122 125 109 38 74 12 722 424 25 53 102 62 22 70 117 49 161 65 98 88
201 20 2133 88 60 113 110 111 35 423 288 27 22 8 62 136 130 766 458 40 42 249 170 95 17 188 149 88 8 239 115 480 257 137 46 504 304 171 143 137 46 267 124
202 20 2338 12 22 30 32 170 88 42 44 346 180 316 188 607 359 142 43 93 17 243 139 245 170 62 64 187 146 206 149 251 141 696 407 429 279 10 56 355 196 234 113
203 20 2293 265 157 153 103 75 77 269 171 611 356 86 98 56 52 242 107 123 31 154 117 430 272 440 285 252 149 351 241 7 14 194 110 77 41 214 151 167 120 420 222
204 20 1726 148 76 247 187 163 100 37 49 121 90 118 72 276 159 78 54 172 72 63 27 213 135 155 107 517 318 116 102 27 33 145 99 226 108 6 23 540 351 84 25
205 20 2334 480 291 91 60 168 53 192 101 397 213 481 291 294 179 353 210 112 55 348 220 42 49 77 44 147 62 124 75 59 1 166 68 144 61 430 245 497 317 67 69
206 20 1802 259 171 8 52 401 227 64 51 100 70 101 111 131 89 249 142 41 24 394 238 36 20 146 124 245 170 261 149 82 65 523 293 108 100 87 76 29 47 340 213
207 20 1508 121 121 479 308 5 34 5 13 23 43 290 150 309 191 38 73 83 40 480 258 42 40 117 68 5 59 38 23 125 127 170 117 248 139 152 112 260 139 27 57
208 20 2137 227 142 222 164 50 58 389 228 82 44 214 100 96 33 253 125 206 107 317 187 430 250 146 134 48 7 139 133 239 104 533 342 27 41 215 142 366 199 76 17
209 20 2219 91 14 108 16 337 214 295 177 113 70 264 148 202 75 12 36 273 143 156 60 154 92 537 306 525 330 181 70 55 38 465 295 339 182 95 46 172 56 64 79
210 20 3136 327 166 343 233 631 370 230 173 219 163 511 322 346 186 511 280 706 417 130 31 148 40 57 57 4 35 362 236 747 446 144 115 20 40 382 198 450 247 5 12
211 20 1347 3 6 1 6 196 161 172 123 15 33 318 155 72 50 188 145 57 88 233 127 174 55 70 1 264 145 122 83 26 30 44 22 121 29 373 214 155 121 91 99
212 20 1681 50 38 167 101 690 418 64 95 26 50 33 48 37 3 388 219 24 40 18 33 178 58 125 126 439 278 24 10 109 81 147 77 101 59 172 105 139 101 432 277
213 20 2375 113 46 294 145 35 16 109 76 127 104 78 86 264 192 567 359 130 102 36 55 535 347 499 326 362 183 295 180 341 242 205 108 234 124 60 10 415 276 51 16
214 20 2288 15 26 291 214 382 243 244 147 211 79 346 198 437 289 620 390 75 52 282 179 56 48 82 103 287 177 40 69 161 48 127 117 277 179 444 296 76 39 124 51
215 20 1783 209 83 51 35 23 22 102 105 133 42 433 242 316 169 187 73 51 16 77 93 349 242 330 225 169 71 126 27 12 45 652 392 144 136 42 50 87 84 74 29
216 20 1874 48 39 432 257 404 209 22 41 15 5 468 261 284 129 146 102 112 93 74 13 65 22 391 252 81 84 247 168 137 122 392 243 43 55 37 34 152 98 198 78
217 20 2037 355 201 155 64 74 76 329 228 350 236 174 77 58 8 37 23 80 66 223 137 104 83 252 162 82 48 82 33 482 292 44 59 119 55 244 125 453 244 377 212
218 20 1843 28 58 468 285 240 137 11 55 195 152 118 39 54 64 595 379 1 59 64 13 96 48 102 32 117 91 439 232 74 43 158 76 329 197 312 152 33 2 252 181
219 20 1711 147 49 284 204 18 21 199 99 79 55 454 302 492 306 117 90 325 193 226 110 212 161 114 74 37 73 22 18 305 213 85 54 14 15 80 16 90 66 123 34
220 20 2524 256 138 395 202 271 156 151 89 153 114 527 336 546 310 273 170 443 272 87 48 658 376 68 89 184 66 23 3 322 220 78 96 71 94 132 29 248 140 163 91
221 20 2167 249 188 45 50 273 161 421 221 107 23 110 89 424 273 2 24 305 158 261 127 495 325 165 60 171 136 35 52 29 18 277 160 96 39 739 432 123 22 8 37
222 20 1899 89 35 59 48 337 219 98 20 56 66 22 62 53 46 344 177 533 311 236 127 260 181 236 148 168 121 287 190 49 15 65 38 575 362 112 21 184 145 36 49
223 20 2621 18 24 169 129 581 365 758 441 146 64 287 192 123 49 42 38 397 226 246 130 390 226 41 56 151 53 47 35 255 111 150 137 606 352 478 293 348 171 10 4
224 20 2164 14 7 377 259 78 28 290 162 194 77 269 165 84 37 223 159 38 8 93 110 315 176 268 129 380 204 231 151 134 43 534 292 12 19 11 2 573 324 210 105
225 20 2688 105 104 94 67 182 91 519 310 585 351 322 214 11 17 91 74 458 299 329 194 556 318 544 336 16 51 177 137 291 155 29 33 453 277 320 200 192 107 102 12
226 20 2469 330 210 238 146 238 186 338 170 134 50 299 185 149 54 143 99 261 153 48 34 366 198 38 41 153 52 804 479 340 235 401 222 349 199 140 41 68 78 101 37
227 20 2129 202 110 475 268 38 45 388 228 5 56 489 279 4 21 214 111 10 60 19 36 374 215 329 161 21 63 259 159 79 62 268 194 284 155 409 278 51 82 340 200
228 20 3002 43 27 533 295 494 302 56 39 294 146 101 48 530 334 70 65 818 482 27 1 117 67 693 428 186 78 392 257 550 348 464 299 219 167 145 45 247 130 25 24
229 20 2203 47 24 83 38 8 11 236 154 109 105 345 208 307 157 502 303 61 3 454 269 68 70 317 223 449 278 817 482 1 4 97 70 224 150 34 78 154 44 93 54
230 20 2360 17 52 384 199 124 88 81 86 149 122 244 143 247 139 226 139 119 116 346 192 140 40 470 255 2 57 311 165 420 229 200 133 224 108 215 125 205 157 596 371
231 20 2116 3 7 128 42 93 79 129 100 67 79 155 116 495 327 423 272 16 45 95 44 606 379 271 157 151 61 164 56 141 135 46 80 381 236 408 272 418 222 42 33
232 20 2141 220 122 62 87 1 49 627 372 128 109 7 26 398 253 445 248 293 167 743 440 66 59 45 11 149 63 181 65 281 160 69 96 133 82 171 148 149 49 115 29
233 20 2468 128 49 102 102 309 218 36 16 52 58 149 62 94 87 286 176 191 127 35 29 107 27 163 84 42 12 423 273 372 206 458 299 516 334 355 232 487 292 631 382
234 20 2846 83 83 417 275 316 168 134 47 517 290 506 333 72 57 433 245 118 49 207 79 145 49 413 231 36 43 120 80 431 275 74 30 401 215 424 270 396 265 449 253
235 20 2162 351 177 447 242 178 138 296 171 21 15 53 84 371 190 113 83 354 213 194 98 149 115 134 77 310 162 326 213 10 18 260 148 350 174 155 129 125 34 128 126
236 20 2746 180 101 150 50 159 94 580 370 33 20 101 73 225 125 8 12 657 401 418 262 350 189 57 65 245 189 54 77 98 11 745 461 539 320 122 66 317 165 455 269
237 20 2125 46 82 508 311 126 76 377 212 125 82 294 187 74 85 290 178 277 188 192 162 99 38 108 116 39 26 296 149 176 137 139 41 260 116 745 433 75 31 4 15
238 20 1740 210 88 42 82 136 95 71 49 293 196 179 93 62 15 94 80 274 159 139 84 23 33 317 224 136 90 357 210 32 49 96 56 110 53 483 319 185 131 241 174
239 20 1732 234 97 494 325 283 150 139 74 77 92 46 83 177 146 321 233 127 26 241 177 197 105 14 65 209 114 157 145 138 110 208 145 1 12 129 102 74 15 199 112
240 20 2757 97 24 237 148 91 105 205 111 429 270 489 276 52 27 143 46 425 283 108 66 474 303 607 361 424 244 168 109 295 150 199 159 248 117 197 73 227 163 400 263
241 20 2853 585 361 263 198 502 279 186 88 585 350 38 24 409 234 333 237 53 88 288 172 295 138 273 127 288 153 68 41 329 163 263 115 45 38 286 200 300 183 318 210
242 20 2385 351 213 221 148 200 150 258 175 244 143 587 375 239 128 25 34 670 411 80 20 671 386 132 87 162 112 24 48 172 97 498 271 52 75 172 95 8 60 5 19
243 20 2426 124 79 561 348 246 146 159 49 85 39 64 26 209 128 842 512 100 46 122 30 140 76 11 22 463 308 50 23 33 25 378 211 172 125 86 93 579 361 428 246
244 20 2413 82 78 124 94 464 252 309 205 324 231 356 238 163 114 125 128 521 301 419 259 448 247 321 201 90 64 379 250 136 119 28 49 225 92 123 121 175 116 15 53
245 20 3026 49 19 180 137 27 72 490 265 17 14 733 441 199 158 253 129 414 230 546 314 206 87 650 397 25 63 55 85 502 308 417 232 492 308 302 214 194 148 302 158
246 20 2577 66 5 539 310 330 206 207 98 470 302 221 141 243 144 291 143 23 20 25 44 9 57 273 188 357 246 610 349 66 10 269 171 345 239 20 28 688 406 103 41
247 20 2431 237 127 125 121 512 299 235 129 268 191 222 129 260 142 218 158 10 59 432 234 290 171 177 95 275 197 110 74 536 296 3 24 241 105 503 312 130 29 79 25
248 20 2226 309 149 178 58 84 10 276 200 7 58 451 260 184 68 17 7 298 144 165 82 19 30 508 310 131 104 303 151 591 349 169 75 35 18 170 119 354 226 204 111
249 20 2355 148 123 374 190 14 47 146 129 281 201 543 306 345 229 16 67 146 91 147 74 153 78 411 267 269 131 111 19 294 203 215 132 510 319 200 91 378 219 9 17
250 20 1809 395 243 46 4 66 43 182 80 255 196 16 48 81 44 3 2 13 3 201 144 10 64 139 118 158 47 699 435 356 239 70 50 259 122 337 219 13 8 320 188
251 20 2022 342 220 96 30 299 186 306 145 412 274 82 93 280 209 232 125 26 24 257 173 327 214 167 62 117 88 43 20 55 78 97 39 65 74 141 133 516 283 184 97
252 20 2646 238 174 90 26 530 300 585 347 158 126 70 15 803 488 191 71 233 121 125 43 223 167 219 162 33 64 40 39 591 345 431 285 225 181 379 253 79 20 50 28
253 20 2735 119 51 341 198 249 119 618 368 275 137 286 186 595 360 89 77 30 66 156 117 269 187 17 24 41 38 15 26 116 119 582 358 782 478 382 213 334 232 175 65
254 20 2251 163 127 64 82 31 58 164 116 93 107 631 385 373 198 119 30 55 78 433 263 183 129 555 313 150 103 257 167 158 142 400 251 259 147 129 37 239 110 46 32
255 20 2172 119 91 54 7 73 99 165 57 84 73 82 22 131 125 28 59 194 106 333 217 417 282 51 36 327 194 296 162 241 141 284 190 515 301 185 135 408 262 357 201
256 20 2072 25 64 270 183 16 68 8 49 260 141 35 5 505 332 374 261 20 64 9 47 231 166 295 174 142 47 443 292 70 70 120 32 220 162 493 325 465 256 144 110
257 20 3027 445 254 413 247 168 56 51 63 356 224 325 221 585 364 478 256 339 191 487 272 633 371 154 91 7 25 128 35 175 94 168 104 159 118 343 222 373 254 268 181
258 20 2436 46 54 295 200 347 178 600 336 554 358 156 81 335 166 62 57 380 197 97 87 252 117 218 92 314 153 65 84 233 149 28 72 246 189 25 43 446 287 173 75
259 20 2529 95 52 551 336 2 40 167 129 498 327 420 249 282 149 75 59 3 32 576 366 144 74 657 403 31 32 201 89 241 114 42 17 586 334 25 33 5 55 457 243
260 20 1996 470 251 70 63 6 48 52 40 64 54 767 453 216 127 232 96 204 153 105 21 133 46 103 47 90 84 211 91 250 173 50 56 172 73 344 222 117 48 337 186
261 20 2259 418 257 465 286 365 191 117 103 25 25 8 42 254 173 310 217 11 42 116 95 285 154 661 381 29 6 377 246 428 261 95 92 144 134 155 139 170 134 86 102
262 20 1956 161 140 126 108 897 544 26 58 512 306 169 93 16 10 443 297 42 19 109 46 108 37 45 63 254 191 41 5 384 211 155 68 77 67 189 73 9 59 150 66
263 20 1860 239 140 9 47 34 62 228 125 227 100 243 121 23 46 172 147 112 20 276 192 422 244 520 338 109 33 15 15 45 27 109 72 108 38 140 117 330 166 359 206
264 20 2844 350 180 193 163 134 125 214 153 55 70 349 201 330 219 732 438 53 69 251 125 432 242 895 538 570 334 66 40 17 65 31 39 95 54 218 165 450 267 254 117
265 20 1757 70 25 75 95 86 89 94 50 79 97 490 296 145 42 361 242 204 82 116 98 244 160 73 38 87 3 200 74 134 33 351 206 107 88 55 74 9 30 534 344
266 20 1968 466 300 129 96 321 217 70 66 4 17 118 112 284 206 246 117 377 208 187 150 72 68 87 2 38 32 715 418 195 77 8 54 298 166 42 41 128 116 151 136
267 20 2156 326 236 138 43 42 74 75 3 215 145 82 70 62 1 542 338 99 112 688 399 278 151 594 351 122 114 276 155 42 63 321 212 187 74 87 26 108 54 29 7
268 20 2500 54 3 35 27 130 68 96 90 694 418 116 95 439 241 220 143 374 212 321 208 684 401 277 185 152 117 30 21 217 128 142 136 27 22 134 75 754 460 105 57
269 20 1710 395 204 188 124 9 6 308 160 194 124 108 72 91 104 339 186 35 1 214 94 38 47 200 130 92 2 167 84 157 143 21 66 187 153 209 123 204 102 265 138
270 20 2116 3 31 112 100 313 206 178 87 80 7 329 206 35 26 254 173 231 160 332 208 543 342 232 147 678 406 98 56 266 166 122 48 119 68 75 83 156 121 76 85
271 20 1722 68 13 89 21 33 66 622 383 68 34 46 74 10 43 73 51 432 253 163 132 402 225 34 44 122 102 136 121 350 204 135 63 243 159 324 235 68 42 27 65
272 20 2831 84 60 96 23 296 183 335 208 310 185 44 48 583 366 337 224 404 237 257 182 7 36 511 296 308 176 117 41 84 28 324 204 617 385 864 511 49 47 35 2
273 20 2386 420 231 139 58 97 35 22 52 6 52 326 159 291 181 242 179 446 300 17 53 101 87 381 222 198 91 152 109 517 294 380 217 205 99 293 151 367 208 173 149
274 20 1691 37 24 190 89 430 235 40 17 149 93 423 245 279 158 336 210 80 40 285 137 57 26 181 83 25 24 46 28 41 52 50 35 43 58 295 178 153 118 242 144
275 20 2148 72 45 61 22 305 206 51 79 113 21 395 235 247 192 83 40 604 368 128 115 78 76 144 79 207 101 525 312 206 167 476 294 222 165 299 166 47 26 34 48
276 20 2537 403 231 296 157 275 202 501 287 467 251 301 159 105 101 321 226 415 219 7 30 128 116 27 13 166 139 395 236 137 51 73 22 154 86 451 247 152 77 300 199
277 20 3301 40 22 139 112 49 70 72 97 270 153 173 82 146 131 288 193 400 218 592 368 258 161 193 120 325 206 846 514 635 392 617 367 247 166 590 362 611 382 112 51
278 20 2124 34 75 244 188 84 76 376 216 551 317 20 31 533 341 32 53 308 160 254 174 76 82 75 79 392 228 115 57 174 90 396 265 127 62 210 138 37 73 210 133
279 20 2889 116 74 84 59 255 194 736 429 88 91 50 55 291 146 45 40 121 71 685 404 452 272 419 227 322 229 321 170 26 57 96 62 784 478 727 451 46 20 114 23
280 20 1946 76 97 12 7 278 191 160 95 447 258 84 47 189 152 432 290 732 452 205 132 45 74 96 34 113 98 100 71 203 92 67 14 78 52 503 283 44 37 29 28
281 20 1643 22 53 198 133 104 17 29 16 91 47 195 102 12 59 286 176 141 84 7 19 612 375 260 198 211 137 271 204 334 228 121 97 24 32 58 67 291 208 19 49
282 20 2745 391 225 268 171 206 81 254 133 342 204 58 55 215 120 162 72 43 31 30 23 365 226 307 213 2 47 497 320 111 22 357 204 490 315 709 421 305 197 379 233
283 20 2361 472 310 110 85 168 101 245 174 47 14 325 195 173 99 161 80 301 146 23 45 264 170 15 22 188 106 149 102 509 278 185 95 535 338 234 118 391 244 227 133
284 20 2045 78 16 188 93 143 49 172 118 484 293 282 148 22 40 310 151 293 153 314 199 29 67 138 73 293 170 122 95 461 263 83 80 401 266 126 94 53 83 98 28
285 20 2721 570 324 79 101 528 291 169 54 400 257 227 102 588 370 538 348 337 190 351 203 273 166 34 61 122 86 148 109 162 85 89 15 296 170 388 255 61 16 82 99
286 20 1894 86 72 97 60 141 44 181 129 320 153 261 201 144 114 36 65 496 299 203 133 122 57 114 89 110 81 88 80 31 14 361 244 357 233 276 179 166 84 199 80
287 20 2087 313 222 240 138 91 6 390 208 190 139 196 151 223 114 159 126 11 6 60 18 115 73 593 339 269 167 451 261 75 64 48 13 298 184 24 26 194 106 235 132
288 20 2523 405 250 783 477 386 204 25 60 58 72 47 76 671 420 113 27 253 143 30 2 465 257 165 87 129 31 268 143 426 289 220 100 293 172 167 133 77 48 65 51
289 20 1933 261 121 76 24 304 183 159 133 313 208 41 67 147 115 103 24 291 209 144 117 26 31 138 72 60 33 144 62 350 222 1 54 100 97 226 94 410 215 572 362
290 20 2811 172 107 256 173 629 384 252 195 190 100 52 8 152 113 498 322 134 125 319 204 166 113 14 13 277 152 243 105 318 194 186 77 396 274 474 292 345 230 549 315
291 20 1475 516 300 1 50 274 121 178 156 140 87 51 12 256 118 100 64 242 178 182 148 249 124 6 62 6 12 21 6 52 16 46 72 209 144 229 173 29 7 163 85
292 20 2645 165 130 205 136 143 71 229 134 712 440 289 163 11 27 439 274 189 107 153 90 200 161 515 322 227 120 250 146 125 28 492 309 187 73 345 245 14 35 401 210
293 20 1961 71 46 43 27 256 136 296 144 612 373 194 92 69 12 460 292 594 358 237 162 12 52 44 17 273 163 117 86 1 37 260 178 39 41 77 44 14 7 254 188
294 20 1612 106 25 193 80 152 102 59 49 637 395 57 38 6 62 65 7 13 4 93 40 390 198 4 36 697 410 151 62 64 17 126 120 37 55 239 174 57 9 79 24
295 20 2128 67 58 408 259 173 69 122 103 81 86 12 51 35 78 173 146 171 53 313 172 84 37 357 190 148 46 638 386 359 237 181 142 304 146 29 28 409 214 193 127
296 20 2200 408 252 67 95 577 351 355 246 77 29 322 191 66 94 232 99 82 101 231 139 122 28 393 246 293 141 12 31 381 194 242 113 474 292 41 60 18 24 8 50
297 20 1840 325 159 246 115 212 95 311 173 126 47 44 82 276 173 17 67 351 179 35 3 104 30 275 198 246 113 35 54 80 61 364 205 107 46 205 135 274 178 47 66
298 20 2268 77 31 133 63 264 193 496 270 61 4 242 152 257 161 85 80 4 8 307 193 409 273 503 313 194 131 17 29 450 252 120 42 276 153 206 138 311 225 124 75
299 20 2483 345 231 142 34 142 128 252 132 407 276 26 62 402 246 139 55 282 172 305 178 318 157 135 56 298 138 207 153 369 192 127 39 21 67 299 197 353 215 398 237
300 20 1816 239 170 280 149 37 17 121 52 5 58 39 3 427 232 11 11 395 270 140 118 3 43 273 133 215 95 582 363 540 341 89 68 103 102 37 4 5 7 92 70
301 20 1491 179 109 280 155 162 144 196 124 298 160 94 59 10 3 119 33 14 62 262 175 271 138 33 3 43 55 241 101 17 45 62 38 164 69 298 147 19 28 220 167
302 20 2175 540 320 93 48 58 49 151 139 10 31 676 410 91 42 143 118 55 44 83 102 78 14 650 376 124 121 76 33 48 10 76 52 416 277 557 357 383 251 43 83
303 20 2638 382 221 684 393 57 39 192 68 402 224 224 107 331 193 303 221 342 236 22 48 67 56 79 49 377 248 320 199 280 150 144 48 678 403 198 124 98 64 96 33
304 20 2878 99 114 219 163 553 317 323 197 242 103 727 453 317 226 193 91 21 48 229 101 25 70 370 237 102 73 186 118 263 126 40 72 465 260 214 169 538 317 631 389
305 20 2299 387 235 689 399 228 173 188 153 134 44 119 50 264 195 710 424 57 56 134 75 253 111 64 22 67 76 53 61 380 245 213 157 73 24 138 45 298 207 149 62
306 20 1898 35 32 124 48 75 6 9 44 263 192 129 92 283 199 141 81 450 289 371 247 29 49 267 121 164 123 39 66 75 91 254 140 216 124 222 113 127 43 524 322
307 20 2551 257 131 29 37 214 150 584 370 532 297 33 46 40 62 321 153 92 30 535 302 68 38 577 343 30 55 346 201 382 264 240 140 517 305 33 42 122 56 151 59
308 20 2152 641 382 170 134 200 110 548 352 180 108 149 68 226 114 28 9 54 75 213 139 412 272 12 46 207 121 154 84 151 61 232 123 118 22 463 292 89 103 57 4
309 20 2757 309 184 87 86 36 74 87 64 95 89 102 84 325 173 311 166 659 387 700 428 19 57 337 193 777 464 277 155 12 46 198 75 299 168 260 138 289 210 336 200
310 20 1844 294 177 97 75 225 141 123 68 190 75 22 54 14 58 389 220 349 190 208 150 324 208 69 68 56 51 183 90 40 64 411 276 76 22 462 255 128 114 29 38
311 20 1770 86 17 285 149 93 83 322 167 61 64 99 58 1 10 512 313 288 189 103 46 189 92 73 70 5 47 70 75 190 115 105 97 6 31 453 260 329 181 270 124
312 20 1569 299 200 48 59 25 46 414 257 368 210 225 121 224 92 198 81 297 159 78 42 123 87 103 104 7 13 85 72 290 171 18 67 4 25 205 82 64 6 63 60
313 20 2306 413 276 5 42 226 169 6 54 405 221 39 34 70 31 212 131 35 26 44 75 68 62 376 254 265 190 158 49 578 324 349 226 548 319 168 100 377 218 271 156
314 20 2096 61 8 156 109 222 98 583 362 373 214 53 53 119 94 3 50 323 198 40 76 317 219 124 45 519 289 391 206 215 132 60 13 70 20 13 51 41 42 509 293
315 20 3066 677 400 230 150 8 47 547 326 101 30 395 239 414 259 1 38 217 92 404 271 83 67 635 369 373 233 285 144 5 37 689 419 202 108 447 298 379 259 40 44
316 20 2267 399 203 13 61 700 407 4 11 271 192 144 39 301 190 78 76 167 107 27 59 136 67 711 436 383 257 30 43 168 114 113 116 111 27 153 91 150 114 476 260
317 20 2245 92 32 37 6 704 435 275 188 56 75 133 38 24 24 360 180 590 348 142 87 293 176 153 58 183 97 90 19 166 54 428 275 19 9 490 275 59 4 197 154
318 20 2438 225 128 70 81 156 117 319 190 113 16 107 92 50 14 380 241 352 237 215 172 255 127 57 16 114 105 569 316 268 197 541 329 212 142 417 233 124 113 333 179
319 20 2196 129 68 515 338 172 75 16 26 26 46 509 320 53 17 331 215 201 117 313 159 15 31 455 255 241 116 30 67 529 306 174 60 116 104 310 218 51 49 206 96
320 20 2286 645 401 149 75 225 153 91 17 164 118 553 352 135 67 174 150 463 284 62 54 307 145 158 99 392 244 96 35 235 107 19 58 188 87 69 67 342 207 105 31
321 20 2281 104 16 292 190 230 127 100 49 169 84 147 61 69 3 408 229 137 37 129 113 310 219 498 307 39 60 557 355 209 135 437 243 3 26 278 195 357 207 89 60
322 20 2063 262 164 532 328 145 86 498 320 189 88 281 141 527 332 33 68 469 269 155 111 39 58 74 21 308 203 140 34 176 65 79 40 70 11 121 26 9 44 20 19
323 20 2029 36 79 303 158 85 54 369 189 342 179 325 227 2 44 75 57 83 36 231 101 516 337 66 53 176 88 577 343 103 59 116 17 253 183 230 131 122 73 48 81
324 20 1454 52 3 5 49 330 192 156 50 263 151 99 61 17 30 252 178 453 300 40 13 91 47 115 111 99 104 249 120 42 35 379 236 59 30 106 110 13 20 89 49
325 20 2381 543 331 259 148 121 21 147 70 417 284 237 136 69 74 97 27 256 115 105 56 189 149 196 109 503 315 351 191 555 326 183 83 102 31 157 103 250 138 25 26
326 20 1809 200 124 213 103 122 53 262 168 120 91 121 85 215 119 63 88 319 213 5 14 540 318 20 32 234 177 48 56 202 105 172 66 374 249 203 119 3 27 183 94
327 20 2107 52 88 250 116 183 108 118 106 297 159 399 217 484 290 246 164 218 95 40 45 363 186 215 159 66 78 517 306 30 50 405 217 34 12 151 99 61 22 86 99
328 20 2219 22 69 328 172 44 45 713 411 187 95 318 168 375 228 16 19 324 181 138 135 187 107 43 23 222 90 163 95 361 194 362 212 55 29 378 203 180 156 22 62
329 20 2145 121 97 155 135 229 127 571 318 13 1 424 224 111 73 380 254 355 182 83 52 92 105 157 95 500 289 152 138 131 33 49 62 97 68 560 315 67 65 44 75
330 20 2319 7 62 158 62 40 53 44 29 401 274 236 134 717 427 67 78 217 128 165 62 50 13 174 119 226 125 147 72 586 365 221 129 521 332 22 17 355 243 284 156
331 20 1919 462 255 111 118 138 102 37 53 48 55 284 155 138 49 337 213 388 258 41 15 31 47 50 59 598 336 176 120 129 42 142 56 18 41 102 42 537 333 72 3
332 20 2247 52 32 7 26 229 112 193 149 229 145 191 145 20 12 554 322 567 320 74 64 196 155 392 224 353 204 301 190 158 138 237 139 361 179 88 3 75 52 218 169
333 20 2550 176 89 297 189 492 289 92 2 9 6 194 72 46 19 53 45 525 297 533 312 104 105 191 93 311 224 57 65 248 118 181 145 561 348 610 381 189 140 231 162
334 20 2354 657 397 69 41 229 92 34 45 153 73 528 341 6 22 154 91 76 20 170 89 593 338 251 170 280 185 131 117 170 63 57 60 182 106 345 198 408 262 216 90
335 20 2509 207 167 629 379 411 266 34 53 306 213 353 179 170 65 421 229 198 143 264 183 90 62 176 86 506 326 322 225 56 37 110 58 26 32 374 220 85 36 280 125
336 20 2525 495 275 489 303 698 418 287 199 235 158 323 221 113 21 257 138 168 96 63 87 73 44 263 121 51 79 203 129 64 3 66 12 30 72 425 265 514 333 233 177
337 20 1821 157 68 10 13 151 139 55 41 318 158 121 111 16 1 475 305 380 244 283 130 93 43 480 315 181 81 115 107 88 99 208 92 30 31 132 57 318 195 32 27
338 20 2593 256 119 465 299 19 44 88 36 521 321 112 26 255 148 101 83 159 111 149 43 299 154 63 33 360 228 200 148 671 415 576 324 5 49 344 194 542 348 2 26
339 20 2576 130 114 531 322 55 74 309 175 210 128 355 230 225 170 58 26 19 3 694 432 323 158 292 201 388 269 239 100 346 230 489 286 163 117 109 83 124 115 93 76
340 20 2877 95 100 355 239 234 180 211 136 173 59 409 241 572 365 41 63 249 190 142 38 397 252 240 167 125 90 845 515 174 151 135 73 276 136 330 187 361 194 391 250
341 20 2693 52 29 222 110 615 376 284 210 374 213 156 86 645 397 29 45 96 82 494 326 155 87 375 253 341 227 100 65 103 38 425 276 160 93 268 119 392 206 101 62
342 20 2742 454 301 151 80 99 6 166 99 53 77 139 36 164 132 632 357 478 290 173 82 515 288 166 122 146 125 391 216 376 206 363 186 458 273 447 255 80 9 34 18
343 20 2004 7 20 188 144 525 333 51 27 287 207 92 10 95 21 46 1 223 120 681 405 48 5 487 267 219 156 106 106 107 66 175 105 34 33 260 119 201 120 177 71
344 20 2100 417 218 225 123 469 295 298 167 42 16 174 102 55 45 400 227 174 105 96 5 214 134 107 27 8 42 172 65 465 247 60 81 134 129 138 46 288 203 265 149
345 20 2624 29 5 449 270 364 200 312 209 127 27 372 234 86 30 136 67 109 99 133 85 76 20 273 182 29 16 194 118 453 290 188 114 403 266 672 405 137 62 706 424
346 20 2470 3 20 647 374 151 61 130 98 498 302 13 58 69 46 375 262 166 83 159 69 301 159 31 24 304 210 230 178 121 125 390 222 473 298 165 69 404 216 310 218
347 20 2166 181 133 451 300 293 175 8 30 53 42 373 213 125 45 293 141 255 117 50 25 61 47 287 182 10 64 86 49 553 335 201 157 218 160 500 289 307 186 28 42
348 20 2238 572 344 98 68 140 130 300 166 266 196 289 134 789 482 17 34 25 72 69 64 118 69 61 30 235 134 420 250 38 79 490 309 74 90 434 290 36 73 6 15
349 20 2826 302 190 211 157 74 54 571 344 215 173 350 180 629 372 15 21 323 230 122 71 551 304 119 31 589 377 27 30 558 324 241 136 111 77 252 174 54 4 339 199
350 20 2803 109 23 132 125 215 141 93 91 44 61 290 169 579 334 228 110 592 343 128 119 94 77 212 173 459 267 432 286 198 144 544 306 251 113 605 380 280 156 122 82
351 20 2654 49 4 268 178 42 67 180 141 496 276 31 13 281 197 61 33 574 322 161 146 76 38 232 151 143 41 327 205 584 347 346 223 375 190 605 358 109 102 368 234
352 20 2566 461 259 129 56 50 4 253 182 123 65 38 73 388 256 109 64 642 366 52 16 28 67 276 191 25 55 239 112 406 257 217 149 196 128 597 367 360 220 543 319
353 20 1946 131 29 328 236 330 221 216 146 121 94 44 33 119 73 47 41 9 39 96 76 155 100 98 17 194 88 157 86 66 25 367 218 192 141 725 432 206 78 291 215
354 20 2763 672 395 75 54 373 208 272 202 791 468 320 223 123 53 12 14 279 143 122 104 218 156 18 31 117 119 381 192 170 68 190 66 438 286 565 332 88 101 303 218
355 20 1883 94 104 101 112 330 235 137 84 149 105 100 45 60 69 87 26 61 56 421 230 398 245 278 200 482 266 110 113 76 70 85 44 161 60 320 215 200 113 117 71
356 20 2217 334 208 597 375 6 33 432 262 217 167 30 52 264 126 36 40 409 227 141 99 253 173 90 5 76 33 311 228 124 121 463 253 313 208 65 66 266 122 8 12
357 20 2722 67 8 391 247 71 83 106 23 479 303 521 296 190 107 210 87 58 80 666 406 180 107 321 182 155 79 171 70 233 139 226 105 205 124 506 319 314 187 374 254
358 20 2377 194 91 292 175 127 107 88 100 382 209 465 260 23 46 178 119 7 26 610 369 167 104 433 258 40 29 347 184 269 189 122 39 138 91 383 255 390 205 100 14
359 20 2496 398 249 402 211 487 319 10 14 257 187 69 53 358 225 124 115 35 61 508 276 64 44 224 166 433 252 251 193 114 114 462 295 385 203 152 117 114 72 145 43
360 20 2025 47 48 437 270 381 233 136 38 86 31 147 95 69 68 466 284 88 97 206 143 361 199 232 143 299 142 107 73 49 29 51 28 1 4 346 181 304 156 237 186
361 20 2315 597 360 54 27 135 105 195 142 81 59 608 365 97 111 195 91 273 195 156 61 17 34 271 147 260 163 148 50 606 379 8 37 324 234 416 215 10 16 179 128
362 20 2597 14 46 431 232 95 44 176 124 217 146 43 73 300 196 272 175 52 17 412 253 288 209 181 110 605 379 563 340 470 289 57 87 131 28 181 72 428 280 278 150
363 20 1579 154 109 353 175 180 64 26 53 33 56 211 160 10 5 127 69 58 52 48 78 13 62 210 173 203 123 96 46 49 62 544 303 7 15 296 192 126 84 414 242
364 20 2736 35 35 92 60 130 45 288 154 159 49 123 55 97 11 36 25 80 93 386 256 890 538 127 73 37 26 214 171 726 436 199 86 481 276 359 203 633 377 381 245
365 20 2664 367 231 803 492 236 144 313 213 22 7 124 106 527 333 31 53 148 96 656 379 16 10 215 86 110 41 683 401 435 265 29 49 1 18 179 147 315 221 118 60
366 20 2350 300 191 163 61 428 250 249 168 237 143 199 108 437 236 48 49 160 57 208 98 38 7 14 46 210 125 149 113 358 211 104 23 214 143 282 196 201 156 701 418
367 20 2400 74 92 89 29 230 108 320 168 12 46 372 242 553 322 188 128 264 134 338 205 195 161 222 156 137 97 351 174 724 422 343 197 276 202 52 11 51 54 10 38
368 20 2827 187 113 17 4 306 188 82 49 79 100 236 122 53 58 611 384 178 132 582 364 98 112 415 250 273 129 520 340 411 278 392 261 400 226 148 64 585 357 81 2
369 20 1972 337 167 47 51 180 67 67 74 218 105 115 33 339 196 345 198 162 131 234 102 66 53 428 257 223 102 81 9 223 147 35 40 65 32 84 38 244 111 451 304
370 20 1805 131 60 203 135 222 109 101 39 358 220 153 55 161 117 378 246 84 50 271 153 71 85 154 130 49 73 215 120 100 106 104 109 82 12 293 208 263 175 217 134
371 20 2310 326 229 23 70 210 156 46 9 97 104 46 46 103 46 327 161 178 145 148 59 649 393 12 43 60 81 92 64 404 233 486 316 416 275 57 20 532 298 408 265
372 20 1919 676 389 338 208 506 328 104 75 25 43 91 7 19 41 10 17 231 127 452 264 169 57 57 39 117 63 23 56 304 149 292 178 100 45 200 158 42 22 83 4
373 20 2031 511 318 244 154 11 8 352 178 385 239 35 69 35 47 52 27 5 55 299 164 181 152 31 28 536 331 177 106 276 174 171 102 11 14 77 34 474 261 199 123
374 20 2199 214 123 63 21 569 335 163 85 577 324 1 40 96 59 142 43 184 92 108 114 7 9 262 132 354 251 285 189 62 58 152 59 37 4 546 352 45 65 531 331
375 20 2338 36 53 97 23 205 103 540 328 192 131 269 184 281 175 29 42 557 342 119 76 249 127 330 159 237 155 61 39 583 331 4 59 305 180 136 82 333 196 113 16
376 20 2585 438 232 437 245 69 48 532 347 44 25 172 58 75 10 421 271 140 75 446 258 39 67 549 324 142 103 142 97 565 330 117 66 128 38 233 169 453 291 29 13
377 20 2743 269 203 281 167 253 129 40 71 459 244 41 60 543 352 261 129 148 75 70 3 105 87 202 146 652 397 17 23 352 184 277 155 434 247 257 126 450 296 376 205
378 20 2574 119 38 53 66 612 352 239 167 139 58 109 101 687 420 462 280 463 304 35 29 303 166 441 289 102 57 355 208 371 189 306 187 39 35 10 47 204 147 100 45
379 20 2685 31 47 134 30 260 148 475 275 774 462 402 241 111 17 246 117 192 126 223 92 101 96 352 194 290 191 34 5 667 417 158 60 140 128 227 104 456 304 98 78
380 20 2492 87 85 227 164 379 249 265 155 590 347 642 384 302 208 198 91 124 46 554 335 229 101 179 137 198 153 421 242 160 118 75 63 208 167 55 61 49 70 43 69
381 20 2215 160 114 46 46 88 106 38 62 311 208 670 417 22 19 826 500 494 289 126 65 63 65 297 216 189 156 2 7 384 237 17 63 226 128 37 41 246 154 189 137
382 20 2728 232 96 166 75 212 86 33 16 142 36 749 463 553 308 276 191 106 16 136 67 148 57 78 52 127 25 477 317 477 285 814 496 267 195 57 90 214 165 192 81
383 20 2522 733 429 69 57 67 35 218 141 228 166 369 251 496 292 278 129 361 244 7 18 341 238 42 25 324 158 182 101 270 129 433 228 153 48 141 103 288 144 45 8
384 20 2271 96 44 446 250 63 85 470 280 138 73 45 64 406 258 431 254 469 274 12 19 199 162 174 116 1 52 132 48 23 48 66 40 247 153 28 58 633 399 463 307
385 20 2314 12 29 53 8 354 200 237 146 7 54 63 91 41 26 249 107 245 165 410 250 312 216 95 105 313 148 326 176 40 47 131 130 169 101 371 240 733 431 467 265
386 20 2904 84 3 97 51 202 107 673 409 443 292 188 136 66 26 356 228 634 386 422 243 52 33 85 49 563 321 476 286 129 73 340 165 252 125 95 58 434 255 218 157
387 20 1924 1 58 101 60 593 339 34 56 122 81 154 56 349 223 257 128 215 138 196 81 119 80 439 268 3 52 51 17 201 89 7 21 193 109 216 114 506 279 92 63
388 20 2022 105 29 16 68 297 142 770 461 123 63 389 214 75 17 160 81 18 47 114 55 266 147 318 222 5 23 144 114 80 12 506 314 49 28 54 13 168 102 388 241
389 20 2481 619 371 535 305 76 10 177 152 70 3 207 157 203 118 256 186 86 71 58 12 49 13 33 39 255 140 208 100 6 54 546 355 292 162 539 322 237 185 511 304
390 20 2552 111 15 116 64 181 101 250 154 61 77 80 99 589 344 4 8 238 169 191 146 360 233 516 323 445 285 25 71 102 21 105 32 415 271 454 296 252 143 610 359
391 20 2596 80 96 217 96 293 196 551 348 623 372 360 253 236 109 681 420 235 116 139 80 85 3 23 1 33 77 215 153 75 33 198 167 142 50 251 148 631 401 125 36
392 20 2208 115 16 91 92 277 157 335 226 239 182 824 497 222 158 71 7 385 201 184 150 262 180 101 65 2 26 278 174 250 149 202 123 369 235 68 6 60 46 82 11
393 20 2192 506 323 65 29 178 86 65 19 342 171 39 61 239 181 154 132 265 124 58 74 129 117 57 53 832 497 504 309 51 46 392 251 98 42 46 18 117 65 247 162
394 20 2303 477 262 23 60 376 235 130 66 77 95 138 51 51 6 619 384 258 167 481 260 4 24 59 89 224 149 178 156 78 80 414 214 63 31 540 341 104 97 312 177
395 20 3104 343 233 444 296 176 116 203 147 425 271 296 178 230 155 250 111 214 88 211 102 276 152 486 300 282 143 416 271 313 169 370 252 475 283 291 205 494 274 14 68
396 20 2692 164 73 229 164 41 70 191 71 493 293 434 264 372 200 343 175 182 62 454 270 285 143 136 84 60 23 258 132 57 27 336 226 234 108 60 29 599 347 457 299
397 20 3032 487 309 694 408 63 14 309 169 93 90 248 142 13 42 117 65 260 193 494 292 147 139 648 381 581 326 463 287 469 290 411 258 84 75 80 24 395 256 8 28
398 20 1679 44 50 279 191 107 88 119 94 191 145 120 38 81 57 374 189 218 149 329 177 266 128 133 57 490 269 129 113 19 27 155 126 8 43 14 19 121 21 162 136
399 20 2207 205 139 96 94 229 138 526 338 315 161 267 181 85 72 146 84 9 65 425 249 188 91 535 335 86 12 277 192 17 9 183 63 431 241 302 174 7 24 86 92
400 20 1775 567 329 537 297 326 187 63 16 80 31 263 192 143 113 144 112 105 28 33 40 137 127 74 95 43 45 104 104 288 140 159 87 193 68 90 61 167 80 34 29
