1 20 1924 193 125 167 76 145 63 435 234 270 161 391 227 311 200 65 21 23 48 172 89 260 190 58 86 45 37 139 118 50 41 39 36 257 122 233 124 261 197 335 187
2 20 1861 270 192 97 89 53 47 205 117 325 227 82 64 341 211 152 99 68 96 21 71 126 68 58 81 300 154 647 370 194 122 20 6 212 92 216 129 179 105 156 144
3 20 1333 54 32 200 141 11 15 501 310 7 58 184 68 25 3 402 225 1 35 19 62 399 259 126 64 28 62 97 37 46 85 40 15 89 45 233 169 80 63 124 123
4 20 1661 290 167 134 118 222 171 214 100 22 43 250 172 34 34 138 120 425 230 76 4 233 97 277 168 433 293 70 52 88 84 88 23 95 63 152 66 28 7 53 77
5 20 1204 402 252 119 50 34 74 226 166 33 38 31 31 10 15 10 58 57 61 233 143 22 46 230 167 25 14 406 215 254 179 68 4 35 6 162 80 29 57 23 57
6 20 1589 611 381 59 77 544 329 245 138 144 114 18 6 167 135 150 108 50 77 55 75 36 5 423 235 137 130 80 49 12 59 214 173 33 11 55 89 145 47 1 52
7 20 1613 600 367 82 80 82 48 89 19 331 200 33 77 3 47 106 16 95 61 121 61 326 170 363 210 32 68 85 36 54 17 178 127 347 208 252 188 5 60 43 79
8 20 1469 63 52 188 70 124 106 40 77 88 58 49 19 133 32 152 129 122 93 61 28 83 54 161 65 117 47 275 169 192 106 326 201 115 32 363 218 268 136 19 48
9 20 1549 50 46 22 20 318 166 60 92 226 123 136 35 177 94 275 163 94 105 339 180 161 85 62 71 3 34 138 76 238 175 348 196 103 10 175 82 136 37 37 30
10 20 2086 10 23 158 118 12 38 40 47 132 121 221 94 376 222 288 191 451 273 138 108 121 26 202 159 463 308 327 158 9 23 394 261 375 238 203 163 20 52 233 146
11 20 1868 186 83 49 71 312 150 206 90 283 156 117 120 383 201 153 62 257 125 48 11 5 42 83 44 190 148 623 358 208 131 146 55 82 25 287 185 5 29 113 95
12 20 1628 151 73 105 20 157 110 180 147 113 51 284 205 18 15 724 421 19 45 26 38 143 75 142 70 55 3 53 88 194 111 4 7 359 183 336 165 43 29 150 140
13 20 1527 395 242 96 87 99 79 383 243 99 44 272 191 73 36 118 58 324 230 199 165 87 79 143 48 7 52 200 85 30 9 136 51 41 22 40 3 186 124 127 70
14 20 1446 4 56 125 112 102 89 45 1 110 84 181 128 67 10 200 144 40 48 259 198 48 20 95 72 548 343 36 22 635 383 60 56 238 171 39 11 36 38 24 37
15 20 1635 211 99 66 89 177 118 381 244 54 55 5 18 71 77 164 57 310 220 47 22 32 25 338 171 305 205 275 156 177 141 41 68 211 108 89 49 271 149 45 2
16 20 1938 361 209 753 455 241 171 51 34 27 56 10 39 90 15 365 192 271 134 209 173 172 60 224 134 16 5 62 13 1 45 253 180 222 107 5 60 307 219 236 131
17 20 1748 272 124 163 48 177 113 241 156 17 61 321 190 193 161 203 142 128 110 34 73 366 217 144 52 108 21 19 63 404 254 57 11 234 157 50 68 263 188 102 29
18 20 1213 383 225 88 11 172 104 41 44 53 8 102 79 64 23 202 149 118 120 132 115 73 66 27 59 71 92 39 39 28 5 92 31 287 192 252 179 155 65 48 33
19 20 1057 119 118 101 93 67 21 60 70 35 13 3 36 229 161 4 36 107 105 97 78 120 70 82 79 205 101 229 117 112 90 262 174 156 131 28 14 47 66 52 74
20 20 1911 199 73 26 74 77 46 166 144 515 312 472 307 242 175 36 29 118 95 41 25 169 88 188 72 84 63 446 275 214 146 158 89 233 177 131 73 161 96 146 94
21 20 1402 114 119 49 57 54 9 62 10 180 67 36 6 68 56 6 6 312 216 151 93 82 27 169 120 385 222 5 10 100 71 379 223 239 151 56 1 173 61 184 120
22 20 1699 62 54 99 98 164 52 2 42 196 81 75 32 68 81 30 19 723 424 82 46 14 27 209 171 75 43 274 128 670 389 44 47 113 99 219 162 123 78 156 129
23 20 1809 335 234 20 11 28 7 254 137 160 98 31 53 128 128 11 22 58 13 24 70 115 73 418 280 357 198 52 11 92 8 203 126 352 212 602 376 159 126 220 93
24 20 1812 43 51 239 186 507 314 480 269 15 20 52 52 24 28 568 360 26 37 147 58 269 124 382 233 336 188 143 120 40 69 89 65 43 74 44 50 42 62 135 116
25 20 1139 141 103 99 70 87 45 47 85 73 86 6 24 48 84 384 249 78 23 4 15 110 58 65 69 82 101 155 121 109 40 36 49 340 243 43 7 73 64 298 162
26 20 1258 51 77 8 28 165 146 34 5 149 72 294 214 55 55 61 58 26 56 31 34 166 147 181 62 284 151 278 202 65 40 69 38 342 210 107 68 44 60 106 77
27 20 1883 284 194 35 25 55 70 10 22 290 140 381 231 118 81 381 217 479 266 31 23 51 17 272 132 84 50 78 18 179 140 6 7 144 95 355 232 531 297 2 60
28 20 1422 133 43 72 90 31 55 202 86 200 119 270 187 22 1 38 60 62 79 41 15 120 68 315 185 110 94 226 130 33 66 194 91 154 66 339 169 19 7 263 169
29 20 1665 43 60 330 190 459 291 42 80 60 51 28 34 81 55 313 160 36 53 158 95 232 149 60 71 472 298 446 255 79 58 114 82 74 7 82 99 55 87 166 96
30 20 2058 55 12 444 235 407 251 15 9 105 50 315 162 75 11 73 57 184 67 2 23 518 316 261 189 43 47 582 353 147 42 130 91 331 166 268 189 52 19 110 35
31 20 1853 344 227 52 49 127 80 89 23 250 142 68 85 363 249 82 20 429 254 314 160 430 267 237 173 39 53 17 27 69 34 11 46 193 129 40 39 199 75 354 174
32 20 1179 1 7 85 62 291 170 336 231 72 26 8 49 360 246 169 53 42 66 61 86 25 14 139 91 21 41 50 15 182 155 103 103 59 91 216 167 104 46 34 21
33 20 2247 77 70 101 72 157 67 34 51 128 35 40 34 221 173 157 58 118 73 349 178 281 175 201 118 200 90 726 422 212 81 21 6 723 431 121 30 76 61 551 310
34 20 1328 281 137 17 67 331 208 45 84 73 69 25 54 82 90 286 214 41 21 47 53 1 17 227 179 32 9 433 256 111 99 213 87 101 98 19 61 35 69 256 158
35 20 1440 181 96 197 156 67 73 372 203 211 100 88 11 95 65 23 26 273 169 57 77 256 119 55 72 96 39 228 163 78 62 56 41 17 50 42 81 379 191 110 14
36 20 1750 342 171 43 1 61 27 649 409 140 79 62 91 12 43 150 39 63 40 115 104 55 36 11 47 102 29 102 81 117 44 333 163 249 127 3 56 590 346 302 171
37 20 2092 43 27 108 77 464 293 349 189 26 25 338 209 252 129 196 165 338 218 400 211 99 22 227 136 98 94 97 33 181 134 144 64 67 78 224 168 300 169 233 148
38 20 2029 188 115 199 154 93 79 82 85 83 3 328 196 533 338 68 50 353 184 77 64 34 33 273 131 142 111 185 138 83 2 297 171 157 131 357 250 250 123 276 133
39 20 1982 41 47 81 34 14 4 461 303 97 82 357 212 206 117 313 229 143 100 14 60 118 105 375 211 221 138 70 85 200 109 135 108 525 306 353 230 73 35 167 112
40 20 1245 14 38 78 61 330 176 180 112 60 28 224 145 53 31 85 51 334 177 60 91 60 14 175 154 17 52 48 6 192 91 174 81 102 82 118 115 144 60 43 78
41 20 1855 20 52 31 21 496 326 33 58 35 24 445 252 98 17 70 62 391 271 138 120 183 151 272 185 201 99 68 91 31 12 24 34 38 11 299 144 389 210 448 298
42 20 1923 62 12 463 257 50 53 175 123 705 431 543 349 15 68 104 16 17 29 113 73 317 169 538 318 110 87 30 1 68 64 22 70 11 57 198 103 263 169 43 54
43 20 2149 101 98 689 426 127 106 94 24 145 62 385 225 85 48 368 243 190 159 172 80 253 149 192 132 92 31 490 305 184 112 134 82 483 300 19 10 84 45 12 25
44 20 1809 320 152 423 288 89 83 273 175 15 33 97 10 328 180 570 356 46 13 360 208 69 72 6 4 36 46 169 119 127 55 18 33 92 31 152 60 206 117 222 89
45 20 1404 169 104 5 34 38 26 131 41 197 165 316 199 120 112 161 58 100 34 260 185 56 19 44 84 122 54 375 245 336 219 92 44 90 61 101 63 65 2 30 66
46 20 1668 92 12 77 69 251 110 312 228 25 18 183 148 240 154 46 67 40 58 236 164 36 31 359 245 220 133 238 181 280 206 12 52 451 292 64 40 8 20 167 97
47 20 2048 175 136 161 141 63 37 108 18 493 314 161 125 16 1 109 79 359 235 74 8 281 134 6 32 237 175 316 168 255 121 222 168 559 345 89 108 193 117 219 129
48 20 1242 391 211 130 56 117 91 66 30 149 96 27 16 180 91 17 7 26 40 47 68 462 271 363 218 7 12 95 5 76 40 68 91 26 30 42 77 173 134 23 4
49 20 1487 54 16 58 60 59 87 126 59 20 22 197 127 24 57 121 37 289 214 30 56 304 144 334 226 149 97 231 155 109 99 131 117 355 220 183 137 99 19 101 95
50 20 2115 280 210 31 55 789 476 81 38 135 76 204 84 516 336 105 12 567 353 327 188 117 77 62 36 22 14 194 106 218 97 323 228 158 47 35 64 30 37 37 44
51 20 1307 24 42 38 60 8 5 74 18 253 184 167 59 22 3 171 59 173 112 332 225 160 58 29 12 325 171 18 16 128 127 340 188 134 63 113 33 67 59 39 37
52 20 1721 3 10 91 51 79 18 300 142 455 281 295 163 93 40 125 87 195 140 65 47 460 298 70 78 15 17 200 167 174 134 69 51 142 39 233 103 19 44 359 210
53 20 1551 120 84 441 284 15 52 178 82 11 10 57 82 5 28 268 203 301 179 293 155 166 115 198 113 239 113 69 11 167 96 111 39 121 32 167 120 60 30 116 78
54 20 1252 7 60 46 47 150 85 240 162 204 92 24 62 67 45 184 72 29 25 351 197 30 6 211 82 28 38 271 192 206 130 239 142 24 41 4 9 51 33 139 33
55 20 1684 24 68 370 200 109 76 206 84 76 36 32 30 262 186 48 19 331 195 431 235 2 52 28 13 104 39 57 13 120 21 35 69 286 185 168 110 457 277 223 100
56 20 1373 188 99 383 203 35 57 110 89 14 46 406 235 156 84 227 158 16 44 99 56 59 75 152 48 391 236 42 5 175 146 100 89 73 1 38 17 34 24 49 46
57 20 1380 190 128 287 214 330 170 195 135 140 83 144 97 124 26 385 250 1 59 28 51 59 22 4 6 43 64 8 19 298 209 110 72 313 176 28 21 72 34 1 54
58 20 1485 24 65 146 70 326 178 30 36 257 148 68 65 14 10 64 90 8 33 39 25 430 246 208 122 43 39 147 135 165 61 55 5 3 52 266 135 519 307 158 145
59 20 1795 68 76 212 141 33 74 325 232 270 178 41 23 10 64 65 11 467 260 146 127 113 71 268 123 66 59 162 95 420 237 39 75 414 245 299 152 41 46 131 35
60 20 1903 296 143 262 148 277 184 168 123 327 173 262 148 79 73 183 115 20 13 501 320 92 54 187 80 55 4 49 53 10 5 164 113 428 250 45 37 75 76 327 201
61 20 1829 221 126 202 117 301 177 108 59 32 56 195 137 202 98 288 175 226 171 60 22 106 97 129 72 190 143 210 102 63 51 528 344 87 65 98 74 61 55 351 199
62 20 1390 161 145 40 34 115 90 62 27 23 55 185 79 293 197 93 76 148 43 227 163 70 13 183 71 7 57 341 228 217 110 206 131 1 60 206 101 195 99 7 17
63 20 2538 403 219 69 35 303 185 110 14 27 30 172 110 265 184 416 272 289 163 263 166 376 218 56 6 451 283 60 79 521 310 173 99 433 271 482 275 29 74 179 112
64 20 1460 27 66 289 150 150 46 26 69 431 263 299 221 72 21 84 54 51 45 181 129 230 162 253 159 107 62 120 62 1 9 21 28 376 201 25 39 136 120 41 23
65 20 1033 55 81 42 17 155 54 2 25 30 74 78 101 27 57 5 30 24 6 107 80 251 137 224 147 209 148 366 244 128 100 90 2 100 30 73 52 93 18 7 29
66 20 1581 289 161 528 300 239 176 26 38 78 49 76 8 24 73 129 98 7 1 192 149 247 105 11 7 277 206 33 61 109 52 138 124 308 220 173 102 101 17 177 96
67 20 1982 382 217 37 33 256 129 182 127 21 63 10 41 662 383 65 93 267 161 592 337 58 49 321 153 49 57 84 74 172 104 191 99 274 193 203 105 76 76 62 23
68 20 2057 105 112 258 130 101 35 173 135 625 377 10 40 326 234 55 66 9 2 336 192 232 122 38 67 65 34 150 115 464 248 38 56 104 19 205 123 475 259 346 179
69 20 1534 19 30 163 146 174 114 149 52 149 92 9 57 59 42 101 10 43 67 195 91 490 319 148 77 603 375 31 51 107 49 124 127 94 39 7 8 10 36 394 244
70 20 1318 5 28 197 119 139 95 57 34 48 74 179 83 155 61 141 55 38 28 1 54 41 39 142 62 28 65 139 92 376 254 196 127 138 130 24 49 431 246 162 117
71 20 1590 236 142 8 23 108 95 47 21 440 283 91 40 444 255 44 40 44 67 22 62 2 6 7 46 202 101 343 227 169 119 117 119 492 269 123 118 126 126 115 93
72 20 2373 591 354 154 85 300 166 398 258 157 81 322 199 415 233 382 264 197 154 99 46 412 274 341 218 156 76 199 134 118 74 54 49 243 138 124 121 45 66 39 6
73 20 1275 41 45 87 12 22 2 336 202 161 90 252 193 67 62 165 137 20 49 158 130 130 105 17 61 104 82 270 205 289 189 38 34 89 39 285 157 5 20 15 39
74 20 1152 215 132 26 16 31 34 40 13 7 31 90 63 146 86 170 123 133 125 297 216 181 146 100 41 25 9 10 27 91 47 72 60 154 143 187 88 105 40 224 125
75 20 1565 366 253 145 69 399 205 15 37 29 17 18 19 24 35 247 110 98 81 7 55 221 115 17 35 262 195 224 163 61 67 115 31 308 219 29 26 149 82 397 217
76 20 1810 282 208 49 30 76 86 132 76 354 178 409 261 77 16 268 196 169 105 51 2 149 59 460 274 155 48 53 19 159 95 130 92 336 218 82 11 130 99 100 103
77 20 1428 325 215 5 44 73 98 37 12 16 35 126 107 18 65 145 108 161 145 76 49 274 183 12 39 535 348 194 76 46 27 167 75 107 42 388 248 19 5 132 105
78 20 1951 65 48 185 147 174 118 461 267 92 76 27 46 375 207 460 270 66 9 331 202 190 88 378 251 98 33 149 132 40 49 105 10 27 47 90 62 215 97 375 222
79 20 1635 41 68 400 233 57 26 204 126 106 63 24 63 198 90 76 26 87 25 317 154 37 9 46 52 191 134 137 44 37 20 205 139 142 48 336 209 267 138 363 228
80 20 1900 83 13 6 1 356 212 370 196 3 28 122 115 182 145 90 73 468 293 251 108 171 115 58 38 365 249 238 151 66 2 130 94 113 98 156 70 526 338 46 25
81 20 1528 326 232 11 12 45 18 78 56 154 84 108 28 74 81 273 202 110 95 127 126 232 118 178 126 221 130 119 99 120 33 309 227 32 38 33 10 126 73 380 204
82 20 2276 422 269 262 126 283 182 273 124 158 74 387 230 66 7 313 226 27 28 217 119 53 15 25 7 203 151 268 194 4 58 58 56 411 265 257 185 105 56 760 453
83 20 1844 202 93 85 68 453 254 182 143 352 205 222 117 63 32 203 95 83 15 20 49 29 73 58 87 371 229 103 51 26 10 437 247 237 180 205 84 140 101 218 156
84 20 1700 205 154 126 57 166 139 244 118 62 26 360 239 125 35 430 289 162 70 204 162 371 250 70 70 219 127 98 26 26 57 50 63 39 73 93 50 124 23 226 92
85 20 1288 57 69 18 68 210 94 31 57 132 29 45 72 175 121 377 240 112 106 109 72 209 108 102 68 122 27 177 69 79 6 120 32 317 176 111 66 46 4 28 19
86 20 1280 342 176 58 65 245 183 257 124 103 46 181 107 64 15 2 49 183 142 64 27 173 60 216 163 69 59 50 36 34 55 238 98 39 19 37 12 126 34 80 14
87 20 1838 146 86 1 5 129 96 61 60 266 130 15 68 105 85 98 110 87 62 224 163 187 112 299 169 623 369 368 252 53 79 142 47 102 34 4 36 628 383 138 111
88 20 1404 433 251 16 30 76 92 69 20 395 233 64 11 33 34 79 34 117 99 156 64 21 71 34 23 198 97 67 54 62 36 311 196 67 58 258 161 310 178 43 10
89 20 1862 182 88 174 122 416 229 11 3 329 228 14 17 27 56 142 100 179 153 267 133 22 30 118 66 453 245 98 39 205 150 561 356 150 115 233 94 58 44 85 74
90 20 1946 219 135 341 232 9 23 332 217 367 239 322 171 76 73 22 49 189 139 231 138 120 112 216 97 118 121 34 15 99 35 28 3 230 110 231 179 147 138 562 316
91 20 1633 108 44 152 103 231 143 327 169 87 66 62 47 10 41 54 80 107 26 226 91 32 46 361 247 102 102 226 106 235 114 312 201 39 54 91 103 155 102 349 247
92 20 1778 108 20 83 6 554 339 48 61 153 117 249 187 80 4 250 149 214 109 103 34 335 174 362 200 7 11 356 207 223 178 129 97 33 76 131 69 81 43 58 52
93 20 2114 153 131 494 274 270 138 30 45 283 193 24 46 265 159 808 479 5 31 197 134 364 210 210 138 44 53 109 66 16 14 408 250 208 113 16 27 235 162 90 99
94 20 1927 474 277 262 147 240 143 240 162 144 93 7 35 71 11 13 23 243 165 99 16 131 114 37 17 597 371 326 215 9 55 429 235 4 17 95 16 41 65 392 252
95 20 1724 30 74 299 143 129 73 182 121 105 52 191 127 104 65 228 141 258 152 70 87 418 237 153 126 71 24 279 136 72 32 84 59 412 232 46 73 192 71 125 109
96 20 1988 210 105 216 171 151 119 331 167 65 36 350 207 613 390 50 43 55 15 196 143 102 42 86 9 173 73 116 54 280 209 57 21 184 118 405 235 139 94 198 102
97 20 1809 93 43 294 169 294 205 123 106 5 56 51 40 128 53 217 135 127 49 33 68 433 245 92 46 27 42 273 145 558 325 341 239 324 159 5 21 34 61 166 55
98 20 1532 207 161 30 31 39 40 408 247 187 67 76 31 119 62 69 2 12 22 121 60 20 68 122 55 278 129 2 50 433 274 31 44 451 263 224 132 117 64 118 94
99 20 1715 203 75 230 157 129 42 26 64 97 65 328 176 498 302 257 182 226 98 216 106 44 5 131 126 50 73 13 27 60 40 63 49 446 288 294 142 3 11 117 112
100 20 942 6 47 138 56 35 45 215 148 54 49 87 64 35 7 233 176 19 56 17 18 55 23 268 205 405 278 107 58 16 24 4 11 21 50 131 97 28 65 10 31
101 20 1822 195 125 121 121 300 168 144 110 193 94 34 48 326 171 2 17 101 84 155 115 91 81 27 69 25 13 85 11 230 99 608 360 400 262 366 215 165 81 76 49
102 20 1759 107 92 8 49 10 46 102 9 67 91 71 7 237 131 159 141 456 261 10 64 55 19 577 327 2 51 104 55 399 206 335 176 275 185 362 254 175 57 7 24
103 20 2160 321 197 165 137 451 279 107 13 152 70 92 18 351 209 422 279 480 282 347 170 240 135 62 81 65 59 366 189 47 37 67 38 230 163 93 29 255 190 7 43
104 20 1136 86 43 28 26 248 145 112 79 68 67 50 65 249 190 5 15 39 47 21 54 26 23 231 97 139 59 64 76 59 47 47 4 27 6 433 244 5 4 335 193
105 20 1846 229 95 78 16 30 57 22 70 358 216 75 22 248 156 252 120 299 206 216 149 225 165 431 247 406 218 183 138 126 104 339 175 13 61 98 93 23 14 42 29
106 20 1605 11 27 583 371 90 27 130 50 188 106 457 289 142 127 91 66 195 93 88 61 7 30 64 35 14 67 127 30 367 253 247 163 26 47 215 84 61 50 108 36
107 20 2217 492 276 129 56 99 15 73 23 449 248 110 69 178 111 144 83 314 209 446 267 190 156 338 241 217 107 78 86 88 30 13 10 656 395 24 4 222 140 175 106
108 20 1704 59 49 346 229 374 254 99 16 181 143 308 146 209 165 21 5 78 100 168 113 134 130 243 190 307 158 216 111 50 31 68 57 119 115 191 77 36 12 202 96
109 20 1078 3 56 171 78 385 265 188 68 131 89 94 68 149 131 28 44 8 58 66 81 34 70 9 61 150 49 233 130 160 117 41 11 68 20 93 25 132 59 13 8
110 20 2092 212 137 405 248 446 263 164 105 104 46 527 322 23 70 21 67 138 120 73 55 97 89 71 85 45 20 52 8 110 47 331 202 630 367 121 82 376 190 238 176
111 20 1527 78 22 36 26 20 26 14 31 90 104 192 103 508 298 261 130 344 185 42 8 76 32 93 43 267 147 152 99 3 35 351 200 8 9 234 181 256 175 29 17
112 20 1521 166 148 113 63 110 14 92 41 259 147 424 251 169 109 87 33 32 48 214 136 44 69 61 51 77 30 16 66 247 106 431 258 172 93 145 60 84 83 100 36
113 20 1867 144 59 280 184 139 87 77 70 5 51 451 263 123 113 370 242 24 31 139 48 121 124 187 131 79 71 31 22 445 267 5 61 64 4 129 56 549 353 373 232
114 20 2353 223 177 26 70 86 58 172 89 287 210 189 145 474 313 549 354 61 7 491 305 395 227 116 115 99 51 382 225 29 12 239 111 159 61 256 143 346 169 128 59
115 20 1172 27 9 238 157 114 87 251 190 57 81 94 18 73 19 260 158 160 63 100 24 112 29 89 18 84 40 12 5 184 87 230 155 105 75 103 41 14 3 37 24
116 20 1790 237 175 98 21 91 100 16 69 86 14 362 241 179 132 153 137 103 66 73 65 283 198 190 71 412 244 337 227 79 89 580 340 152 58 1 49 21 27 128 40
117 20 1410 17 24 151 56 65 83 114 77 311 156 221 115 139 87 61 45 158 131 97 19 180 77 319 162 15 34 130 47 267 118 5 23 67 66 468 312 1 27 34 41
118 20 2263 73 59 171 105 16 60 85 31 193 155 564 331 476 309 124 85 133 29 3 11 53 72 357 244 384 206 645 368 327 218 73 18 300 141 265 187 168 80 117 74
119 20 1595 66 76 53 18 165 118 265 145 138 39 426 268 41 34 278 151 321 216 413 252 103 101 163 78 58 42 122 71 61 83 71 65 124 120 48 44 195 122 80 73
120 20 1506 53 84 193 131 52 9 108 70 46 30 159 80 220 89 548 333 133 51 206 141 13 61 192 91 186 152 218 134 159 133 216 96 71 83 63 80 97 73 79 28
121 20 1783 33 43 60 90 267 119 307 168 207 102 149 140 193 109 39 76 198 146 3 50 472 276 60 25 320 155 58 17 24 25 279 210 185 99 297 178 332 170 83 31
122 20 1550 19 58 146 133 178 80 420 256 15 48 97 102 81 87 85 22 61 63 153 53 70 85 43 62 107 106 170 136 375 239 98 46 439 266 218 93 148 139 178 114
123 20 1793 72 87 209 139 127 28 173 78 145 100 73 51 168 83 415 226 255 140 43 81 42 72 373 191 276 152 256 139 165 132 252 148 180 91 251 177 19 49 92 95
124 20 1296 294 138 13 41 44 34 13 21 63 87 11 1 249 114 330 232 15 30 202 156 38 50 306 174 85 30 413 225 141 44 74 62 33 32 37 53 227 140 4 49
125 20 1563 246 191 163 106 227 110 180 108 188 108 8 41 34 73 84 63 154 113 233 137 328 205 22 60 312 146 122 111 67 42 10 55 226 123 79 38 207 79 237 154
126 20 1490 195 159 42 43 73 88 122 23 311 146 220 178 5 56 419 239 54 6 272 179 276 136 159 134 87 102 92 82 110 104 49 65 189 119 149 80 50 51 107 108
127 20 1648 156 97 408 275 589 350 88 57 177 91 66 80 39 68 66 25 147 129 3 35 7 17 45 53 70 8 320 183 29 51 187 156 449 296 185 84 102 97 163 80
128 20 1176 36 26 48 85 7 55 122 24 98 9 65 54 283 140 87 100 117 93 31 40 74 40 207 107 186 124 109 74 106 46 181 125 107 78 36 32 368 232 85 58
129 20 1754 63 75 459 249 84 83 42 34 135 91 242 155 413 231 35 52 686 420 28 70 62 73 156 64 265 163 45 30 187 65 191 88 222 159 14 62 113 113 67 32
130 20 2032 272 128 187 91 241 160 98 92 310 219 320 182 55 31 115 85 104 44 159 77 362 248 69 2 149 45 373 250 17 35 362 189 34 60 419 286 36 53 383 246
131 20 2583 175 78 14 3 218 116 214 94 336 237 155 119 464 308 113 77 38 56 307 175 840 498 448 268 40 20 118 91 143 111 97 63 276 133 627 380 406 258 137 107
132 20 1690 71 5 104 32 45 3 69 6 111 30 3 10 36 43 156 82 114 106 62 4 235 172 178 72 520 286 458 247 415 222 164 117 7 2 374 219 91 64 167 82
133 20 1511 29 45 113 69 354 174 3 47 156 101 30 4 200 77 110 20 187 138 143 127 144 47 11 25 249 151 192 151 399 229 31 20 324 223 142 129 57 76 148 95
134 20 2163 147 68 329 205 545 333 76 32 284 196 71 24 368 187 173 148 227 166 142 35 176 133 380 237 123 61 186 63 311 222 221 113 13 45 187 150 111 29 256 143
135 20 1980 52 11 4 19 768 455 181 74 49 24 181 101 311 176 131 116 38 28 629 373 297 149 349 209 101 19 40 78 279 144 176 119 56 13 137 115 129 116 52 2
136 20 1387 152 127 156 54 244 164 163 122 439 251 61 29 112 19 18 70 113 112 17 59 279 126 82 4 208 153 173 78 16 62 107 65 5 61 210 88 169 71 50 30
137 20 1687 14 52 44 39 305 155 562 320 191 143 41 5 62 1 98 77 91 77 126 44 12 65 265 136 252 168 20 17 269 159 159 80 80 58 186 128 22 29 576 362
138 20 1701 86 78 87 8 268 172 75 16 61 50 289 148 27 20 506 317 176 109 152 111 75 35 327 202 67 71 105 66 8 35 30 55 356 204 425 230 264 136 18 28
139 20 1685 297 161 107 74 422 268 148 51 92 60 108 29 198 161 119 61 350 242 150 55 162 63 60 33 128 117 11 14 146 126 88 7 177 99 33 77 232 164 343 173
140 20 1608 544 311 138 56 270 123 38 67 10 63 152 90 276 199 187 125 47 22 117 59 48 69 489 299 32 51 68 23 183 129 43 19 84 9 29 10 11 50 450 243
141 20 1470 166 70 251 113 424 284 273 147 16 53 99 97 65 62 20 7 132 111 35 77 42 15 152 65 248 143 367 252 255 190 23 50 245 188 68 18 18 27 41 61
142 20 1362 4 42 92 39 45 64 131 89 220 148 80 79 32 75 154 141 280 179 65 11 188 97 257 111 44 59 235 138 194 151 75 2 102 14 26 11 268 196 232 139
143 20 1586 26 13 213 113 101 96 182 100 187 82 322 230 124 28 136 130 107 58 42 63 24 63 186 160 230 119 347 200 62 38 152 63 351 184 7 24 286 175 87 52
144 20 1035 10 56 229 146 242 132 112 27 21 4 57 6 182 123 51 63 222 141 24 35 71 42 11 17 457 293 22 53 43 21 56 4 41 37 179 85 30 21 10 48
145 20 1335 109 38 74 12 513 296 25 53 102 62 22 70 117 49 161 65 98 88 116 82 88 60 113 110 111 35 19 59 27 22 8 62 136 130 500 274 40 42 292 202
146 20 1404 129 101 88 8 14 68 504 304 171 143 137 46 267 124 30 32 170 88 42 44 93 17 62 64 187 146 206 149 251 141 50 58 184 97 10 56 138 62 75 77
147 20 1503 42 38 189 136 86 98 56 52 242 107 123 31 154 117 430 272 185 96 89 83 351 241 7 14 214 151 37 49 121 90 78 54 172 72 63 27 213 135 155 107
148 20 1449 116 102 27 33 145 99 226 108 6 23 540 351 84 25 81 82 35 73 192 101 18 45 353 210 112 55 348 220 42 49 77 44 147 62 124 75 59 1 166 68
149 20 1390 259 171 8 52 401 227 64 51 100 70 101 111 131 89 249 142 41 24 394 238 36 20 261 149 82 65 87 76 29 47 340 213 165 117 5 34 5 13 23 43
150 20 1451 130 84 38 73 42 40 117 68 5 59 38 23 4 57 170 117 248 139 152 112 260 139 27 57 242 175 227 142 253 125 206 107 317 187 48 7 139 133 239 104
151 20 1775 65 83 27 41 215 142 366 199 76 17 300 148 91 14 108 16 337 214 295 177 113 70 94 65 202 75 12 36 238 129 156 60 154 92 181 70 55 38 465 295
152 20 1763 95 46 172 56 64 79 343 233 631 370 230 173 219 163 511 280 39 55 57 57 4 35 362 236 20 40 5 12 1 6 196 161 172 123 15 33 318 155 72 50
153 20 1553 57 88 816 500 264 145 122 83 26 30 44 22 121 29 91 99 64 95 26 50 33 48 37 3 388 219 24 40 18 33 538 313 125 126 109 81 147 77 56 69
154 20 1556 139 101 113 46 109 76 127 104 78 86 114 29 150 53 130 102 36 55 47 81 499 326 341 242 205 108 15 26 46 73 382 243 244 147 211 79 24 46 102 15
155 20 1174 75 52 282 179 56 48 82 103 161 48 127 117 62 64 444 296 76 39 341 202 51 35 23 22 90 13 51 16 78 27 83 18 126 27 12 45 42 50 87 84
156 20 1408 118 124 48 39 22 41 15 5 26 53 284 129 146 102 39 45 74 13 65 22 267 154 81 84 247 168 137 122 37 34 420 229 74 76 192 151 58 8 466 259
157 20 1339 252 162 82 48 82 33 218 105 119 55 244 125 11 55 195 152 118 39 54 64 51 88 64 13 96 48 102 32 117 91 439 232 74 43 158 76 33 2 170 113
158 20 1569 147 49 284 204 18 21 454 302 325 193 114 74 37 73 22 18 305 213 85 54 14 15 80 16 90 66 123 34 160 142 350 204 87 48 98 78 23 3 322 220
159 20 1352 65 71 78 96 71 94 132 29 248 140 163 91 127 98 77 58 45 50 273 161 421 221 424 273 2 24 305 158 69 84 35 63 35 52 29 18 9 4 96 39
160 20 1549 74 16 442 247 89 35 59 48 337 219 98 20 56 66 22 62 5 33 344 177 168 121 287 190 49 15 65 38 162 147 112 21 184 145 36 49 114 25 395 236
161 20 1482 174 57 287 192 123 49 42 38 397 226 166 103 390 226 41 56 151 53 47 35 255 111 150 137 70 66 28 42 55 51 10 4 240 158 78 28 223 159 38 8
162 20 2087 134 43 11 2 228 164 105 104 94 67 182 91 519 310 546 327 322 214 11 17 91 74 125 113 329 194 16 51 177 137 291 155 29 33 453 277 320 200 192 107
163 20 2044 438 230 36 40 299 185 149 54 143 99 261 153 48 34 366 198 38 41 153 52 104 25 349 199 390 258 101 37 26 68 598 343 346 218 214 111 10 60 19 36
164 20 1453 73 66 259 159 79 62 41 5 51 83 43 27 56 39 103 41 101 48 333 217 186 78 392 257 120 119 145 45 247 130 25 24 142 128 47 24 228 142 236 154
165 20 1616 502 303 61 3 98 105 1 4 97 70 80 100 34 78 154 44 93 54 112 73 17 52 384 199 267 121 226 139 119 116 346 192 2 57 200 133 224 108 215 125
166 20 1322 218 127 93 79 129 100 67 79 155 116 16 6 82 38 16 45 95 44 173 108 271 157 151 61 164 56 141 135 46 80 62 87 1 49 7 26 67 26 690 425
167 20 1369 45 11 149 63 181 65 281 160 14 29 171 148 149 49 115 29 165 90 128 49 102 102 309 218 36 16 52 58 149 62 94 87 286 176 107 27 163 84 42 12
168 20 2364 372 206 80 42 516 334 355 232 487 292 83 83 417 275 387 268 134 47 49 85 72 57 61 75 118 49 207 79 145 49 493 274 120 80 431 275 74 30 127 28
169 20 1332 63 30 351 177 296 171 21 15 53 84 149 115 134 77 310 162 286 209 10 18 155 129 23 26 34 58 150 50 159 94 101 73 225 125 8 12 79 21 57 65
170 20 1283 54 77 98 11 38 19 46 82 43 8 136 50 290 178 277 188 192 162 99 38 108 116 39 26 139 41 260 116 4 15 115 111 293 196 179 93 62 15 94 80
171 20 1267 139 84 23 33 357 210 32 49 96 56 110 53 38 3 181 135 37 64 77 92 46 83 177 146 321 233 209 114 1 35 138 110 208 145 1 12 270 157 74 15
172 20 1750 302 174 97 24 205 111 4 34 91 22 108 66 214 93 23 47 72 79 199 159 248 117 197 73 227 163 585 361 263 198 299 212 38 24 3 22 53 88 273 127
173 20 1816 68 41 361 246 263 115 45 38 286 200 300 183 351 213 221 148 200 150 282 167 244 143 37 30 239 128 25 34 281 157 80 20 32 22 132 87 162 112 24 48
174 20 1951 498 271 52 75 172 95 8 60 5 19 561 348 246 146 159 49 85 39 64 26 209 128 439 240 100 46 122 30 463 308 50 23 33 25 378 211 172 125 86 93
175 20 1386 182 138 124 94 57 57 356 238 163 114 125 128 90 64 219 168 136 119 28 49 225 92 123 121 37 7 15 53 357 221 49 19 180 137 27 72 81 53 199 158
176 20 1982 414 230 546 314 206 87 55 85 492 308 111 26 194 148 66 5 291 143 23 20 25 44 9 57 110 107 41 43 199 120 361 251 125 121 201 99 235 129 260 142
177 20 2010 10 59 390 221 290 171 177 95 130 51 56 63 241 105 583 345 403 275 79 25 305 204 309 149 178 58 84 10 108 21 7 58 451 260 184 68 17 7 19 30
178 20 1894 131 104 303 151 591 349 169 75 35 18 304 201 354 226 148 123 374 190 14 47 30 46 345 229 16 67 146 91 147 74 33 23 119 32 20 36 294 203 215 132
179 20 1351 200 91 129 89 395 243 46 4 21 18 16 48 13 3 201 144 10 64 139 118 158 47 93 93 93 71 13 8 299 186 82 93 280 209 232 125 26 24 257 173
180 20 1412 167 62 117 88 43 20 55 78 97 39 65 74 141 133 90 26 145 38 116 47 158 126 70 15 533 317 125 43 223 167 219 162 33 64 40 39 225 181 163 87
181 20 1560 50 28 42 10 119 51 341 198 275 137 339 234 30 66 156 117 211 119 17 24 238 99 112 83 175 65 121 116 31 58 164 116 93 107 119 30 55 78 433 263
182 20 1619 49 25 183 129 257 167 158 142 400 251 239 110 46 32 137 93 119 91 54 7 73 99 165 57 84 73 28 59 47 52 51 36 327 194 296 162 241 141 284 190
183 20 1742 48 82 248 164 25 64 270 183 16 68 8 49 260 141 35 5 505 332 374 261 20 64 9 47 142 47 111 32 70 70 120 32 179 112 493 325 106 65 445 254
184 20 2018 168 56 51 63 180 142 478 256 339 191 346 232 7 25 128 35 175 94 168 104 159 118 343 222 2 41 46 54 295 200 347 178 156 81 335 166 62 57 252 117
185 20 1321 233 149 28 72 246 189 25 43 208 87 95 52 75 59 3 32 55 71 144 74 657 403 31 32 201 89 241 114 42 17 5 55 6 48 52 40 64 54 232 96
186 20 1635 105 21 133 46 172 73 344 222 117 48 337 186 188 156 25 25 8 42 254 173 310 217 11 42 116 95 285 154 215 120 95 92 144 134 155 139 170 134 86 102
187 20 1085 161 140 26 58 11 22 169 93 16 10 109 46 108 37 45 63 67 79 41 5 384 211 189 73 9 59 150 66 138 118 239 140 9 47 34 62 243 121 23 46
188 20 2197 112 20 276 192 99 96 520 338 45 27 109 72 108 38 359 206 51 31 134 125 214 153 55 70 349 201 330 219 8 58 251 125 432 242 895 538 17 65 31 39
189 20 1381 218 165 450 267 70 25 75 95 86 89 94 50 79 97 21 67 145 42 368 211 244 160 73 38 87 3 140 49 9 30 80 52 129 96 321 217 70 66 4 17
190 20 1733 133 86 118 112 284 206 187 150 72 68 87 2 38 32 715 418 195 77 8 54 298 166 42 41 128 116 151 136 138 43 42 74 75 3 114 20 542 338 99 112
191 20 1422 278 151 276 155 42 63 321 212 187 74 87 26 108 54 29 7 21 62 54 3 35 27 130 68 96 90 161 119 116 95 374 212 321 208 152 117 30 21 27 22
192 20 1187 323 166 105 57 92 83 52 41 108 72 51 6 35 1 214 94 38 47 200 130 92 2 167 84 157 143 21 66 81 98 209 123 204 102 3 31 112 100 111 37
193 20 1328 80 7 329 206 35 26 254 173 231 160 332 208 84 103 98 56 119 68 76 85 146 80 33 66 84 16 68 34 46 74 10 43 73 51 402 225 34 44 122 102
194 20 1459 69 33 136 121 350 204 135 63 243 159 6 24 68 42 27 65 96 23 137 126 335 208 176 71 257 182 7 36 30 8 141 60 117 41 84 28 324 204 180 60
195 20 1052 49 47 35 2 89 8 39 72 161 97 97 35 22 52 6 52 5 41 291 181 135 105 446 300 17 53 101 87 152 109 1 26 232 146 173 149 17 34 37 24
196 20 1463 523 326 207 146 57 26 181 83 25 24 46 28 41 52 50 35 43 58 102 59 153 118 242 144 61 22 113 21 85 16 247 192 83 40 234 117 211 150 222 165
197 20 1474 47 26 34 48 34 32 275 202 113 22 104 110 301 159 105 101 321 226 415 219 7 30 128 116 27 13 166 139 73 22 154 86 300 199 224 94 49 70 72 97
198 20 2424 173 82 146 131 288 193 400 218 193 120 325 206 170 56 315 208 347 216 244 188 84 76 376 216 533 341 32 53 308 160 257 122 76 82 75 79 392 228 115 57
199 20 1550 210 138 37 73 210 133 154 102 116 74 91 15 151 91 50 55 291 146 45 40 322 229 96 62 332 207 114 23 167 126 76 97 12 7 278 191 160 95 189 152
200 20 1385 185 141 58 49 732 452 205 132 45 74 96 34 113 98 100 71 7 56 78 52 29 28 7 29 22 53 245 116 113 67 91 47 286 176 141 84 7 19 211 137
201 20 1769 334 228 121 97 24 32 58 67 291 208 19 49 25 18 99 42 268 171 342 204 58 55 382 227 162 72 43 31 30 23 365 226 307 213 2 47 497 320 111 22
202 20 2016 490 315 709 421 305 197 85 22 110 85 47 14 23 45 264 170 15 22 188 106 149 102 196 87 123 112 379 263 227 133 141 127 78 16 188 93 143 49 172 118
203 20 1785 54 8 22 40 310 151 29 67 138 73 293 170 122 95 461 263 83 80 401 266 126 94 53 83 98 28 79 101 528 291 169 54 165 100 46 66 272 207 122 86
204 20 1925 162 85 89 15 589 343 388 255 61 16 82 99 105 34 316 165 97 60 141 44 181 129 320 153 1 33 124 112 496 299 203 133 183 120 114 89 110 81 88 80
205 20 2119 361 244 357 233 276 179 166 84 91 6 390 208 190 139 159 126 11 6 60 18 115 73 451 261 75 64 48 13 405 251 194 106 235 132 244 190 386 204 25 60
206 20 1435 224 165 47 76 82 10 113 27 87 74 165 87 129 31 69 70 426 289 220 100 77 48 65 51 23 13 76 24 304 183 159 133 313 208 41 67 147 115 103 24
207 20 1814 144 117 26 31 144 62 350 222 1 54 100 97 226 94 410 215 572 362 53 19 172 107 162 56 226 148 14 24 179 125 52 8 152 113 498 322 134 125 14 13
208 20 1869 278 170 277 152 243 105 15 43 186 77 396 274 474 292 345 230 178 156 467 272 51 12 256 118 51 10 6 46 182 148 6 12 21 6 52 16 46 72 209 144
209 20 1930 29 7 163 85 19 47 229 134 39 6 346 219 73 67 227 120 250 146 125 28 492 309 187 73 345 245 14 35 71 46 43 27 256 136 330 201 369 259 254 185
210 20 1143 44 17 273 163 117 86 1 37 260 178 39 41 77 44 14 7 254 188 359 241 159 63 59 49 206 150 57 38 6 62 65 7 13 4 93 40 64 17 126 120
211 20 2131 34 65 239 174 57 9 79 24 122 103 81 86 12 51 35 78 173 146 171 53 638 386 304 146 29 28 409 214 408 252 67 95 577 351 355 246 151 133 322 191
212 20 1496 331 165 66 94 2 58 231 139 122 28 393 246 293 141 12 31 339 228 18 24 8 50 246 115 126 47 44 82 276 173 17 67 55 54 35 3 104 30 275 198
213 20 1692 35 54 80 61 364 205 274 178 47 66 304 156 77 31 133 63 264 193 496 270 61 4 85 80 4 8 307 193 118 38 17 29 311 225 124 75 142 34 142 128
214 20 1890 386 208 252 132 407 276 105 71 318 157 135 56 298 138 207 153 21 67 299 197 353 215 239 170 121 52 5 58 39 3 47 48 11 11 395 270 140 118 3 43
215 20 1013 21 49 89 68 103 102 37 4 5 7 92 70 19 14 196 124 166 141 94 59 10 3 119 33 14 62 262 175 171 80 43 55 62 38 164 69 140 99 220 167
216 20 2073 540 320 291 142 58 49 151 139 10 31 392 239 91 42 143 118 55 44 255 163 124 121 76 33 48 10 76 52 112 121 557 357 383 251 43 83 684 393 57 39
217 20 1604 293 189 192 68 402 224 303 221 113 54 22 48 67 56 79 49 42 28 30 53 280 150 144 48 98 64 96 33 167 66 119 62 323 197 242 103 3 54 193 91
218 20 1841 297 211 102 73 341 236 263 126 40 72 538 317 631 389 29 59 228 173 188 153 134 44 119 50 84 46 60 88 57 56 134 75 253 111 64 22 67 76 53 61
219 20 1464 213 157 73 24 149 62 112 69 35 32 124 48 75 6 9 44 283 199 141 81 450 289 39 66 75 91 254 140 127 43 370 193 43 54 29 37 214 150 113 76
220 20 1600 33 46 40 62 321 153 92 30 22 38 183 78 77 5 122 56 151 59 418 229 200 110 548 352 180 108 28 9 54 75 213 139 146 41 12 46 207 121 154 84
221 20 1188 111 29 118 22 2 27 89 103 57 4 87 86 36 74 87 64 95 89 102 84 77 31 281 175 109 14 12 46 260 138 72 93 336 200 97 75 225 141 123 68
222 20 1730 22 54 14 58 389 220 349 190 234 119 324 208 69 68 56 51 183 90 162 98 82 52 76 22 462 255 150 46 29 38 285 149 93 83 322 167 61 64 99 58
223 20 1727 103 46 189 92 73 70 5 47 309 151 190 115 105 97 6 31 174 150 329 181 270 124 143 40 299 200 48 59 25 46 414 257 368 210 225 121 102 44 78 42
224 20 1595 580 371 123 87 103 104 7 13 85 72 290 171 18 67 4 25 205 82 64 6 63 60 110 99 140 45 6 54 405 221 39 34 460 279 44 75 68 62 376 254
225 20 1956 126 39 57 63 349 226 377 218 61 8 156 109 222 98 153 142 373 214 53 53 119 94 3 50 323 198 40 76 304 168 271 146 519 289 132 92 215 132 60 13
226 20 1773 13 51 112 18 8 47 395 239 414 259 1 38 217 92 404 271 83 67 285 144 5 37 248 171 202 108 447 298 76 46 40 44 376 251 27 73 55 85 139 78
227 20 1434 100 100 271 192 144 39 301 190 78 76 257 132 27 59 136 67 30 43 168 114 113 116 111 27 153 91 150 114 92 32 126 25 148 83 275 188 56 75 133 38
228 20 2133 360 180 137 52 153 58 183 97 90 19 166 54 428 275 19 9 490 275 59 4 197 154 175 103 225 128 70 81 113 16 107 92 231 102 380 241 114 105 569 316
229 20 1753 397 215 268 197 417 233 124 113 129 68 18 62 16 26 26 46 331 215 287 176 313 159 15 31 30 67 116 104 206 96 149 75 225 153 130 108 135 67 174 150
230 20 1909 4 56 298 206 96 35 235 107 19 58 188 87 69 67 172 101 104 16 100 49 169 84 147 61 69 3 408 229 327 201 129 113 310 219 498 307 39 60 437 243
231 20 1800 278 195 100 88 145 86 156 125 189 88 33 68 39 58 74 21 417 263 485 273 176 65 20 19 26 50 36 79 303 158 85 54 369 189 342 179 325 227 2 44
232 20 1426 516 337 66 53 176 88 116 17 253 183 230 131 122 73 48 81 6 5 105 95 5 49 330 192 156 50 263 151 99 61 17 30 40 13 91 47 115 111 99 104
233 20 1740 28 37 249 120 42 35 379 236 59 30 106 110 13 20 89 49 259 148 121 21 147 70 27 36 237 136 256 115 105 56 503 315 351 191 102 31 157 103 250 138
234 20 1483 49 8 20 14 120 91 121 85 215 119 63 88 319 213 5 14 108 66 202 105 172 66 374 249 203 119 3 27 183 94 250 116 183 108 118 106 218 95 40 45
235 20 1576 215 159 66 78 405 217 34 12 151 99 61 22 86 99 502 299 22 69 126 37 44 45 318 168 71 72 16 19 187 107 43 23 222 90 362 212 55 29 167 95
236 20 1174 60 89 180 156 22 62 155 135 229 127 424 224 106 31 156 84 92 105 157 95 30 51 152 138 131 33 49 62 97 68 44 75 61 44 7 62 158 62 38 24
237 20 1792 600 381 67 78 217 128 165 62 50 13 147 72 230 129 221 129 284 156 111 118 138 102 37 53 48 55 284 155 138 49 337 213 388 258 41 15 31 47 50 59
238 20 1412 176 120 129 42 142 56 18 41 102 42 283 139 52 32 7 26 17 53 193 149 20 12 554 322 196 155 301 190 75 52 218 169 92 2 9 6 194 72 46 19
239 20 2494 525 297 57 65 248 118 181 145 561 348 553 357 189 140 252 128 305 199 632 381 153 73 86 13 6 22 154 91 76 20 170 89 178 129 251 170 280 185 131 117
240 20 1851 2 12 182 106 345 198 408 262 216 90 475 270 236 149 34 53 306 213 353 179 40 75 254 184 264 183 90 62 108 97 56 37 110 58 26 32 112 65 85 36
241 20 2148 201 112 495 275 123 95 56 58 235 158 257 138 168 96 63 87 73 44 263 121 77 46 428 279 64 3 425 265 514 333 233 177 303 189 157 68 10 13 151 139
242 20 1585 121 111 16 1 283 130 93 43 70 14 77 65 208 92 30 31 132 57 318 195 32 27 127 129 256 119 64 62 15 7 101 83 159 111 300 144 193 110 576 324
243 20 1363 535 314 111 112 71 88 2 26 192 113 460 302 134 127 151 104 58 44 225 170 77 28 11 5 40 80 33 28 5 39 109 83 124 115 93 76 200 108 95 100
244 20 1753 234 180 211 136 173 59 409 241 249 190 240 167 125 90 71 94 174 151 135 73 151 59 391 250 3 56 374 213 29 45 45 45 126 67 164 115 100 65 103 38
245 20 1970 160 93 138 116 151 80 99 6 139 36 166 113 173 82 515 288 283 132 53 10 363 186 458 273 75 52 80 9 34 18 283 191 7 20 188 144 525 333 51 27
246 20 1386 92 10 223 120 147 90 107 66 260 119 225 123 42 16 174 102 55 45 96 5 214 134 107 27 8 42 60 81 134 129 138 46 152 111 265 149 146 72 127 27
247 20 1436 290 201 136 67 109 99 133 85 76 20 273 182 29 16 188 114 162 108 396 260 137 62 3 20 130 98 69 46 5 58 31 24 304 210 230 178 7 32 165 69
248 20 2084 310 218 451 300 293 175 8 30 53 42 373 213 125 45 370 217 255 117 50 25 61 47 287 182 10 64 86 49 213 116 201 157 188 135 500 289 307 186 28 42
249 20 1149 140 130 300 166 93 9 289 134 179 142 17 34 25 72 69 64 118 69 61 30 235 134 27 66 38 79 91 1 70 56 36 73 6 15 80 61 74 54 350 180
250 20 1290 8 22 15 21 66 48 213 128 69 58 119 31 33 18 27 30 111 77 252 174 185 121 109 23 132 125 50 51 93 91 196 145 290 169 371 189 228 110 14 31
251 20 1516 94 77 212 173 71 86 198 144 122 82 152 50 49 4 268 178 42 67 180 141 161 146 375 190 368 234 38 67 50 4 253 182 123 65 38 73 186 82 52 16
252 20 1442 114 75 28 67 239 112 515 319 121 94 44 33 119 73 47 41 9 39 98 17 66 25 503 276 70 17 75 54 86 10 122 104 218 156 18 31 117 119 275 156
253 20 1655 371 234 165 60 133 118 88 101 66 50 94 104 101 112 330 235 488 278 149 105 87 26 61 56 278 200 5 55 76 70 320 215 185 84 117 71 24 25 173 148
254 20 2024 30 52 409 227 141 99 253 173 90 5 76 33 311 228 124 121 65 66 67 32 8 12 391 247 71 83 106 23 261 180 521 296 190 107 210 87 58 80 666 406
255 20 1941 84 37 155 79 171 70 233 139 226 105 205 124 167 96 292 175 212 150 88 100 23 46 178 119 7 26 347 184 269 189 122 39 138 91 155 77 413 265 398 249
256 20 2162 487 319 10 14 137 97 69 53 205 126 124 115 35 61 508 276 64 44 224 166 433 252 229 157 385 203 152 117 477 293 47 48 437 270 86 31 147 95 69 68
257 20 1436 88 97 206 143 361 199 232 143 299 142 107 73 49 29 51 28 1 4 6 27 24 17 333 177 135 105 195 142 81 59 156 61 17 34 148 50 324 234 59 80
258 20 1960 179 128 176 124 217 146 43 73 300 196 272 175 52 17 188 140 605 379 57 87 131 28 181 72 428 280 278 150 353 175 180 64 26 53 33 56 211 160 10 5
259 20 1625 48 78 13 62 210 173 203 123 96 46 49 62 544 303 7 15 332 184 92 60 130 45 123 55 97 11 36 25 80 93 164 128 37 26 214 171 481 276 295 154
260 20 1302 10 21 67 79 22 7 124 106 197 150 31 53 16 10 29 49 1 18 98 57 315 221 118 60 249 168 237 143 199 108 437 236 48 49 160 57 208 98 38 7
261 20 1985 305 192 14 46 210 125 149 113 214 143 282 196 201 156 74 92 89 29 230 108 179 154 372 242 284 212 188 128 264 134 162 75 43 16 222 156 137 97 351 174
262 20 1477 60 70 87 53 52 11 51 54 10 38 17 4 445 283 82 49 32 13 133 116 98 112 20 23 392 261 585 357 81 2 178 118 337 167 47 51 180 67 67 74
263 20 1744 6 4 16 10 345 198 162 131 234 102 66 53 398 270 65 32 84 38 244 111 1 49 131 60 371 247 358 220 378 246 84 50 271 153 71 85 154 130 49 73
264 20 1619 100 106 104 109 82 12 293 208 263 175 217 134 23 70 210 156 46 9 97 104 46 46 103 46 327 161 178 145 148 59 424 242 12 43 110 112 92 64 363 236
265 20 1399 102 55 486 316 139 121 57 20 163 128 227 104 203 168 82 101 104 75 25 43 91 7 19 41 10 17 169 57 57 39 304 149 200 158 42 22 83 4 236 149
266 20 1584 16 50 511 318 244 154 11 8 35 69 35 47 52 27 5 55 299 164 181 152 31 28 536 331 177 106 11 14 77 34 474 261 199 123 63 21 211 107 1 40
267 20 1198 142 43 184 92 108 114 7 9 262 132 4 13 285 189 62 58 152 59 37 4 54 83 45 65 36 53 97 23 205 103 269 184 281 175 29 42 76 25 61 39
268 20 1626 4 59 333 196 113 16 532 347 75 10 142 97 128 38 29 13 281 167 253 129 40 71 97 61 41 60 33 13 70 3 105 87 239 164 369 189 17 23 352 184
269 20 2003 19 17 119 38 200 149 85 29 109 101 288 190 462 280 303 166 141 131 102 57 355 208 371 189 306 187 39 35 10 47 271 157 31 47 134 30 260 148 402 241
270 20 1952 34 5 82 15 158 60 74 24 227 104 456 304 87 85 227 164 31 52 265 155 302 208 198 91 124 46 595 334 12 54 179 137 198 153 421 242 160 118 75 63
271 20 1203 350 214 62 71 55 61 49 70 43 69 55 66 160 114 46 46 88 106 38 62 311 208 19 36 63 65 297 216 189 156 2 7 71 92 226 128 37 41 246 154
272 20 1866 141 91 142 36 56 9 3 61 276 191 106 16 136 67 148 57 78 52 127 25 11 27 519 301 185 129 267 195 57 90 214 165 192 81 273 190 733 429 69 57
273 20 1494 188 160 112 95 146 89 7 18 341 238 42 25 270 129 45 8 17 57 96 44 446 250 63 85 534 321 307 188 12 19 199 162 7 34 1 52 132 48 23 48
274 20 1398 5 58 66 40 239 162 59 37 51 18 230 117 12 29 53 8 7 54 63 91 41 26 410 250 156 80 95 105 313 148 326 176 131 130 358 244 84 3 97 51
275 20 2041 673 409 66 26 356 228 52 33 85 49 180 104 340 165 252 125 95 58 101 60 207 97 154 56 349 223 257 128 215 138 439 268 3 52 51 17 201 89 7 21
276 20 1548 216 114 249 167 92 63 282 162 105 29 16 68 297 142 155 122 123 63 195 71 18 47 84 84 57 87 124 90 5 23 144 114 325 234 506 314 49 28 54 13
277 20 1484 76 10 177 152 70 3 207 157 203 118 142 101 86 71 58 12 49 13 33 39 255 140 208 100 6 54 546 355 133 42 111 15 116 64 181 101 250 154 61 77
278 20 1539 360 233 516 323 1 12 25 71 102 21 105 32 252 143 80 96 217 96 265 153 185 63 142 82 23 48 235 116 139 80 85 3 23 1 33 77 215 153 75 33
279 20 1422 237 157 1 44 251 148 3 47 28 28 277 157 196 125 84 63 222 158 30 70 184 150 262 180 101 65 2 26 31 39 68 6 60 46 82 11 219 135 506 323
280 20 1645 178 86 65 19 342 171 39 61 239 181 154 132 265 124 58 74 129 117 57 53 135 30 389 270 51 46 282 143 98 42 46 18 117 65 247 162 23 60 376 235
281 20 1925 169 145 130 66 77 95 138 51 258 167 481 260 4 24 59 89 78 80 67 61 63 31 312 177 52 74 277 160 296 178 169 114 370 252 66 25 291 205 494 274
282 20 2386 283 154 14 68 267 197 164 73 40 7 41 70 434 264 107 47 477 304 60 23 258 132 57 27 191 148 599 347 457 299 309 169 93 90 14 43 260 193 648 381
283 20 1902 41 16 463 287 469 290 80 24 395 256 8 28 60 19 181 112 44 50 279 191 107 88 119 94 191 145 120 38 81 57 374 189 218 149 329 177 113 27 133 57
284 20 1848 42 68 490 269 155 126 8 43 14 19 8 18 121 46 526 338 315 161 267 181 85 72 146 84 9 65 425 249 188 91 535 335 86 12 183 63 7 24 86 92
285 20 1376 80 31 263 192 143 113 252 165 105 28 33 40 137 127 74 95 43 45 104 104 288 140 159 87 193 68 90 61 162 83 34 29 283 152 69 87 99 97 142 90
286 20 1295 46 80 15 28 78 95 330 168 23 30 71 79 11 12 81 69 128 76 192 111 155 128 375 249 279 140 27 74 115 108 178 126 63 72 215 139 90 2 118 86
287 20 1757 347 181 187 126 209 114 13 57 197 82 192 67 51 11 538 350 75 46 27 29 50 31 249 106 73 4 367 184 206 96 46 19 134 119 399 241 97 20 58 85
288 20 1629 677 420 49 37 195 114 19 54 297 199 15 34 70 69 121 49 288 137 139 114 148 63 552 318 58 88 6 32 147 102 8 27 78 19 307 222 5 29 79 14
289 20 1373 78 64 22 53 87 79 58 68 111 73 7 24 87 80 127 123 49 21 81 100 49 4 365 205 168 141 195 153 240 150 83 93 10 60 89 19 125 83 715 425
290 20 1818 147 90 191 136 271 166 99 38 33 32 263 188 309 152 138 76 256 147 85 31 110 101 83 63 27 54 389 211 64 42 441 283 77 74 10 32 388 249 255 133
291 20 1269 105 99 27 21 166 64 1 24 4 8 101 9 145 78 51 76 144 74 183 116 75 92 93 93 623 381 200 158 23 22 54 56 18 51 309 227 143 94 73 70
292 20 1893 166 82 310 207 24 57 10 6 62 81 92 96 48 32 72 82 281 192 177 132 688 407 91 1 114 33 236 97 155 71 26 35 678 391 233 157 46 66 277 163
293 20 1800 26 68 34 57 248 136 413 277 65 80 526 335 102 51 210 173 260 143 148 67 590 352 22 31 84 88 369 197 75 20 48 46 130 93 35 65 200 129 15 14
294 20 1585 3 27 81 65 432 237 32 16 354 239 47 2 20 54 142 118 412 231 110 103 2 16 29 61 262 175 424 248 333 189 78 100 235 121 118 52 21 60 36 66
295 20 1391 78 14 405 220 103 20 308 155 142 112 123 52 22 58 7 59 59 62 104 24 142 77 47 21 110 93 29 23 193 83 227 177 28 44 273 203 156 119 227 98
296 20 1612 227 112 380 237 71 50 40 42 389 248 288 181 27 63 54 48 14 43 72 63 178 62 160 130 33 26 43 82 184 63 106 20 360 245 284 159 164 120 150 100
297 20 1489 468 309 150 53 406 235 235 126 86 26 259 194 38 39 169 71 42 74 82 77 274 198 88 81 87 16 96 16 146 67 177 153 93 91 67 93 5 53 11 57
298 20 1930 80 7 237 112 157 120 197 78 7 39 48 37 229 105 360 254 11 50 182 103 271 184 251 115 321 187 184 146 129 79 294 189 207 159 229 110 118 86 349 209
299 20 1834 164 92 106 87 63 35 244 120 60 30 188 158 8 41 103 79 4 61 19 30 441 245 81 44 407 225 275 124 373 217 216 84 295 172 162 82 445 261 14 54
300 20 1353 245 166 44 83 46 20 125 44 33 74 463 294 40 74 10 3 51 4 122 64 5 6 2 3 51 64 162 102 113 59 50 4 502 324 413 277 14 22 215 133
301 20 1934 181 97 390 209 145 100 194 90 32 56 221 138 223 107 21 44 319 219 200 90 21 41 121 115 169 70 502 316 56 61 469 313 25 49 261 133 270 157 48 18
302 20 1700 365 185 144 78 46 40 259 124 344 238 146 129 90 89 285 147 68 14 248 154 117 68 35 54 83 30 137 57 345 210 255 169 258 196 31 44 123 89 21 6
303 20 1210 44 8 342 228 5 32 268 193 80 24 472 272 78 43 23 43 192 156 61 33 86 41 87 47 40 72 14 26 85 38 38 64 72 74 306 187 104 87 23 67
304 20 2028 32 16 93 19 155 62 47 35 329 217 466 299 513 304 93 75 219 113 177 57 46 45 28 35 317 185 329 176 78 31 187 84 466 257 119 73 50 60 312 222
305 20 1968 3 32 201 127 80 71 134 98 124 89 196 151 305 166 212 114 86 53 485 275 363 210 48 14 55 32 57 36 87 48 355 180 499 280 163 112 434 269 50 47
306 20 1560 42 36 11 16 56 35 37 54 190 142 22 54 457 267 605 342 24 42 3 8 169 73 44 8 202 113 464 290 11 26 246 169 83 24 38 47 17 54 400 207
307 20 1604 75 27 59 33 135 125 156 115 364 226 75 78 99 94 316 207 39 16 290 180 143 75 124 111 291 194 31 73 47 59 397 258 244 128 218 87 7 27 99 78
308 20 1500 344 238 269 195 61 21 96 107 20 52 39 73 108 36 312 179 6 55 599 354 17 18 154 44 89 67 243 166 9 61 261 131 63 72 267 138 36 22 8 52
309 20 1595 42 35 116 89 140 81 143 99 364 188 515 320 44 37 6 55 129 123 429 249 77 79 83 50 213 106 68 13 154 121 21 4 98 84 299 161 189 102 61 74
310 20 1571 169 59 219 88 69 4 280 145 159 74 243 163 441 258 160 134 124 25 520 293 10 23 38 12 133 50 154 106 29 43 101 34 36 28 7 17 34 23 217 84
311 20 2109 200 160 80 34 119 77 304 184 354 233 258 141 86 94 106 61 330 179 58 45 93 6 223 176 90 41 439 233 62 74 128 29 683 392 138 94 289 199 178 137
312 20 1201 102 32 36 56 191 145 161 123 127 117 98 7 135 60 46 46 41 38 17 7 335 238 119 61 185 135 33 3 234 175 203 119 49 28 101 108 34 53 156 49
313 20 1939 58 80 64 82 507 293 20 65 164 142 15 8 96 48 257 143 43 25 175 95 61 49 362 209 90 81 251 119 232 173 233 132 628 355 73 63 360 192 190 75
314 20 2109 468 285 121 101 219 134 266 184 261 170 102 114 264 126 178 71 210 80 26 70 331 159 27 72 366 257 94 68 71 57 524 316 165 89 150 135 299 222 77 46
315 20 1446 204 144 1 40 40 81 394 209 506 277 22 55 93 105 66 54 38 74 33 43 4 40 103 36 253 168 70 36 113 60 475 288 167 59 127 70 90 2 94 15
316 20 1760 340 231 40 37 199 72 157 76 352 184 344 179 334 211 362 238 176 116 49 70 145 83 62 86 126 122 39 11 144 89 62 25 90 78 44 12 64 72 392 272
317 20 2076 96 31 285 138 48 82 11 21 8 1 580 350 776 466 339 225 132 82 232 142 2 24 120 59 208 160 196 114 252 121 165 97 54 61 50 82 84 35 514 310
318 20 2042 332 213 146 112 104 112 257 126 342 237 126 123 172 105 54 15 74 51 119 105 130 65 405 264 21 69 115 112 433 274 125 53 175 113 466 254 359 193 130 49
319 20 1967 307 203 265 183 242 129 62 58 350 239 117 90 10 5 54 27 458 244 99 96 576 358 71 12 167 130 763 457 137 51 120 32 48 24 40 40 35 30 14 64
320 20 2070 483 317 523 336 18 33 47 78 280 148 561 334 153 42 23 69 89 105 74 76 72 4 141 85 175 120 31 22 167 114 541 350 103 37 317 204 159 102 183 93
321 20 1467 200 130 464 285 351 241 139 110 37 48 152 61 82 58 30 16 223 180 216 169 334 214 123 99 27 65 18 41 354 236 63 78 23 41 14 20 35 4 50 77
322 20 1369 480 295 484 319 200 83 93 51 53 3 170 70 7 41 179 58 164 130 17 55 4 62 212 154 22 24 113 83 63 53 86 8 122 114 99 49 125 95 46 76
323 20 1956 240 164 338 215 261 119 34 41 264 194 438 257 301 194 109 101 168 102 135 93 67 63 19 3 291 138 367 231 363 187 29 41 47 78 112 73 52 86 278 198
324 20 1257 118 78 614 361 145 116 28 65 39 48 18 24 78 34 80 69 32 58 69 90 34 58 345 241 89 29 96 17 272 151 79 21 97 107 16 50 196 133 69 22
325 20 1828 90 66 82 63 138 46 356 251 117 52 105 79 94 41 369 205 152 88 314 150 291 190 72 32 300 174 137 131 232 134 16 43 83 73 80 83 249 193 379 235
326 20 1315 194 147 61 89 28 30 73 26 72 25 50 35 48 49 127 103 107 63 125 83 42 23 111 40 311 228 449 273 139 99 146 63 242 191 38 77 148 66 119 106
327 20 1591 100 88 434 251 17 52 147 79 52 57 92 83 61 10 55 20 11 5 89 102 106 59 49 74 532 306 149 110 558 336 159 111 121 117 147 56 240 140 64 71
328 20 2009 207 118 240 125 451 258 183 133 110 77 31 4 95 14 99 60 33 61 84 51 346 185 302 180 265 183 480 276 82 46 35 50 340 196 75 12 421 260 140 37
329 20 2128 64 55 273 174 462 256 109 93 369 207 166 104 146 111 81 79 130 68 26 8 226 110 277 171 554 336 146 130 195 156 175 122 132 68 57 6 646 393 23 45
330 20 1596 204 78 44 73 125 98 205 157 218 126 26 8 255 125 67 63 252 122 44 25 20 1 122 107 414 233 78 70 66 34 12 7 577 358 188 149 57 82 219 141
331 20 2224 47 24 267 129 140 99 377 220 111 109 604 347 94 95 221 127 369 257 29 40 607 353 89 100 66 51 465 310 70 69 13 32 245 156 106 112 330 191 199 104
332 20 1732 75 88 26 54 59 27 512 323 303 145 37 25 426 268 113 54 385 255 128 57 125 96 14 58 148 46 110 68 76 87 8 8 406 224 223 179 133 118 157 128
333 20 1215 75 88 158 136 204 103 54 72 6 49 41 75 132 46 244 187 159 99 143 35 90 53 142 97 170 116 44 35 3 7 172 65 163 67 113 95 257 151 61 69
334 20 1849 189 121 455 258 90 94 387 221 11 32 32 9 7 30 431 226 22 28 291 145 129 32 134 101 48 70 67 75 90 57 100 113 224 178 614 349 124 45 253 171
335 20 1749 85 8 45 66 45 30 253 162 148 99 25 46 192 163 257 187 63 76 105 103 177 111 118 95 136 42 148 118 202 151 72 18 701 421 20 52 443 283 264 191
336 20 1741 209 113 78 47 93 11 112 22 164 100 265 159 198 76 355 189 77 24 318 202 288 183 5 54 265 135 114 111 88 86 224 136 249 138 146 47 22 62 212 173
337 20 1980 67 81 44 52 211 105 23 35 20 50 336 182 192 120 286 167 150 98 487 319 307 220 215 163 510 315 314 187 27 26 182 93 135 34 81 17 222 92 151 78
338 20 1266 25 45 44 22 19 66 306 226 92 63 291 150 184 117 43 4 51 22 58 72 76 61 383 221 48 35 263 201 21 52 80 76 77 25 208 114 58 80 206 123
339 20 1234 24 14 381 225 40 7 10 8 356 207 252 112 70 2 95 49 121 94 42 75 123 99 102 41 163 51 296 158 15 16 108 85 102 36 16 21 72 67 81 100
340 20 1910 397 222 69 49 15 56 63 69 47 64 318 172 315 200 57 65 71 33 484 265 152 108 272 193 7 48 97 101 28 9 45 66 495 268 8 20 366 189 514 301
341 20 1546 115 79 277 162 112 113 135 71 60 91 161 86 159 107 50 60 202 139 287 185 77 1 121 93 130 76 107 84 72 19 167 113 135 48 188 70 527 300 11 59
342 20 1582 741 430 86 66 66 79 9 36 344 230 443 244 68 73 76 34 5 53 215 138 170 124 170 117 294 206 3 11 63 33 122 86 243 172 1 46 22 7 24 8
343 20 1293 92 5 60 89 44 43 193 83 103 41 148 72 198 83 91 84 109 115 45 23 27 16 245 186 77 68 31 75 209 107 2 46 478 291 234 104 80 33 120 96
344 20 1233 135 122 139 39 164 62 103 91 61 51 34 39 134 87 159 141 69 17 224 142 167 113 76 85 40 71 238 155 122 55 223 168 60 48 60 40 113 60 145 120
345 20 1706 9 43 13 54 116 83 261 162 326 211 60 43 42 80 552 312 159 136 120 96 97 21 234 147 268 187 221 123 396 258 84 94 45 2 45 15 195 93 170 105
346 20 1624 5 19 418 247 276 160 71 64 38 8 3 44 140 83 310 168 139 34 179 137 48 84 115 89 159 110 4 14 70 74 152 122 222 131 137 94 439 233 324 181
347 20 1247 153 51 74 58 10 5 61 68 15 17 45 49 24 72 77 66 210 172 29 14 7 31 287 163 12 8 192 86 580 338 61 86 64 73 41 8 134 57 419 228
348 20 1458 255 196 55 54 177 99 6 55 145 36 214 160 152 113 39 24 244 189 9 35 305 211 4 29 240 163 85 78 338 176 159 93 16 10 57 19 315 164 101 104
349 20 1680 226 141 74 91 237 171 168 144 193 159 4 40 37 74 253 159 152 105 694 413 27 42 147 107 18 37 159 123 81 70 444 282 14 31 136 46 109 84 187 66
350 20 1740 321 196 232 106 565 351 229 118 342 243 95 85 106 74 122 75 241 103 127 46 69 53 392 258 257 186 6 1 9 8 66 72 68 57 37 25 166 139 30 24
351 20 1347 437 291 45 45 269 197 317 189 112 120 112 17 86 78 171 110 245 136 30 33 103 85 322 155 40 26 44 67 48 22 90 33 123 28 54 77 24 56 23 57
352 20 1276 259 196 175 93 16 29 108 78 132 42 59 33 12 30 67 19 297 143 22 61 15 56 172 55 63 78 418 262 68 55 85 11 307 186 142 114 56 63 79 5
353 20 1280 116 65 17 58 207 110 174 140 79 101 136 134 144 65 191 113 275 180 79 32 91 102 39 64 110 79 117 104 19 35 214 120 207 88 152 66 113 15 80 63
354 20 1443 151 63 6 46 517 325 26 7 27 22 82 12 116 22 164 53 9 18 356 216 114 100 248 163 260 197 25 70 90 27 50 16 99 90 90 58 30 64 427 241
355 20 1783 185 114 89 30 100 26 400 242 484 293 122 103 10 47 165 147 342 221 131 114 47 68 40 4 657 394 65 92 56 24 250 157 8 43 40 60 46 52 330 210
356 20 2138 450 284 376 249 269 133 25 52 16 48 415 228 51 73 122 89 205 87 289 191 715 432 13 29 102 80 221 149 9 33 384 206 73 94 13 47 446 291 82 100
357 20 1550 47 54 176 70 141 62 203 151 27 70 69 57 43 43 376 211 156 86 62 87 114 33 42 82 97 87 168 105 664 393 193 136 103 92 386 197 10 11 23 6
358 20 1693 436 263 21 6 248 155 437 265 22 54 117 90 193 131 101 115 23 59 71 65 222 167 7 18 379 211 9 59 206 93 284 142 305 218 2 34 187 147 116 27
359 20 1639 267 198 32 76 335 169 96 112 56 19 27 16 62 9 409 216 378 235 215 84 127 126 31 7 34 30 11 18 155 63 167 96 34 74 346 204 318 191 179 98
360 20 1419 142 89 308 210 440 259 241 178 130 86 19 64 5 62 126 30 239 184 46 39 97 89 56 75 3 24 253 147 126 103 299 145 109 85 88 14 109 33 3 60
361 20 1539 211 79 138 116 293 147 185 74 331 230 182 68 8 35 218 144 2 41 28 58 166 147 134 32 89 35 24 8 4 1 213 120 111 98 60 85 102 9 580 361
362 20 1741 224 131 140 58 468 308 216 97 531 308 142 40 31 42 69 30 60 21 206 101 77 9 69 75 94 68 131 124 331 218 196 92 12 39 205 89 42 37 238 177
363 20 1348 74 63 97 65 60 14 167 61 84 91 214 107 33 49 408 237 31 36 52 46 208 111 132 35 109 71 30 71 112 80 17 8 604 353 237 185 27 19 1 27
364 20 1155 238 99 47 70 49 19 93 26 85 83 138 33 349 248 40 3 1 56 186 88 22 13 106 108 1 7 150 106 289 137 57 26 129 124 86 16 167 82 77 102
365 20 1529 96 32 332 232 231 105 373 197 12 27 101 9 17 27 143 65 377 231 93 78 26 24 265 160 69 69 177 64 223 151 71 82 17 6 44 12 61 57 330 200
366 20 1887 87 57 277 159 169 75 40 24 312 165 263 179 128 64 11 8 48 73 133 126 261 133 355 199 220 179 563 315 205 82 158 120 156 64 41 20 256 197 92 36
367 20 1593 13 32 123 49 23 20 36 44 233 151 198 166 326 204 75 59 7 33 230 152 170 66 64 51 442 248 68 6 8 59 242 189 85 1 382 253 46 16 416 263
368 20 1774 654 411 239 109 7 64 94 33 171 146 100 49 93 80 54 25 180 154 697 410 57 77 283 169 20 36 47 52 51 73 75 94 102 102 369 190 148 107 107 19
369 20 1710 173 154 106 79 455 295 163 96 369 248 95 15 256 184 53 13 201 119 215 122 161 139 73 2 58 33 5 24 178 92 303 215 250 144 54 13 63 23 189 139
370 20 1624 228 114 41 47 99 77 167 87 16 56 25 12 18 28 182 121 312 217 273 140 320 217 529 340 23 35 31 28 8 31 127 122 29 50 217 138 304 199 300 201
371 20 1606 224 92 269 137 242 171 36 34 301 143 121 59 59 42 78 9 232 151 242 181 199 142 104 83 62 89 255 166 180 106 111 70 110 73 233 166 140 33 14 50
372 20 1607 131 44 79 65 436 277 9 24 62 28 256 169 14 45 49 76 321 171 72 11 314 148 106 12 111 117 479 276 226 177 192 117 48 71 241 124 62 13 7 62
373 20 1270 86 48 87 53 22 70 70 92 22 32 221 121 106 29 199 146 174 84 462 282 181 142 148 84 70 48 74 30 5 31 17 26 53 62 20 2 302 211 221 129
374 20 2060 166 74 630 400 28 39 348 213 350 216 168 108 260 193 549 335 77 92 17 13 40 1 169 82 45 54 147 59 194 84 82 66 164 63 336 189 202 119 149 103
375 20 1630 250 108 44 28 109 65 164 79 182 103 458 260 188 98 395 259 91 28 48 39 20 35 147 53 176 90 28 14 267 179 12 6 43 26 286 193 350 225 3 9
376 20 2161 474 293 69 7 23 2 135 79 421 246 127 91 40 66 29 35 146 42 102 73 201 115 268 195 492 299 257 147 583 337 55 62 185 102 9 39 392 202 315 164
377 20 1027 29 7 45 35 150 91 91 100 13 58 198 72 54 2 31 57 19 54 311 215 186 79 198 140 230 93 239 153 74 85 99 52 6 5 26 58 19 48 36 76
378 20 1983 356 240 411 222 128 113 328 216 69 85 252 108 42 59 296 182 77 57 12 64 141 110 373 237 44 79 120 88 165 107 20 10 228 94 654 400 247 175 3 46
379 20 1326 189 114 165 66 195 96 1 9 267 121 161 60 153 41 2 57 304 215 288 143 1 44 210 156 204 136 14 18 84 12 86 77 17 10 32 19 10 59 269 160
380 20 1802 133 41 155 65 28 29 241 186 100 76 260 161 16 5 453 285 109 22 77 84 81 28 150 131 231 94 45 44 10 17 114 117 94 104 448 277 273 125 587 342
381 20 2740 469 274 81 25 164 72 140 122 9 8 364 219 63 66 338 179 152 76 182 120 699 422 204 79 96 44 181 126 189 96 161 77 410 279 622 386 582 330 374 256
382 20 2275 130 122 174 83 146 76 249 160 473 294 329 216 97 45 76 100 27 65 371 238 90 14 184 106 289 145 119 102 298 196 52 18 216 154 375 218 593 349 263 179
383 20 2329 64 74 111 74 96 22 2 11 36 69 465 253 371 246 16 43 524 316 49 61 591 369 165 92 94 4 321 168 123 87 142 91 202 93 12 58 561 342 713 445
384 20 1503 242 146 284 173 14 35 119 60 57 88 133 32 109 35 263 130 78 84 243 105 119 38 35 68 370 204 337 213 327 157 73 46 12 45 114 56 65 53 12 20
385 20 2363 227 124 403 271 121 113 380 197 3 3 59 69 19 40 74 91 248 133 466 280 294 164 428 252 221 146 293 165 111 86 462 303 216 166 496 317 65 59 140 106
386 20 1563 197 96 29 22 206 169 42 65 150 94 418 263 206 155 11 61 96 78 314 168 47 54 101 31 83 89 503 329 19 69 208 90 205 115 31 5 244 175 17 42
387 20 1847 235 186 85 42 166 54 75 9 286 131 186 66 9 44 215 112 341 179 24 39 75 82 514 316 529 315 175 81 62 81 126 81 38 55 208 122 326 215 20 58
388 20 1386 91 26 108 34 68 37 151 71 50 56 49 23 326 227 231 152 135 61 121 34 26 59 567 316 62 49 32 70 172 133 112 90 78 17 86 28 92 78 215 132
389 20 1435 16 60 168 100 53 35 135 82 108 116 175 77 214 131 40 7 99 111 441 256 2 4 294 155 183 138 41 45 89 87 19 30 226 174 31 4 50 23 486 321
390 20 1615 304 193 193 74 237 115 76 69 72 24 526 328 72 17 141 116 233 95 23 41 129 96 197 106 21 3 17 29 184 137 116 108 331 194 322 172 30 27 6 28
391 20 1298 410 226 3 18 13 23 58 22 244 136 15 30 615 377 442 297 156 75 7 7 131 116 16 44 120 77 40 47 21 31 167 131 57 34 5 57 9 41 67 7
392 20 1796 67 16 13 7 33 62 261 127 154 135 103 50 105 20 312 207 199 159 108 60 237 160 173 131 318 186 455 251 44 79 204 144 43 69 109 77 397 209 258 121
393 20 1705 165 62 461 307 78 58 350 203 246 176 81 67 14 45 6 27 187 122 52 36 83 101 466 256 91 15 318 226 143 41 40 49 372 204 18 64 165 117 74 32
394 20 1726 303 189 75 80 124 82 139 40 9 23 152 81 70 17 101 115 22 35 37 11 301 178 137 44 436 274 493 286 238 176 185 121 124 61 299 152 104 62 104 27
395 20 2038 388 216 261 196 15 61 347 193 190 90 53 41 370 230 448 291 413 244 273 196 76 90 232 109 220 164 10 63 222 103 15 63 28 42 63 71 223 111 229 128
396 20 1784 2 3 409 264 69 78 101 82 320 164 335 215 125 37 135 63 17 4 30 17 310 180 139 115 361 186 102 82 106 78 52 9 136 109 397 253 126 61 296 220
397 20 1669 303 189 255 135 306 192 259 186 27 46 106 43 62 11 41 12 158 111 262 183 334 194 46 48 312 170 200 106 116 45 102 49 119 94 165 97 125 115 40 9
398 20 1375 316 149 255 179 3 52 42 25 64 12 164 118 215 172 182 69 18 10 188 142 26 30 266 159 536 304 76 41 42 28 215 95 47 4 19 18 22 26 55 66
399 20 1396 65 87 217 104 217 120 180 85 114 101 153 118 397 223 127 68 156 52 68 16 29 45 11 40 8 40 205 161 26 54 82 5 32 10 221 110 307 205 177 63
400 20 1413 119 51 226 175 284 164 214 94 30 48 3 45 3 56 20 17 499 318 141 57 68 7 92 109 3 34 406 224 21 24 52 38 214 110 184 122 77 12 170 66
