1 20 2509 857 509 167 76 415 257 435 234 270 161 391 227 458 294 65 21 23 48 172 89 260 190 147 134 45 37 139 118 50 41 39 36 257 122 233 124 261 197 335 187
2 20 2011 270 192 97 89 53 47 205 117 325 227 82 64 341 211 344 194 21 29 148 69 68 96 296 179 126 68 58 81 300 154 647 370 194 122 20 6 212 92 216 129
3 20 1629 178 105 179 105 156 144 200 141 11 15 501 310 7 58 184 68 25 3 402 225 1 35 19 62 399 259 444 275 28 62 117 113 46 85 40 15 89 45 233 169
4 20 2096 212 119 203 146 203 157 69 88 290 167 134 118 222 171 214 100 211 119 46 35 22 43 250 172 34 34 138 120 425 230 384 207 549 342 76 4 233 97 277 168
5 20 1523 70 52 252 132 132 116 181 132 88 23 95 63 152 66 28 7 53 77 389 206 314 160 11 60 402 252 119 50 34 74 643 398 33 38 31 31 10 15 10 58
6 20 2077 505 304 57 61 233 143 22 46 476 286 25 14 406 215 254 179 68 4 35 6 162 80 29 57 23 57 239 139 611 381 59 77 544 329 245 138 144 114 18 6
7 20 1770 10 3 167 135 327 190 281 151 150 108 50 77 55 75 36 5 423 235 265 191 88 48 12 59 214 173 358 233 55 89 145 47 1 52 221 91 600 367 82 80
8 20 1936 106 33 82 48 353 244 331 200 378 203 3 47 106 16 95 61 486 273 52 10 121 61 326 170 363 210 32 68 85 36 54 17 178 127 347 208 252 188 122 22
9 20 1263 5 60 43 79 189 72 63 52 188 70 124 106 40 77 88 58 49 19 133 32 152 129 122 93 61 28 83 54 161 65 117 47 275 169 192 106 326 201 115 32
10 20 1935 313 213 363 218 290 185 19 48 586 355 50 46 22 20 318 166 60 92 226 123 136 35 177 94 275 163 94 105 339 180 161 85 62 71 3 34 138 76 238 175
11 20 1887 103 10 288 197 176 89 175 82 136 37 37 30 97 60 260 116 364 248 158 118 12 38 40 47 132 121 221 94 376 222 288 191 451 273 138 108 121 26 202 159
12 20 2407 18 65 327 158 9 23 394 261 375 238 203 163 20 52 233 146 139 45 186 83 432 273 188 84 883 535 57 10 49 71 312 150 206 90 283 156 117 120 383 201
13 20 1599 16 67 257 125 48 11 5 42 83 44 190 148 623 358 208 131 146 55 82 25 287 185 5 29 113 95 105 20 157 110 180 147 183 107 113 79 113 51 284 205
14 20 1876 466 267 724 421 19 45 26 38 232 159 142 70 55 3 53 88 194 111 4 7 359 183 336 165 43 29 150 140 21 55 395 242 110 75 229 116 96 87 99 79
15 20 1938 46 23 499 289 163 133 383 243 99 44 272 191 58 51 118 58 324 230 199 165 83 13 372 242 143 48 7 52 200 85 30 9 136 51 41 22 518 318 186 124
16 20 1597 203 151 127 70 125 112 102 89 45 1 110 84 181 128 67 10 200 144 40 48 259 198 48 20 95 72 548 343 36 22 635 383 60 56 238 171 39 11 36 38
17 20 1799 759 453 24 37 144 60 211 99 66 89 177 118 381 244 54 55 5 18 71 77 164 57 117 100 47 22 32 25 338 171 305 205 275 156 177 141 41 68 211 108
18 20 1837 50 47 278 151 89 49 271 149 357 197 254 137 45 2 43 22 361 209 200 143 307 143 51 34 27 56 10 39 90 15 365 192 271 134 209 173 172 60 224 134
19 20 2073 212 101 652 376 62 13 1 45 291 136 73 56 253 180 222 107 311 191 223 158 5 60 307 219 236 131 163 48 236 103 241 156 222 171 99 111 17 61 321 190
20 20 1640 203 142 128 110 34 73 366 217 325 224 108 21 19 63 404 254 57 11 234 157 50 68 263 188 102 29 149 65 383 225 88 11 172 104 41 44 53 8 102 79
21 20 1755 290 136 64 23 202 149 467 287 159 102 118 120 132 115 431 240 59 41 73 66 27 59 71 92 39 39 379 240 92 31 431 287 21 40 252 179 155 65 48 33
22 20 1273 119 118 101 93 67 21 60 70 366 195 165 96 35 13 3 36 229 161 4 36 107 105 97 78 120 70 82 79 205 101 229 117 112 90 262 174 156 131 28 14
23 20 2083 95 92 47 66 106 81 270 155 52 74 54 6 307 226 545 351 166 144 515 312 472 307 242 175 36 29 118 95 41 25 169 88 188 72 84 63 446 275 214 146
24 20 1523 233 177 131 73 161 96 230 104 98 12 146 94 379 233 114 119 49 57 54 9 62 10 180 67 36 6 68 56 6 6 312 216 151 93 82 27 169 120 385 222
25 20 2048 441 259 100 71 379 223 366 249 56 1 173 61 184 120 99 98 164 52 420 232 70 38 2 42 196 81 75 32 325 211 455 263 297 158 17 6 247 174 30 19
26 20 1833 34 35 723 424 82 46 80 97 14 27 209 171 75 43 274 128 670 389 44 47 113 99 219 162 123 78 156 129 53 61 335 234 20 11 28 7 254 137 160 98
27 20 2351 11 22 185 105 24 70 115 73 418 280 357 198 52 11 92 8 203 126 352 212 602 376 159 126 220 93 69 50 43 51 239 186 507 314 56 6 512 280 486 304
28 20 1789 480 269 15 20 52 52 24 28 568 360 26 37 147 58 269 124 382 233 336 188 143 120 294 169 112 83 89 65 43 74 44 50 169 65 8 59 135 116 242 168
29 20 1579 99 70 87 45 47 85 597 353 6 24 48 84 384 249 78 23 4 15 110 58 110 62 38 59 65 69 82 101 155 121 109 40 243 179 514 280 340 243 43 7
30 20 1541 298 162 23 18 51 77 8 28 92 18 34 5 149 72 294 214 460 249 31 34 166 147 181 62 284 151 278 202 65 40 69 38 342 210 107 68 44 60 106 77
31 20 2091 284 194 35 25 55 70 10 22 290 140 381 231 118 81 381 217 479 266 31 23 51 17 272 132 84 50 476 312 179 140 6 7 144 95 374 190 531 297 2 60
32 20 1561 133 43 72 90 31 55 202 86 200 119 270 187 22 1 38 60 62 79 41 15 120 68 315 185 110 94 226 130 33 66 194 91 365 240 94 20 154 66 441 245
33 20 1852 339 169 19 7 263 169 131 100 43 60 330 190 459 291 42 80 60 51 28 34 81 55 313 160 36 53 158 95 232 149 60 71 472 298 446 255 79 58 114 82
34 20 2438 660 407 74 7 82 99 55 87 166 96 444 235 407 251 15 9 105 50 461 297 356 236 315 162 75 11 73 57 184 67 573 335 261 189 215 125 209 91 147 42
35 20 1994 331 166 268 189 52 19 110 35 107 15 127 80 89 23 250 142 68 85 363 249 82 20 327 191 819 496 430 267 237 173 39 53 17 27 69 34 11 46 193 129
36 20 1480 340 178 199 75 354 174 122 50 1 7 85 62 291 170 336 231 72 26 8 49 360 246 169 53 42 66 61 86 25 14 139 91 21 41 50 15 182 155 103 103
37 20 1717 126 78 253 167 475 316 59 91 216 167 104 46 34 21 246 191 300 150 101 72 157 67 34 51 128 35 40 34 221 173 157 58 118 73 427 252 5 28 233 154
38 20 2360 201 118 200 90 726 422 212 81 21 6 723 431 474 307 245 181 121 30 76 61 551 310 17 67 331 208 45 84 73 69 25 54 82 90 182 111 130 67 286 214
39 20 1576 47 53 1 17 227 179 32 9 433 256 111 99 213 87 101 98 103 66 151 118 19 61 35 69 256 158 197 156 67 73 372 203 211 100 88 11 95 65 393 271
40 20 1723 327 212 273 169 287 151 256 119 55 72 96 39 228 163 78 62 151 112 17 50 342 242 379 191 110 14 43 1 61 27 285 159 235 174 62 91 12 43 150 39
41 20 2407 200 151 454 301 115 104 55 36 11 47 410 245 102 81 117 44 386 259 186 65 333 163 249 127 3 56 590 346 302 171 108 77 464 293 140 80 241 166 349 189
42 20 2184 25 28 338 209 252 129 196 165 504 277 73 38 539 302 400 211 99 22 227 136 98 94 97 33 181 134 144 64 67 78 224 168 300 169 233 148 184 106 188 115
43 20 2033 93 79 82 85 83 3 328 196 533 338 68 50 353 184 77 64 203 138 10 17 446 270 165 127 34 33 273 131 240 121 185 138 83 2 297 171 157 131 357 250
44 20 1979 624 385 70 56 41 47 81 34 400 212 19 4 14 4 461 303 97 82 357 212 206 117 313 229 143 100 14 60 118 105 375 211 221 138 70 85 200 109 135 108
45 20 1616 353 230 73 35 187 67 240 137 167 112 78 61 330 176 180 112 60 28 224 145 196 161 85 51 334 177 60 91 60 14 175 154 17 52 48 6 192 91 174 81
46 20 2544 295 192 264 178 118 115 144 60 43 78 901 545 557 359 200 111 205 124 496 326 33 58 35 24 445 252 98 17 70 62 391 271 138 120 183 151 272 185 201 99
47 20 2252 244 187 31 12 24 34 38 11 299 144 171 80 448 298 323 156 62 12 463 257 348 244 175 123 705 431 68 81 314 193 543 349 15 68 104 16 17 29 113 73
48 20 1695 12 35 317 169 538 318 110 87 30 1 68 64 22 70 11 57 198 103 26 2 221 130 263 169 43 54 6 51 689 426 127 106 94 24 145 62 385 225 85 48
49 20 1985 309 211 172 80 253 149 192 132 92 31 196 119 184 112 134 82 483 300 19 10 84 45 12 25 423 288 89 83 273 175 15 33 97 10 328 180 570 356 46 13
50 20 1546 69 72 6 4 36 46 169 119 127 55 18 33 144 128 152 60 509 285 222 89 5 34 38 26 131 41 384 253 316 199 120 112 161 58 100 34 283 149 102 102
51 20 1587 163 87 269 183 56 19 44 84 122 54 375 245 336 219 92 44 90 61 358 231 65 2 30 66 77 69 251 110 312 228 25 18 183 148 240 154 46 67 40 58
52 20 1997 254 126 145 74 36 31 359 245 476 299 44 34 220 133 238 181 280 206 12 52 451 292 64 40 199 76 229 154 8 20 167 97 414 235 175 136 161 141 63 37
53 20 2424 157 78 108 18 493 314 161 125 16 1 109 79 359 235 74 8 281 134 6 32 237 175 316 168 255 121 222 168 611 347 269 205 135 107 392 200 559 345 89 108
54 20 1968 469 262 193 117 219 129 30 27 391 211 130 56 274 185 41 80 117 91 66 30 149 96 27 16 180 91 519 312 51 66 17 7 26 40 805 482 185 138 47 68
55 20 1259 363 218 7 12 95 5 76 40 68 91 26 30 260 150 59 45 42 77 173 134 23 4 668 399 54 16 58 60 59 87 126 59 20 22 197 127 24 57 121 37
56 20 2229 133 97 289 214 30 56 304 144 334 226 149 97 231 155 346 194 421 239 492 319 131 117 355 220 160 127 34 58 99 19 397 202 167 128 270 148 15 14 101 95
57 20 2464 280 210 123 60 75 31 31 55 789 476 81 38 135 76 204 84 516 336 105 12 325 184 281 172 567 353 327 188 325 218 215 130 117 77 62 36 22 14 348 211
58 20 1403 194 106 218 97 323 228 158 47 35 64 30 37 37 44 103 71 8 5 74 18 253 184 167 59 22 3 171 59 173 112 132 82 336 229 29 12 325 171 18 16
59 20 1961 276 180 462 301 113 33 67 59 39 37 4 19 3 10 91 51 238 158 331 160 455 281 295 163 109 34 125 87 195 140 65 47 460 298 110 33 414 262 70 78
60 20 1330 39 57 15 17 200 167 49 40 200 110 174 134 69 51 56 8 233 103 19 44 359 210 441 284 128 78 145 38 15 52 178 82 11 10 57 82 5 28 268 203
61 20 1929 249 170 301 179 293 155 166 115 399 238 43 65 198 113 239 113 69 11 167 96 111 39 121 32 589 339 82 65 407 247 60 30 116 78 196 146 7 60 46 47
62 20 2008 240 162 204 92 24 62 67 45 184 72 29 25 351 197 30 6 211 82 472 273 271 192 640 384 239 142 24 41 4 9 51 33 139 33 179 140 24 68 634 386
63 20 2314 206 84 76 36 315 187 3 5 139 132 217 163 262 186 48 19 331 195 431 235 2 52 533 343 104 39 57 13 120 21 635 367 516 303 35 69 286 185 312 165
64 20 1705 168 110 457 277 223 100 10 6 188 99 383 203 35 57 110 89 14 46 406 235 156 84 227 158 16 44 99 56 59 75 152 48 391 236 42 5 175 146 100 89
65 20 2457 402 220 159 87 38 17 34 24 49 46 722 441 330 170 267 120 140 83 144 97 124 26 385 250 1 59 835 510 59 22 4 6 403 275 8 19 589 332 221 143
66 20 1786 157 64 299 197 563 338 206 135 110 72 313 176 28 21 72 34 1 54 133 110 166 110 143 129 306 197 160 140 221 92 326 178 30 36 257 148 68 65 14 10
67 20 1757 265 191 64 90 8 33 39 25 430 246 208 122 43 39 505 324 165 61 55 5 3 52 266 135 519 307 159 85 160 138 158 145 203 119 19 13 212 141 33 74
68 20 1818 24 56 325 232 270 178 41 23 10 64 65 11 467 260 146 127 113 71 268 123 66 59 162 95 442 271 39 75 414 245 299 152 295 162 19 24 41 46 131 35
69 20 2303 296 143 262 148 277 184 168 123 327 173 262 148 79 73 183 115 20 13 501 320 92 54 187 80 55 4 49 53 491 325 164 113 45 11 565 344 539 328 45 37
70 20 2154 327 201 202 117 301 177 108 59 284 139 673 402 32 56 195 137 202 98 288 175 226 171 60 22 106 97 129 72 190 143 210 102 63 51 528 344 87 65 98 74
71 20 1480 351 199 229 118 115 90 62 27 23 55 185 79 130 66 93 76 261 141 82 69 148 43 227 163 70 13 6 42 7 57 341 228 217 110 206 131 1 60 206 101
72 20 2595 72 2 195 99 7 17 598 338 303 185 110 14 27 30 250 180 265 184 416 272 289 163 717 418 41 44 263 166 376 218 56 6 451 283 60 79 521 310 173 99
73 20 2518 62 35 433 271 482 275 29 74 179 112 289 150 429 230 297 183 150 46 26 69 431 263 299 221 72 21 84 54 202 79 594 372 230 162 253 159 107 62 389 262
74 20 1922 341 243 120 86 376 201 25 39 617 376 128 54 594 369 466 288 136 120 41 23 133 83 55 81 283 209 155 54 2 25 30 74 78 101 27 57 5 30 232 184
75 20 1882 107 80 251 137 331 181 209 148 429 260 128 100 90 2 100 30 73 52 93 18 294 181 241 182 7 29 528 300 239 176 26 38 125 117 40 47 78 49 375 214
76 20 1694 76 8 361 232 129 98 7 1 192 149 247 105 176 154 33 61 109 52 138 124 308 220 173 102 101 17 177 96 452 302 256 129 205 103 46 62 182 127 21 63
77 20 1962 242 144 10 41 662 383 416 261 91 50 65 93 267 161 592 337 58 49 321 153 24 42 49 57 84 74 172 104 191 99 274 193 203 105 76 76 62 23 65 23
78 20 2093 418 257 105 112 258 130 101 35 173 135 625 377 10 40 326 234 55 66 9 2 336 192 232 122 38 67 65 34 150 115 464 248 38 56 104 19 205 123 475 259
79 20 2280 58 90 19 30 684 427 461 268 219 125 174 114 149 52 149 92 9 57 465 286 8 12 101 10 43 67 195 91 490 319 265 120 165 116 272 162 603 375 31 51
80 20 1715 423 279 107 49 124 127 94 39 458 294 2 14 7 8 10 36 394 244 171 141 5 28 197 119 139 95 191 99 179 83 155 61 238 101 357 189 141 55 38 28
81 20 1863 41 39 191 95 28 65 139 92 376 254 196 127 138 130 24 49 431 246 162 117 85 81 236 142 8 23 108 95 250 164 292 144 47 21 440 283 91 40 444 255
82 20 2395 44 67 22 62 2 6 7 46 202 101 343 227 169 119 117 119 492 269 123 118 126 126 115 93 287 170 591 354 154 85 300 166 398 258 468 276 322 199 508 292
83 20 1756 415 233 382 264 328 200 107 115 197 154 99 46 412 274 341 218 152 66 199 134 118 74 54 49 243 138 124 121 45 66 39 6 108 72 41 45 87 12 22 2
84 20 1335 46 47 161 90 252 193 67 62 165 137 130 87 158 130 130 105 17 61 104 82 270 205 289 189 38 34 89 39 285 157 5 20 15 39 28 49 215 132 207 131
85 20 1275 26 16 31 34 40 13 7 31 90 63 146 86 170 123 133 125 504 308 181 146 210 81 25 9 10 27 91 47 72 60 154 143 187 88 105 40 224 125 145 69
86 20 2020 15 37 103 81 482 267 118 121 211 132 522 291 18 19 24 35 247 110 98 81 7 55 506 300 17 35 262 195 224 163 61 67 115 31 608 382 95 69 308 219
87 20 1976 138 114 29 26 149 82 397 217 437 239 282 208 286 201 288 214 145 136 95 90 49 30 76 86 132 76 354 178 297 186 77 16 268 196 349 186 53 37 51 2
88 20 1479 29 67 149 59 344 200 155 48 53 19 159 95 130 92 342 167 82 11 130 99 100 103 453 262 325 215 5 44 73 98 214 135 37 10 37 12 16 35 126 107
89 20 1679 21 70 145 108 161 145 76 49 274 183 150 55 535 348 194 76 46 27 356 195 107 42 171 92 63 6 388 248 19 5 62 79 167 71 65 48 185 147 174 118
90 20 2071 92 76 27 46 375 207 460 270 66 9 331 202 190 88 378 251 98 33 149 132 40 49 105 10 27 47 90 62 215 97 375 222 309 158 359 225 400 233 57 26
91 20 1927 79 64 204 126 106 63 248 151 198 90 76 26 87 25 317 154 37 9 46 52 794 467 9 41 137 32 137 44 37 20 205 139 142 48 453 247 206 167 336 209
92 20 2012 281 181 450 283 83 13 334 162 1 33 6 1 356 212 370 196 3 28 122 115 182 145 90 73 468 293 251 108 171 115 58 38 365 249 238 151 66 2 130 94
93 20 1935 84 22 113 98 156 70 526 338 246 153 689 402 326 232 11 12 45 18 78 56 154 84 108 28 74 81 273 202 110 95 127 126 232 118 178 126 221 130 119 99
94 20 2101 353 234 120 33 111 80 73 91 309 227 32 38 352 248 292 134 21 6 66 12 380 204 211 150 283 182 273 124 158 74 387 230 66 7 313 226 185 157 217 119
95 20 2406 216 107 186 66 25 7 203 151 268 194 4 58 58 56 411 265 432 279 105 56 760 453 38 19 453 254 182 143 352 205 222 117 63 32 203 95 612 387 20 49
96 20 1802 58 87 371 229 103 51 205 113 89 50 26 10 437 247 237 180 205 84 140 101 218 156 32 57 126 57 166 139 58 38 62 26 471 294 86 88 257 134 257 133
97 20 1455 125 35 430 289 162 70 204 162 93 14 37 63 70 70 379 196 116 65 219 127 223 110 26 57 50 63 39 73 93 50 124 23 226 92 219 141 57 69 18 68
98 20 2310 23 46 365 215 860 514 16 24 31 57 132 29 45 72 175 121 377 240 326 227 109 72 209 108 102 68 122 27 177 69 79 6 120 32 496 267 539 328 317 176
99 20 1400 97 18 111 66 46 4 28 19 276 133 342 176 58 65 245 183 257 124 103 46 181 107 64 15 204 82 183 142 64 27 173 60 216 163 69 59 50 36 34 55
100 20 1649 39 19 37 12 126 34 80 14 153 105 146 86 1 5 463 302 80 77 129 96 61 60 266 130 15 68 578 334 423 276 105 85 98 110 87 62 224 163 187 112
101 20 2335 340 228 299 169 623 369 368 252 224 176 344 235 102 34 4 36 194 104 392 235 347 197 138 111 283 195 73 57 16 30 76 92 356 189 395 233 64 11 33 34
102 20 1771 95 28 79 34 117 99 156 64 21 71 27 48 198 97 67 54 62 36 311 196 67 58 581 365 198 110 258 161 310 178 163 109 27 70 230 141 80 101 495 317
103 20 2165 416 229 456 249 190 80 11 3 329 228 14 17 165 113 251 163 27 56 142 100 179 153 267 133 334 183 93 90 22 30 118 66 453 245 98 39 205 150 561 356
104 20 1674 94 66 150 115 233 94 58 44 85 74 341 232 9 23 332 217 367 239 322 171 76 73 22 49 189 139 231 138 89 63 216 97 118 121 305 212 78 101 34 15
105 20 1719 28 3 230 110 231 179 147 138 562 316 152 103 231 143 327 169 87 66 62 47 10 41 54 80 107 26 226 91 32 46 361 247 102 102 226 106 224 122 39 34
106 20 2196 312 201 39 54 444 250 71 93 91 103 155 102 349 247 201 93 108 20 83 6 391 260 239 140 554 339 48 61 153 117 249 187 298 171 291 158 214 109 103 34
107 20 2019 362 200 7 11 356 207 223 178 129 97 33 76 131 69 81 43 58 52 130 62 153 131 494 274 270 138 30 45 283 193 24 46 265 159 808 479 5 31 197 134
108 20 2116 188 112 364 210 210 138 44 53 109 66 16 14 408 250 208 113 442 258 511 323 16 27 235 162 90 99 24 34 474 277 262 147 240 143 240 162 144 93 7 35
109 20 2038 301 148 71 11 13 23 243 165 99 16 131 114 37 17 597 371 326 215 9 55 429 235 4 17 444 246 41 65 392 252 299 170 30 74 299 143 129 73 182 121
110 20 2103 191 127 104 65 228 141 258 152 70 87 418 237 153 126 337 222 279 136 72 32 84 59 607 379 217 167 412 232 46 73 192 71 125 109 47 61 216 171 151 119
111 20 2318 65 36 461 298 613 390 50 43 55 15 196 143 267 154 435 263 102 42 86 9 173 73 283 203 280 209 57 21 184 118 405 235 139 94 198 102 294 169 294 205
112 20 1578 75 6 123 106 5 56 51 40 136 40 217 135 127 49 33 68 433 245 92 46 27 42 273 145 558 325 55 66 62 6 341 239 344 186 5 21 34 61 166 55
113 20 1731 207 161 30 31 39 40 408 247 187 67 76 31 119 62 69 2 12 22 303 183 16 67 339 241 122 55 278 129 2 50 433 274 31 44 451 263 224 132 117 64
114 20 1824 106 20 118 94 230 157 129 42 26 64 97 65 328 176 498 302 257 182 226 98 62 3 44 5 131 126 50 73 13 27 68 64 224 138 301 217 446 288 294 142
115 20 1547 96 57 175 124 6 47 63 79 530 334 542 307 54 49 87 64 35 7 233 176 19 56 212 136 150 91 17 18 55 23 289 193 405 278 107 58 16 24 4 11
116 20 1367 68 27 567 324 21 50 131 97 28 65 10 31 121 121 300 168 220 95 193 94 34 48 326 171 2 17 101 84 155 115 91 81 27 69 25 13 85 11 230 99
117 20 1763 400 262 366 215 165 81 76 49 68 36 107 92 8 49 10 46 102 9 67 91 518 304 275 140 2 29 159 141 456 261 10 64 55 19 577 327 2 51 104 55
118 20 2885 335 176 275 185 362 254 175 57 493 293 276 131 321 197 165 137 451 279 107 13 152 70 92 18 351 209 422 279 480 282 347 170 240 135 62 81 63 87 602 368
119 20 1476 67 38 230 163 469 259 67 91 93 29 255 190 434 240 175 123 86 43 28 26 248 145 112 79 67 22 50 65 249 190 5 15 39 47 21 54 26 23 231 97
120 20 2118 33 62 279 206 59 47 47 4 27 6 433 244 5 4 335 193 78 16 30 57 22 70 374 189 75 22 248 156 252 120 299 206 216 149 225 165 431 247 769 451
121 20 2152 406 218 183 138 126 104 339 175 381 265 35 39 13 61 484 288 23 14 42 29 327 164 583 371 161 105 151 94 90 27 130 50 140 42 457 289 142 127 91 66
122 20 1460 103 20 147 77 250 133 7 30 64 35 14 67 127 30 367 253 270 184 26 47 215 84 61 50 108 36 129 56 99 15 73 23 449 248 90 45 178 111 144 83
123 20 2240 446 267 190 156 338 241 217 107 78 86 88 30 13 10 656 395 24 4 222 140 175 106 70 17 59 49 434 237 374 254 99 16 181 143 308 146 487 310 21 5
124 20 1635 162 89 78 100 168 113 134 130 88 81 307 158 216 111 50 31 68 57 119 115 191 77 36 12 202 96 171 78 385 265 278 151 20 48 188 68 356 192 54 82
125 20 1494 219 162 131 89 68 86 371 247 236 152 149 131 28 44 8 58 66 81 34 70 86 35 150 49 233 130 422 277 41 11 68 20 159 130 376 225 12 39 132 59
126 20 1854 212 137 387 239 279 148 405 248 446 263 164 105 104 46 527 322 23 70 21 67 138 120 73 55 97 89 71 85 70 53 356 249 52 8 110 47 83 68 90 94
127 20 2119 100 63 331 202 630 367 465 266 376 190 238 176 36 26 20 26 14 31 90 104 192 103 508 298 261 130 344 185 42 8 76 32 93 43 267 147 152 99 3 35
128 20 1580 110 14 351 200 8 9 234 181 256 175 29 17 113 63 110 14 92 41 259 147 424 251 169 109 87 33 32 48 214 136 44 69 61 51 77 30 475 260 16 37
129 20 1829 16 66 247 106 187 130 330 158 156 73 250 166 145 60 185 82 250 180 84 83 100 36 49 10 144 59 280 184 139 87 77 70 5 51 451 263 123 113 440 247
130 20 1997 370 242 24 31 83 70 171 72 139 48 121 124 518 329 182 123 31 22 445 267 5 61 64 4 129 56 386 228 373 232 103 46 223 177 369 201 86 58 172 89
131 20 2600 239 102 320 221 236 165 287 210 189 145 474 313 549 354 61 7 491 305 395 227 116 115 275 132 59 56 99 51 382 225 29 12 239 111 159 61 256 143 346 169
132 20 1698 271 134 128 59 92 80 27 9 238 157 114 87 417 271 219 149 251 190 57 81 94 18 73 19 260 158 160 63 100 24 112 29 89 18 499 288 12 5 184 87
133 20 1310 104 71 230 155 105 75 103 41 14 3 37 24 226 108 237 175 98 21 91 100 58 43 317 152 16 69 86 14 313 195 73 78 184 142 153 137 103 66 73 65
134 20 2066 240 103 283 198 190 71 412 244 337 227 79 89 580 340 152 58 1 49 21 27 128 40 146 39 17 24 151 56 65 83 114 77 311 156 221 115 139 87 546 302
135 20 1744 61 45 158 131 97 19 217 136 440 284 180 77 319 162 15 34 130 47 267 118 5 23 67 66 468 312 1 27 34 41 171 105 16 60 85 31 193 155 564 331
136 20 2260 124 85 133 29 313 208 158 77 3 11 53 72 357 244 384 206 645 368 327 218 73 18 300 141 265 187 168 80 516 298 101 100 117 74 53 18 165 118 265 145
137 20 1983 276 142 138 39 426 268 41 34 278 151 492 280 274 133 321 216 413 252 103 101 163 78 58 42 122 71 61 83 71 65 124 120 124 59 80 73 348 171 53 84
138 20 1553 12 24 193 131 52 9 261 143 51 34 108 70 46 30 159 80 220 89 548 333 133 51 206 141 13 61 192 91 186 152 218 134 159 133 216 96 71 83 63 80
139 20 1894 79 28 60 90 267 119 307 168 207 102 149 140 193 109 39 76 198 146 3 50 472 276 60 25 320 155 58 17 24 25 279 210 297 152 295 140 185 99 297 178
140 20 2158 83 31 10 42 569 365 19 58 277 180 15 61 178 80 420 256 15 48 97 102 81 87 85 22 601 354 537 298 362 229 153 53 70 85 467 296 107 106 170 136
141 20 2056 98 46 439 266 218 93 148 139 178 114 128 49 72 87 209 139 127 28 173 78 145 100 249 177 3 16 168 83 415 226 255 140 43 81 396 209 373 191 276 152
142 20 1604 41 6 165 132 252 148 180 91 251 177 19 49 92 95 13 41 232 181 13 21 63 87 11 1 249 114 330 232 379 194 177 125 15 30 202 156 252 163 272 184
143 20 1461 306 174 129 78 413 225 141 44 74 62 33 32 37 53 227 140 4 49 42 4 246 191 163 106 227 110 180 108 188 108 8 41 34 73 84 63 154 113 233 137
144 20 1518 22 60 312 146 122 111 67 42 10 55 226 123 79 38 207 79 237 154 42 68 195 159 42 43 73 88 122 23 311 146 220 178 5 56 419 239 54 6 272 179
145 20 2587 218 170 221 97 291 179 276 136 159 134 87 102 296 212 498 269 2 13 49 65 470 278 1 6 149 80 630 381 442 287 50 51 107 108 551 336 589 350 88 57
146 20 1661 43 8 66 80 794 472 66 25 147 129 3 35 7 17 45 53 70 8 320 183 29 51 187 156 449 296 185 84 102 97 163 80 219 143 36 26 383 210 8 44
147 20 1954 122 24 98 9 65 54 283 140 87 100 117 93 31 40 482 316 712 434 68 96 207 107 186 124 109 74 106 46 181 125 107 78 36 32 368 232 85 58 459 249
148 20 1689 233 105 84 83 42 34 135 91 242 155 413 231 35 52 686 420 28 70 62 73 127 112 265 163 45 30 187 65 191 88 222 159 14 62 113 113 67 32 187 91
149 20 1935 191 103 241 160 98 92 323 217 28 63 320 182 602 383 115 85 53 40 160 83 111 34 104 44 159 77 362 248 69 2 149 45 373 250 17 35 362 189 34 60
150 20 2415 198 161 419 286 36 53 383 246 52 36 294 188 14 3 218 116 214 94 336 237 155 119 464 308 113 77 38 56 307 175 840 498 448 268 40 20 118 91 143 111
151 20 2119 276 133 627 380 406 258 137 107 104 32 45 3 204 159 239 106 69 6 233 176 3 10 36 43 156 82 114 106 62 4 235 172 201 152 497 285 75 28 520 286
152 20 1785 415 222 164 117 7 2 374 219 91 64 167 82 113 69 354 174 3 47 156 101 30 4 200 77 110 20 187 138 143 127 144 47 121 39 350 242 249 151 192 151
153 20 2483 31 20 133 35 142 129 610 358 319 216 57 76 148 95 313 224 119 97 329 205 545 333 76 32 490 299 71 24 368 187 173 148 227 166 142 35 293 154 380 237
154 20 1991 165 128 123 61 186 63 311 222 221 113 301 197 411 278 13 45 187 150 111 29 256 143 4 19 768 455 181 74 49 24 39 27 177 138 311 176 131 116 38 28
155 20 2200 631 393 22 55 297 149 556 352 365 193 90 71 101 19 40 78 279 144 176 119 56 13 137 115 129 116 52 2 316 158 152 127 156 54 244 164 163 122 439 251
156 20 2387 112 19 18 70 113 112 791 472 77 37 17 59 279 126 756 444 453 272 343 173 208 153 173 78 16 62 107 65 5 61 210 88 169 71 430 254 441 235 57 36
157 20 1816 14 52 44 39 305 155 562 320 215 159 41 5 62 1 98 77 91 77 126 44 12 65 265 136 486 300 20 17 269 159 159 80 80 58 186 128 22 29 576 362
158 20 1761 86 78 87 8 268 172 75 16 61 50 289 148 27 20 506 317 176 109 152 111 75 35 327 202 67 71 105 66 8 35 221 177 286 184 425 230 264 136 18 28
159 20 2127 297 161 107 74 422 268 148 51 92 60 108 29 215 138 101 76 198 161 678 398 350 242 150 55 162 63 60 33 128 117 11 14 146 126 88 7 177 99 617 353
160 20 1814 33 77 232 164 343 173 289 154 544 311 138 56 270 123 38 67 10 63 152 90 276 199 187 125 47 22 117 59 48 69 489 299 266 153 50 41 32 51 68 23
161 20 1667 89 80 183 129 198 163 84 9 29 10 11 50 450 243 29 54 166 70 128 91 424 284 377 192 526 303 273 147 16 53 99 97 65 62 20 7 132 111 35 77
162 20 1673 277 180 42 15 152 65 248 143 367 252 255 190 23 50 245 188 68 18 18 27 241 109 146 58 41 61 169 93 92 39 45 64 131 89 220 148 80 79 486 270
163 20 1914 32 75 154 141 280 179 65 11 188 97 257 111 407 277 513 295 5 35 143 67 75 2 102 14 576 328 268 196 232 139 9 57 26 13 213 113 101 96 182 100
164 20 1635 322 230 124 28 136 130 107 58 42 63 24 63 186 160 230 119 347 200 62 38 195 103 499 320 7 24 286 175 87 52 13 66 229 146 242 132 112 27 21 4
165 20 1462 312 167 182 123 51 63 378 220 167 109 222 141 24 35 71 42 11 17 457 293 192 100 246 167 22 53 43 21 56 4 149 101 179 85 30 21 10 48 122 125
166 20 1527 74 12 513 296 25 53 102 62 22 70 117 49 161 65 98 88 116 82 88 60 113 110 111 35 423 288 27 22 8 62 136 130 500 274 40 42 292 202 88 8
167 20 2336 480 257 137 46 504 304 171 143 137 46 267 124 30 32 170 88 42 44 346 180 316 188 93 17 62 64 187 146 206 149 251 141 696 407 429 279 10 56 138 62
168 20 1982 96 36 265 157 153 103 75 77 269 171 189 136 86 98 56 52 242 107 123 31 154 117 430 272 440 285 252 149 351 241 7 14 214 151 167 120 148 76 247 187
169 20 1594 37 49 121 90 118 72 172 72 63 27 213 135 155 107 153 56 116 102 27 33 145 99 226 108 6 23 540 351 84 25 81 82 480 291 91 60 168 53 192 101
170 20 1504 81 17 472 314 353 210 112 55 348 220 42 49 77 44 147 62 124 75 59 1 166 68 144 61 67 69 11 28 8 52 401 227 64 51 100 70 101 111 131 89
171 20 1246 41 24 394 238 36 20 146 124 82 65 87 76 29 47 340 213 479 308 5 34 5 13 23 43 290 150 130 84 38 73 83 40 117 68 5 59 38 23 125 127
172 20 1941 45 13 152 112 260 139 27 57 242 175 227 142 249 172 50 58 389 228 82 44 253 125 206 107 317 187 48 7 139 133 239 104 215 142 366 199 76 17 300 148
173 20 1966 248 176 91 14 108 16 337 214 295 177 113 70 264 148 202 75 12 36 238 129 156 60 154 92 181 70 55 38 465 295 339 182 95 46 172 56 64 79 343 233
174 20 1974 230 173 219 163 237 131 148 40 57 57 4 35 362 236 20 40 382 198 450 247 5 12 1 6 196 161 172 123 15 33 318 155 72 50 188 145 57 88 816 500
175 20 1646 122 83 26 30 44 22 121 29 626 367 64 95 26 50 33 48 37 3 388 219 24 40 18 33 538 313 125 126 109 81 147 77 101 59 172 105 139 101 432 277
176 20 1685 113 46 257 187 35 16 109 76 127 104 78 86 114 29 150 53 130 102 36 55 47 81 499 326 362 183 295 180 341 242 205 108 234 124 60 10 164 81 15 26
177 20 1646 382 243 244 147 211 79 346 198 102 15 99 56 75 52 282 179 56 48 82 103 161 48 127 117 62 64 444 296 76 39 124 51 5 6 341 202 51 35 23 22
178 20 1149 51 16 78 27 83 18 126 27 12 45 42 50 87 84 74 29 118 124 48 39 432 257 404 209 22 41 15 5 26 53 284 129 146 102 112 93 74 13 65 22
179 20 1719 93 44 267 154 81 84 247 168 137 122 392 243 43 55 37 34 433 245 74 76 120 54 60 3 192 151 58 8 466 259 104 83 252 162 82 48 82 33 218 105
180 20 1816 244 125 453 244 377 212 468 285 240 137 11 55 195 152 118 39 54 64 51 88 64 13 96 48 102 32 117 91 439 232 74 43 158 76 33 2 170 113 168 138
181 20 1810 284 204 18 21 199 99 79 55 454 302 492 306 117 90 325 193 114 74 37 73 22 18 305 213 85 54 14 15 80 16 90 66 123 34 160 142 350 204 273 170
182 20 2095 382 209 443 272 87 48 658 376 68 89 184 66 23 3 322 220 78 96 71 94 132 29 248 140 163 91 127 98 249 188 45 50 273 161 421 221 107 23 110 89
183 20 1738 2 24 305 158 69 84 35 63 35 52 29 18 277 160 96 39 442 247 237 180 59 48 337 219 98 20 56 66 22 62 5 33 344 177 533 311 236 127 260 181
184 20 1959 168 121 287 190 49 15 65 38 162 147 112 21 184 145 36 49 114 25 395 236 169 129 581 365 287 192 123 49 42 38 397 226 166 103 390 226 41 56 151 53
185 20 1813 32 77 255 111 150 137 606 352 55 51 10 4 248 172 78 28 290 162 194 77 223 159 38 8 93 110 134 43 11 2 573 324 210 105 228 164 105 104 94 67
186 20 2825 331 223 182 91 519 310 546 327 322 214 11 17 91 74 458 299 329 194 556 318 324 227 16 51 177 137 291 155 29 33 453 277 320 200 192 107 102 12 401 226
187 20 1732 64 38 238 186 299 185 149 54 143 99 261 153 48 34 366 198 38 41 153 52 104 25 349 199 390 258 101 37 26 68 489 279 4 21 214 111 10 60 19 36
188 20 2482 329 161 21 63 259 159 79 62 268 194 284 155 409 278 51 82 340 200 370 251 43 27 56 39 294 146 101 48 530 334 70 65 333 217 186 78 392 257 550 348
189 20 1626 120 119 145 45 247 130 25 24 142 128 47 24 83 38 8 11 236 154 109 105 502 303 61 3 454 269 16 46 317 223 376 189 97 70 80 100 34 78 154 44
190 20 2173 284 190 93 54 112 73 17 52 384 199 267 121 226 139 119 116 346 192 140 40 470 255 2 57 311 165 420 229 200 133 224 108 215 125 205 157 218 127 93 79
191 20 1451 119 120 129 100 67 79 155 116 16 6 82 38 16 45 95 44 173 108 271 157 151 61 164 56 141 135 46 80 62 87 1 49 7 26 398 253 743 440 66 59
192 20 1496 216 163 181 65 281 160 14 29 171 148 149 49 115 29 165 90 128 49 102 102 309 218 36 16 52 58 149 62 94 87 286 176 107 27 163 84 42 12 232 182
193 20 2733 458 299 516 334 355 232 487 292 83 83 417 275 316 168 134 47 517 290 506 333 72 57 61 75 118 49 207 79 145 49 413 231 36 43 120 80 431 275 74 30
194 20 2348 424 270 396 265 449 253 63 30 351 177 296 171 21 15 53 84 371 190 113 83 354 213 194 98 149 115 134 77 310 162 286 209 10 18 155 129 439 253 128 126
195 20 1662 180 101 150 50 159 94 101 73 225 125 8 12 79 21 418 262 72 33 57 65 245 189 54 77 98 11 38 19 122 66 317 165 455 269 179 81 294 187 74 85
196 20 1446 277 188 192 162 99 38 108 116 39 26 139 41 260 116 4 15 115 111 293 196 179 93 62 15 94 80 274 159 139 84 23 33 357 210 32 49 96 56 110 53
197 20 1454 185 131 181 135 37 64 77 92 46 83 177 146 321 233 127 26 145 104 197 105 14 65 209 114 1 35 138 110 208 145 1 12 270 157 74 15 199 112 302 174
198 20 2311 358 197 97 24 237 148 91 105 205 111 4 34 425 283 108 66 214 93 23 47 72 79 199 159 248 117 197 73 227 163 585 361 263 198 299 212 186 88 585 350
199 20 1966 68 37 38 24 3 22 53 88 288 172 295 138 273 127 288 153 68 41 329 163 263 115 45 38 286 200 300 183 351 213 221 148 200 150 282 167 244 143 37 30
200 20 2022 25 34 281 157 80 20 671 386 132 87 162 112 24 48 172 97 498 271 52 75 172 95 8 60 5 19 561 348 246 146 159 49 85 39 64 26 209 128 439 240
201 20 2016 131 105 100 46 122 30 463 308 50 23 33 25 378 211 172 125 86 93 124 94 464 252 309 205 324 231 356 238 163 114 125 128 90 64 379 250 136 119 28 49
202 20 1959 123 121 37 7 15 53 357 221 49 19 180 137 27 72 490 265 17 14 61 8 546 314 206 87 650 397 25 63 55 85 502 308 111 26 194 148 66 5 207 98
203 20 1971 221 141 243 144 291 143 23 20 25 44 9 57 110 107 66 10 269 171 345 239 20 28 688 406 103 41 125 121 201 99 235 129 268 191 222 129 260 142 218 158
204 20 2248 432 234 290 171 177 95 130 51 56 63 241 105 583 345 403 275 79 25 305 204 309 149 178 58 84 10 108 21 7 58 451 260 184 68 17 7 298 144 165 82
205 20 1966 76 65 19 30 508 310 131 104 303 151 591 349 169 75 35 18 304 201 354 226 148 123 374 190 14 47 94 12 129 105 30 46 345 229 16 67 146 91 147 74
206 20 1583 277 151 153 78 411 267 294 203 215 132 315 175 200 91 129 89 395 243 46 4 66 43 182 80 21 18 16 48 81 44 3 2 13 3 201 144 10 64 139 118
207 20 2056 622 364 356 239 70 50 259 122 93 71 13 8 299 186 306 145 412 274 82 93 280 209 232 125 26 24 257 173 327 214 167 62 117 88 43 20 55 78 97 39
208 20 2153 141 133 516 283 184 97 90 26 145 38 585 347 158 126 70 15 533 317 141 87 223 167 219 162 33 64 40 39 591 345 121 84 225 181 163 87 79 20 50 28
209 20 1785 119 51 341 198 275 137 286 186 595 360 89 77 30 66 156 117 269 187 17 24 41 38 15 26 116 119 582 358 112 83 175 65 64 82 31 58 164 116 93 107
210 20 1748 373 198 119 30 55 78 433 263 183 129 257 167 158 142 400 251 259 147 129 37 239 110 46 32 137 93 119 91 54 7 73 99 165 57 84 73 82 22 131 125
211 20 2229 617 351 333 217 47 52 51 36 327 194 296 162 241 141 284 190 515 301 185 135 50 59 25 64 270 183 16 68 8 49 260 141 35 5 505 332 374 261 20 64
212 20 2549 150 117 9 47 142 47 111 32 70 70 120 32 179 112 493 325 106 65 445 254 51 63 356 224 325 221 585 364 478 256 339 191 346 232 633 371 154 91 7 25
213 20 1938 175 94 168 104 159 118 343 222 2 41 46 54 295 200 347 178 156 81 335 166 62 57 252 117 218 92 233 149 28 72 246 189 25 43 446 287 173 75 167 129
214 20 1690 420 249 419 252 75 59 3 32 55 71 144 74 657 403 31 32 201 89 241 114 42 17 168 127 25 33 5 55 470 251 70 63 6 48 52 40 64 54 232 96
215 20 1992 323 216 204 153 105 21 133 46 211 91 250 173 172 73 344 222 117 48 337 186 188 156 25 25 8 42 254 173 310 217 11 42 116 95 285 154 215 120 377 246
216 20 1632 151 41 451 301 95 92 144 134 155 139 170 134 86 102 26 58 512 306 169 93 16 10 109 46 108 37 45 63 254 191 41 5 384 211 189 73 9 59 150 66
217 20 1556 239 140 9 47 34 62 228 125 227 100 243 121 23 46 172 147 112 20 276 192 99 96 520 338 109 33 15 15 45 27 109 72 108 38 359 206 51 31 134 125
218 20 2093 55 70 349 201 330 219 8 58 251 125 432 242 895 538 17 65 31 39 450 267 70 25 75 95 86 89 94 50 79 97 21 67 145 42 361 242 204 82 233 102
219 20 1880 368 211 244 160 73 38 87 3 200 74 134 33 351 206 107 88 140 49 9 30 534 344 129 96 321 217 70 66 4 17 118 112 284 206 246 117 154 142 187 150
220 20 1843 2 46 87 2 38 32 715 418 195 77 8 54 298 166 42 41 128 116 151 136 138 43 42 74 75 3 215 145 82 70 62 1 542 338 99 112 652 389 116 31
221 20 1589 42 63 321 212 187 74 87 26 108 54 29 7 21 62 54 3 35 27 130 68 96 90 161 119 116 95 374 212 321 208 152 117 30 21 27 22 134 75 754 460
222 20 1333 449 279 105 57 92 83 9 6 52 41 108 72 91 104 339 186 35 1 214 94 38 47 200 130 92 2 167 84 157 143 21 66 81 98 209 123 204 102 3 31
223 20 1409 111 37 178 87 80 7 329 206 35 26 254 173 231 160 332 208 84 103 98 56 119 68 76 85 146 80 33 66 84 16 68 34 46 74 10 43 73 51 432 253
224 20 2032 402 225 34 44 122 102 136 121 350 204 135 63 243 159 6 24 68 42 27 65 96 23 296 183 335 208 176 71 337 224 219 153 257 182 7 36 511 296 308 176
225 20 1374 141 60 117 41 84 28 324 204 180 60 199 134 35 2 89 8 39 72 161 97 97 35 22 52 6 52 5 41 291 181 242 179 446 300 17 53 101 87 152 109
226 20 1490 144 83 1 26 367 208 173 149 17 34 37 24 40 17 523 326 423 245 80 40 285 137 57 26 181 83 25 24 46 28 41 52 50 35 43 58 295 178 153 118
227 20 2395 61 22 113 21 395 235 247 192 83 40 78 76 525 312 206 167 476 294 222 165 299 166 47 26 34 48 34 32 275 202 501 287 467 251 301 159 105 101 321 226
228 20 2174 162 84 415 219 7 30 128 116 27 13 166 139 371 228 455 261 154 86 300 199 139 112 49 70 72 97 270 153 173 82 146 131 288 193 400 218 592 368 35 44
229 20 2557 325 206 170 56 315 208 347 216 611 382 112 51 244 188 84 76 376 216 551 317 20 31 533 341 32 53 308 160 254 174 76 82 75 79 392 228 115 57 174 90
230 20 1761 127 62 210 138 37 73 210 133 154 102 116 74 84 59 255 194 91 15 88 91 50 55 291 146 45 40 121 71 103 101 452 272 419 227 322 229 321 170 26 57
231 20 2545 784 478 727 451 46 20 114 23 167 126 76 97 12 7 278 191 160 95 189 152 432 290 732 452 205 132 45 74 96 34 113 98 100 71 7 56 305 219 503 283
232 20 1307 29 28 7 29 22 53 198 133 113 67 91 47 286 176 141 84 7 19 211 137 271 204 334 228 121 97 24 32 58 67 291 208 19 49 25 18 99 42 268 171
233 20 2255 544 329 342 204 58 55 215 120 162 72 43 31 30 23 365 226 307 213 2 47 497 320 111 22 709 421 305 197 379 233 84 85 85 22 110 85 47 14 115 57
234 20 2100 23 45 264 170 15 22 188 106 149 102 509 278 185 95 196 87 234 118 391 244 227 133 141 127 78 16 188 93 143 49 172 118 484 293 282 148 22 40 310 151
235 20 2359 210 115 293 153 314 199 29 67 138 73 293 170 122 95 461 263 83 80 401 266 126 94 53 83 98 28 79 101 528 291 169 54 588 370 46 66 337 190 351 203
236 20 1724 74 22 272 207 122 86 148 109 162 85 89 15 296 170 388 255 61 16 82 99 105 34 86 72 97 60 141 44 181 129 320 153 1 33 124 112 496 299 203 133
237 20 1971 114 89 110 81 88 80 31 14 361 244 357 233 276 179 166 84 313 222 240 138 91 6 390 208 190 139 196 151 223 114 159 126 11 6 60 18 115 73 451 261
238 20 1755 48 13 298 184 24 26 194 106 235 132 244 190 386 204 25 60 58 72 47 76 82 10 113 27 253 143 30 2 465 257 165 87 129 31 69 70 426 289 220 100
239 20 1697 167 133 77 48 65 51 23 13 76 24 304 183 159 133 313 208 41 67 147 115 103 24 26 31 181 109 350 222 1 54 100 97 226 94 410 215 572 362 53 19
240 20 2394 162 56 226 148 14 24 296 205 52 8 152 113 498 322 134 125 14 13 277 152 243 105 318 194 186 77 396 274 474 292 345 230 549 315 1 50 274 121 178 156
241 20 1273 51 12 256 118 100 64 242 178 182 148 249 124 6 62 6 12 21 6 52 16 46 72 209 144 229 173 29 7 163 85 19 47 229 134 39 6 346 219 73 67
242 20 2239 250 146 125 28 492 309 187 73 345 245 14 35 401 210 212 91 71 46 43 27 256 136 439 270 369 259 194 92 69 12 254 185 464 275 237 162 12 52 44 17
243 20 1334 117 86 1 37 260 178 39 41 77 44 14 7 254 188 359 241 152 102 59 49 637 395 57 38 6 62 65 7 13 4 93 40 64 17 126 120 37 55 239 174
244 20 2277 397 223 79 24 122 103 81 86 12 51 35 78 173 146 171 53 638 386 304 146 29 28 409 214 408 252 67 95 577 351 355 246 77 29 322 191 66 94 232 99
245 20 1586 2 58 231 139 122 28 393 246 293 141 12 31 339 228 18 24 8 50 246 115 126 47 44 82 276 173 17 67 351 179 35 3 104 30 275 198 246 113 35 54
246 20 2063 21 43 80 61 364 205 274 178 47 66 304 156 77 31 133 63 264 193 496 270 61 4 242 152 430 287 85 80 4 8 307 193 409 273 318 160 194 131 17 29
247 20 2254 120 42 276 153 93 56 311 225 124 75 142 34 142 128 252 132 407 276 26 62 282 172 305 178 318 157 135 56 298 138 207 153 21 67 299 197 353 215 398 237
248 20 1363 239 170 280 149 37 17 121 52 5 58 39 3 427 232 11 11 395 270 140 118 3 43 273 133 215 95 89 68 103 102 37 4 5 7 92 70 19 14 196 124
249 20 1425 101 50 166 141 94 59 10 3 119 33 14 62 262 175 271 138 33 3 43 55 62 38 164 69 298 147 19 28 220 167 133 84 540 320 93 48 58 49 151 139
250 20 2165 392 239 91 42 143 118 55 44 83 102 78 14 76 33 48 10 76 52 112 121 557 357 383 251 43 83 684 393 57 39 192 68 402 224 224 107 331 193 303 221
251 20 1640 22 48 67 56 79 49 42 28 30 53 280 150 144 48 98 64 96 33 167 66 553 317 323 197 242 103 3 54 193 91 21 48 370 237 102 73 186 118 263 126
252 20 1848 172 120 40 72 538 317 631 389 29 59 228 173 188 153 134 44 119 50 264 195 60 88 57 56 134 75 253 111 64 22 67 76 53 61 380 245 213 157 73 24
253 20 2060 16 31 149 62 418 234 35 32 124 48 75 6 9 44 283 199 141 81 450 289 39 66 75 91 254 140 127 43 524 322 43 54 29 37 214 150 584 370 532 297
254 20 2471 40 62 321 153 92 30 535 302 68 38 577 343 183 78 240 140 122 56 151 59 418 229 641 382 170 134 200 110 548 352 180 108 149 68 226 114 28 9 54 75
255 20 1636 146 41 12 46 207 121 154 84 151 61 232 123 118 22 463 292 89 103 57 4 95 4 735 431 87 86 36 74 87 64 95 89 102 84 77 31 311 166 19 57
256 20 1672 12 46 260 138 289 210 336 200 97 75 225 141 123 68 190 75 22 54 14 58 389 220 349 190 208 150 324 208 69 68 56 51 183 90 40 64 82 52 76 22
257 20 1607 150 46 29 38 285 149 93 83 322 167 61 64 99 58 1 10 103 46 189 92 73 70 5 47 309 151 190 115 105 97 6 31 453 260 329 181 270 124 143 40
258 20 1377 48 59 25 46 414 257 368 210 225 121 224 92 198 81 102 44 78 42 123 87 103 104 7 13 85 72 290 171 18 67 4 25 205 82 64 6 63 60 110 99
259 20 2222 19 46 226 169 6 54 405 221 39 34 465 311 35 26 44 75 68 62 376 254 578 324 349 226 377 218 271 156 156 109 222 98 263 186 373 214 53 53 119 94
260 20 2114 323 198 40 76 304 168 271 146 519 289 132 92 215 132 60 13 70 20 13 51 112 18 8 47 547 326 101 30 395 239 414 259 1 38 217 92 404 271 83 67
261 20 1797 5 53 285 144 5 37 248 171 202 108 447 298 76 46 40 44 376 251 27 73 55 85 700 407 4 11 271 192 144 39 301 190 78 76 167 107 27 59 136 67
262 20 1809 484 296 30 43 168 114 113 116 111 27 153 91 150 114 92 32 37 6 704 435 275 188 56 75 133 38 24 24 360 180 137 52 153 58 183 97 90 19 166 54
263 20 2275 31 49 19 9 490 275 59 4 197 154 175 103 225 128 70 81 156 117 176 79 113 16 107 92 231 102 380 241 114 105 569 316 268 197 541 329 212 142 417 233
264 20 1767 2 60 124 113 129 68 515 338 172 75 16 26 26 46 331 215 207 144 313 159 15 31 30 67 529 306 174 60 116 104 206 96 149 75 225 153 91 17 164 118
265 20 1790 135 67 174 150 463 284 62 54 307 145 158 99 392 244 96 35 235 107 19 58 188 87 69 67 172 101 104 16 292 190 230 127 100 49 169 84 147 61 69 3
266 20 2122 327 201 129 113 310 219 498 307 39 60 437 243 3 26 278 195 357 207 89 60 100 88 145 86 156 125 189 88 33 68 469 269 155 111 39 58 74 21 417 263
267 20 1555 176 65 79 40 70 11 121 26 9 44 20 19 26 50 36 79 303 158 85 54 369 189 342 179 325 227 2 44 75 57 83 36 231 101 516 337 66 53 176 88
268 20 1281 177 66 116 17 253 183 230 131 122 73 48 81 6 5 105 95 5 49 330 192 156 50 263 151 99 61 17 30 40 13 91 47 115 111 99 104 249 120 42 35
269 20 1861 59 30 106 110 13 20 89 49 259 148 121 21 147 70 417 284 237 136 69 74 97 27 256 115 105 56 189 149 196 109 503 315 351 191 102 31 157 103 250 138
270 20 1643 49 8 20 14 80 62 120 91 121 85 215 119 63 88 319 213 5 14 605 359 20 32 234 177 48 56 202 105 172 66 374 249 203 119 3 27 183 94 250 116
271 20 1937 118 106 297 159 399 217 218 95 40 45 66 78 405 217 34 12 151 99 61 22 86 99 502 299 22 69 126 37 44 45 713 411 187 95 318 168 71 72 16 19
272 20 1965 138 135 187 107 43 23 222 90 362 212 55 29 167 95 180 156 22 62 155 135 229 127 571 318 13 1 424 224 106 31 156 84 92 105 157 95 500 289 152 138
273 20 1247 53 72 131 33 49 62 97 68 44 75 61 44 7 62 158 62 40 53 44 29 38 24 75 73 600 381 67 78 217 128 165 62 50 13 147 72 230 129 221 129
274 20 1819 22 17 355 243 284 156 156 65 173 142 111 118 138 102 37 53 48 55 284 155 138 49 337 213 388 258 41 15 31 47 50 59 598 336 176 120 129 42 142 56
275 20 1652 131 77 18 41 102 42 283 139 52 32 7 26 17 53 193 149 20 12 554 322 567 320 74 64 196 155 301 190 158 138 237 139 75 52 218 169 92 2 9 6
276 20 2411 48 85 194 72 46 19 53 45 525 297 191 93 311 224 57 65 248 118 181 145 561 348 189 115 189 140 252 128 305 199 632 381 153 73 528 341 6 22 154 91
277 20 2394 170 89 178 129 251 170 280 185 131 117 466 272 57 60 182 106 345 198 408 262 216 90 475 270 236 149 34 53 306 213 353 179 170 65 264 183 90 62 176 86
278 20 1561 108 97 56 37 110 58 26 32 374 220 85 36 280 125 123 95 56 58 235 158 164 109 113 21 257 138 168 96 63 87 73 44 263 121 77 46 428 279 64 3
279 20 1846 167 56 425 265 514 333 233 177 303 189 157 68 10 13 151 139 55 41 318 158 121 111 16 1 283 130 93 43 70 14 88 99 208 92 30 31 132 57 318 195
280 20 2092 219 89 127 129 256 119 64 62 19 44 88 36 327 208 101 83 159 111 149 43 299 154 63 33 193 110 576 324 5 49 344 194 542 348 2 26 192 113 460 302
281 20 2031 709 417 134 127 151 104 58 44 225 170 694 432 11 5 40 80 33 28 5 39 109 83 124 115 93 76 200 108 95 100 355 239 234 180 211 136 173 59 409 241
282 20 2380 132 126 249 190 240 167 125 90 71 94 174 151 135 73 276 136 330 187 361 194 391 250 3 56 615 376 284 210 374 213 156 86 645 397 29 45 45 45 126 67
283 20 2268 45 32 164 115 100 65 103 38 268 119 151 80 99 6 166 99 53 77 139 36 166 113 632 357 478 290 173 82 515 288 166 122 146 125 363 186 458 273 152 116
284 20 1994 75 52 80 9 34 18 283 191 7 20 188 144 525 333 51 27 287 207 92 10 223 120 681 405 48 5 487 267 246 124 106 106 107 66 175 105 34 33 260 119
285 20 1830 177 71 225 123 469 295 298 167 42 16 174 102 55 45 96 5 214 134 107 27 8 42 172 65 465 247 60 81 134 129 138 46 288 203 265 149 146 72 127 27
286 20 2098 290 201 136 67 109 99 133 85 76 20 273 182 29 16 194 118 15 50 188 114 403 266 672 405 137 62 3 20 647 374 151 61 130 98 69 46 375 262 166 83
287 20 1687 44 28 31 24 304 210 230 178 7 32 165 69 25 59 310 218 451 300 293 175 8 30 53 42 373 213 125 45 293 141 255 117 50 25 61 47 287 182 10 64
288 20 1666 40 51 86 49 213 116 201 157 188 135 500 289 307 186 28 42 98 68 140 130 300 166 266 196 289 134 152 124 17 34 25 72 69 64 118 69 61 30 235 134
289 20 2046 82 10 27 66 38 79 490 309 74 90 434 290 36 73 6 15 359 201 302 190 211 157 74 54 350 180 629 372 15 21 66 48 122 71 69 58 119 31 589 377
290 20 1936 141 66 111 77 252 174 185 121 109 23 132 125 50 51 93 91 44 61 290 169 579 334 228 110 14 31 128 119 94 77 212 173 459 267 432 286 198 144 122 82
291 20 2025 49 4 268 178 42 67 180 141 61 33 574 322 161 146 76 38 29 60 410 259 375 190 605 358 165 138 368 234 38 67 50 4 253 182 123 65 38 73 186 82
292 20 1626 114 75 28 67 276 191 25 55 239 112 196 128 127 58 453 261 131 29 328 236 330 221 216 146 121 94 44 33 119 73 47 41 9 39 98 17 194 88 157 86
293 20 2459 342 195 503 276 531 316 291 215 70 17 75 54 791 468 320 223 123 53 12 14 279 143 122 104 218 156 18 31 117 119 381 192 438 286 133 118 88 101 66 50
294 20 2016 101 112 330 235 488 278 149 105 100 45 60 69 87 26 61 56 421 230 398 245 278 200 482 266 110 113 76 70 85 44 161 60 320 215 185 84 117 71 24 25
295 20 1793 6 33 30 52 409 227 141 99 253 173 90 5 76 33 311 228 124 121 65 66 266 122 8 12 391 247 71 83 106 23 261 180 521 296 190 107 210 87 58 80
296 20 1808 131 27 84 37 155 79 171 70 233 139 226 105 205 124 167 96 292 175 212 150 88 100 23 46 178 119 7 26 347 184 269 189 122 39 138 91 155 77 413 265
297 20 2134 90 10 398 249 10 14 137 97 69 53 358 225 124 115 35 61 508 276 64 44 224 166 433 252 36 71 462 295 385 203 152 117 114 72 145 43 477 293 47 48
298 20 2197 641 368 437 270 86 31 147 95 69 68 206 143 361 199 232 143 299 142 107 73 49 29 51 28 1 4 261 201 304 156 24 17 333 177 597 360 54 27 135 105
299 20 2319 81 59 195 91 273 195 156 61 17 34 148 50 324 234 59 80 97 49 179 128 176 124 217 146 43 73 300 196 272 175 52 17 412 253 605 379 563 340 470 289
300 20 1625 72 47 57 87 131 28 181 72 428 280 278 150 353 175 180 64 26 53 33 56 211 160 10 5 127 69 48 78 13 62 210 173 203 123 96 46 49 62 544 303
301 20 2095 109 47 332 184 126 84 414 242 92 60 130 45 288 154 159 49 123 55 97 11 36 25 80 93 164 128 189 83 127 73 37 26 214 171 481 276 359 203 633 377
302 20 1972 67 79 236 144 313 213 22 7 124 106 197 150 31 53 16 10 29 49 1 18 179 147 315 221 118 60 721 434 300 191 163 61 428 250 249 168 237 143 199 108
303 20 1950 302 148 437 236 48 49 160 57 208 98 38 7 14 46 210 125 149 113 429 241 112 106 214 143 282 196 201 156 74 92 89 29 230 108 320 168 12 46 372 242
304 20 1651 135 43 284 212 188 128 264 134 338 205 43 16 222 156 137 97 351 174 87 53 343 197 89 100 52 11 51 54 10 38 17 4 445 283 82 49 32 13 133 116
305 20 2474 520 340 411 278 392 261 344 223 81 2 178 118 337 167 47 51 180 67 67 74 16 10 528 306 339 196 345 198 162 131 234 102 66 53 398 270 223 102 81 9
306 20 1471 35 40 65 32 84 38 244 111 1 49 131 60 203 135 358 220 153 55 161 117 378 246 84 50 271 153 71 85 154 130 49 73 215 120 100 106 104 109 82 12
307 20 1772 263 175 217 134 23 70 210 156 46 9 97 104 46 46 103 46 327 161 178 145 148 59 424 242 12 43 110 112 92 64 404 233 486 316 139 121 57 20 163 128
308 20 1713 203 168 82 101 104 75 25 43 91 7 19 41 10 17 231 127 452 264 169 57 57 39 304 149 200 158 42 22 83 4 236 149 511 318 244 154 11 8 352 178
309 20 1719 35 69 35 47 52 27 5 55 299 164 181 152 31 28 536 331 177 106 276 174 171 102 11 14 77 34 474 261 199 123 63 21 577 324 1 40 96 59 142 43
310 20 1813 108 114 7 9 262 132 354 251 285 189 62 58 152 59 37 4 54 83 45 65 531 331 303 158 97 23 205 103 269 184 281 175 29 42 178 118 119 76 249 127
311 20 2327 22 63 61 39 583 331 4 59 544 303 136 82 333 196 113 16 437 245 69 48 532 347 44 25 172 58 75 10 421 271 148 126 549 324 142 103 142 97 128 38
312 20 2420 453 291 29 13 281 167 253 129 40 71 459 244 41 60 543 352 70 3 105 87 239 164 369 189 17 23 352 184 277 155 434 247 257 126 450 296 119 38 53 66
313 20 2406 197 144 612 352 239 167 139 58 109 101 687 420 462 280 303 166 141 131 102 57 355 208 371 189 306 187 39 35 10 47 204 147 100 45 271 157 31 47 134 30
314 20 2032 402 241 111 17 223 92 101 96 34 5 82 15 158 60 74 24 227 104 456 304 87 85 227 164 31 52 265 155 302 208 198 91 124 46 554 335 229 101 179 137
315 20 1518 59 50 198 153 421 242 160 118 75 63 208 167 55 61 49 70 43 69 55 66 160 114 46 46 88 106 38 62 311 208 670 417 22 19 19 36 63 65 297 216
316 20 1410 286 145 189 156 2 7 384 237 17 63 226 128 37 41 246 154 189 137 54 18 212 86 33 16 142 36 56 9 3 61 276 191 106 16 136 67 148 57 78 52
317 20 2130 236 158 127 25 11 27 519 301 185 129 267 195 57 90 214 165 192 81 273 190 733 429 69 57 67 35 218 141 188 160 369 251 146 89 7 18 341 238 42 25
318 20 2167 690 419 270 129 141 103 288 144 45 8 17 57 96 44 446 250 63 85 470 280 138 73 45 64 406 258 431 254 270 202 12 19 199 162 174 116 1 52 132 48
319 20 1889 66 40 364 218 59 37 463 307 230 117 12 29 53 8 354 200 237 146 7 54 63 91 41 26 410 250 156 80 95 105 313 148 326 176 40 47 131 130 358 244
320 20 2343 122 60 84 3 97 51 202 107 673 409 443 292 188 136 66 26 356 228 52 33 85 49 563 321 340 165 252 125 95 58 101 60 207 97 154 56 349 223 257 128
321 20 1798 439 268 3 52 51 17 201 89 7 21 193 109 216 114 506 279 92 63 282 162 105 29 16 68 297 142 155 122 123 63 195 71 18 47 114 55 266 147 318 222
322 20 1474 349 233 5 23 144 114 80 12 506 314 49 28 54 13 197 121 76 10 177 152 70 3 207 157 203 118 142 101 86 71 58 12 49 13 33 39 255 140 208 100
323 20 2714 313 170 6 54 546 355 292 162 314 178 237 185 511 304 512 292 111 15 116 64 181 101 250 154 61 77 80 99 589 344 4 8 238 169 191 146 360 233 516 323
324 20 1881 25 71 102 21 105 32 252 143 610 359 104 66 80 96 217 96 265 153 551 348 623 372 23 48 235 116 139 80 85 3 23 1 33 77 215 153 75 33 1 44
325 20 1436 27 6 251 148 3 47 28 28 277 157 196 125 239 182 71 2 235 165 30 70 184 150 262 180 101 65 2 26 31 39 68 6 60 46 82 11 219 135 506 323
326 20 1645 178 86 65 19 342 171 39 61 239 181 154 132 265 124 58 74 129 117 57 53 135 30 389 270 51 46 282 143 98 42 46 18 117 65 247 162 23 60 376 235
327 20 2251 169 145 130 66 77 95 138 51 51 6 619 384 258 167 481 260 4 24 59 89 224 149 178 156 78 80 414 214 63 31 312 177 444 296 277 160 296 178 230 155
328 20 2379 214 88 211 102 276 152 416 271 313 169 370 252 66 25 291 205 494 274 14 68 267 197 164 73 229 164 41 70 434 264 107 47 477 304 60 23 258 132 57 27
329 20 2925 234 108 60 29 599 347 457 299 694 408 63 14 309 169 93 90 248 142 13 42 117 65 260 193 648 381 581 326 463 287 469 290 80 24 395 256 8 28 60 19
330 20 1617 44 50 279 191 107 88 119 94 191 145 120 38 81 57 374 189 218 149 329 177 113 27 133 57 490 269 157 90 19 27 155 126 8 43 14 19 121 21 162 136
331 20 2025 205 139 96 94 229 138 526 338 315 161 267 181 85 72 146 84 9 65 425 249 188 91 535 335 86 12 208 123 17 9 183 63 7 24 86 92 112 20 326 187
332 20 1322 80 31 263 192 143 113 144 112 105 28 33 40 137 127 74 95 43 45 104 104 288 140 159 87 193 68 90 61 162 83 34 29 283 152 69 87 99 97 142 90
333 20 1639 46 80 15 28 78 95 330 168 23 30 144 118 170 109 71 79 11 12 81 69 128 76 192 111 155 128 375 249 672 406 188 120 279 140 27 74 115 108 178 126
334 20 2316 215 139 90 2 455 298 449 242 347 181 187 126 209 114 13 57 197 82 473 267 375 256 192 67 51 11 538 350 75 46 27 29 50 31 249 106 73 4 367 184
335 20 1342 46 19 134 119 399 241 97 20 58 85 49 37 195 114 19 54 297 199 15 34 70 69 121 49 288 137 139 114 148 63 391 225 58 88 6 32 147 102 8 27
336 20 1451 307 222 5 29 79 14 361 208 78 64 253 153 214 173 22 53 87 79 58 68 111 73 7 24 87 80 127 123 157 63 406 223 49 21 81 100 49 4 365 205
337 20 2154 516 300 168 141 195 153 240 150 83 93 10 60 89 19 125 83 281 183 242 134 715 425 191 136 271 166 99 38 33 32 263 188 309 152 138 76 256 147 85 31
338 20 1839 83 63 285 132 64 94 60 78 325 169 27 54 148 112 103 74 389 211 64 42 441 283 538 347 10 32 388 249 515 297 40 4 27 21 166 64 1 24 4 8
339 20 2137 145 78 51 76 144 74 183 116 270 153 10 7 75 92 105 85 3 50 93 93 623 381 274 135 481 318 54 56 447 300 309 227 143 94 73 70 625 379 166 82
340 20 2170 38 36 794 482 24 57 10 6 62 81 92 96 48 32 305 175 354 230 72 82 281 192 489 267 37 3 236 112 236 145 134 119 688 407 91 1 114 33 236 97
341 20 2466 26 35 678 391 233 157 46 66 277 163 345 169 257 175 34 57 248 136 413 277 65 80 526 335 102 51 210 173 260 143 148 67 590 352 22 31 84 88 369 197
342 20 1631 260 173 130 93 35 65 200 129 15 14 81 65 432 237 32 16 354 239 47 2 198 82 63 48 20 54 142 118 412 231 110 103 2 16 29 61 262 175 439 268
343 20 1518 66 52 382 264 4 54 61 84 78 100 235 121 118 52 21 60 36 66 53 26 78 14 405 220 103 20 308 155 142 112 202 157 22 58 7 59 342 240 373 251
344 20 1676 142 77 47 21 110 93 29 23 193 83 227 177 28 44 273 203 243 125 227 98 79 67 227 112 380 237 71 50 40 42 389 248 298 190 156 106 139 125 54 48
345 20 2003 295 203 72 63 178 62 160 130 71 24 505 297 33 26 256 194 184 63 106 20 360 245 284 159 164 120 150 100 150 53 434 253 25 1 235 126 86 26 259 194
346 20 1769 530 332 38 39 169 71 42 74 545 318 274 198 88 81 445 271 96 16 146 67 177 153 93 91 67 93 5 53 11 57 444 275 8 37 157 120 197 78 7 39
347 20 2313 229 144 382 206 534 313 229 105 317 213 85 9 13 66 11 50 182 103 271 184 251 115 321 187 184 146 523 313 117 99 129 79 294 189 207 159 229 110 118 86
348 20 1787 121 38 349 209 106 87 63 35 244 120 60 30 188 158 8 41 103 79 4 61 19 30 441 245 81 44 407 225 275 124 373 217 216 84 295 172 70 16 151 80
349 20 1312 22 58 162 82 121 78 230 99 161 132 14 54 175 109 245 166 44 83 46 20 125 44 124 87 37 32 659 397 40 74 10 3 280 152 122 64 5 6 2 3
350 20 2114 277 165 51 64 162 102 335 192 412 227 298 177 43 69 353 219 14 22 215 133 390 209 57 50 145 100 194 90 32 56 221 138 223 107 21 44 319 219 466 271
351 20 2211 200 90 21 41 121 115 169 70 502 316 184 114 413 218 262 174 469 313 25 49 261 133 270 157 48 18 144 78 46 40 259 124 344 238 146 129 455 263 84 74
352 20 2250 850 511 90 89 285 147 68 14 248 154 117 68 35 54 83 30 137 57 345 210 255 169 258 196 31 44 169 112 21 6 342 228 5 32 360 206 534 303 268 193
353 20 1546 472 272 78 43 23 43 192 156 61 33 86 41 87 47 40 72 14 26 85 38 38 64 72 74 306 187 104 87 23 67 697 417 93 19 155 62 254 188 212 92
354 20 2535 223 103 420 271 4 16 436 264 513 304 93 75 219 113 177 57 129 99 134 98 46 45 501 308 317 185 329 176 123 119 187 84 466 257 119 73 288 132 347 201
355 20 2050 312 222 384 196 3 32 201 127 337 167 334 161 22 37 134 98 124 89 196 151 305 166 212 114 86 53 485 275 363 210 48 14 55 32 57 36 87 48 355 180
356 20 2171 163 112 434 269 50 47 313 194 42 36 700 404 299 213 11 16 56 35 37 54 190 142 22 54 457 267 605 342 24 42 3 8 169 73 44 8 202 113 521 301
357 20 2027 247 151 11 26 246 169 83 24 38 47 17 54 400 207 259 168 304 216 327 209 75 27 59 33 135 125 156 115 364 226 75 78 581 327 316 207 39 16 322 196
358 20 2019 405 268 143 75 124 111 291 194 31 73 47 59 397 258 244 128 218 87 7 27 99 78 225 112 344 238 269 195 61 21 96 107 323 233 295 176 108 36 312 179
359 20 2315 235 130 235 101 599 354 17 18 154 44 89 67 520 327 9 61 261 131 445 234 646 398 36 22 8 52 56 45 42 35 116 89 140 81 143 99 364 188 515 320
360 20 1501 6 32 200 84 6 55 129 123 429 249 77 79 83 50 213 106 68 13 154 121 21 4 98 84 299 161 189 102 61 74 219 88 69 4 280 145 159 74 243 163
361 20 1789 36 11 160 134 124 25 333 181 96 84 520 293 410 260 38 12 133 50 447 264 29 43 101 34 36 28 7 17 34 23 217 84 80 34 119 77 304 184 354 233
362 20 2277 86 94 106 61 330 179 547 314 93 6 223 176 90 41 439 233 62 74 128 29 683 392 138 94 447 276 35 62 289 199 178 137 162 132 102 32 266 171 151 57
363 20 1942 191 145 161 123 127 117 543 343 64 28 98 7 135 60 422 250 125 38 55 52 141 55 356 232 692 424 4 48 41 38 17 7 335 238 166 98 93 30 119 61
364 20 1843 33 3 234 175 324 199 49 28 101 108 147 100 213 113 157 50 343 240 34 53 156 49 104 110 64 82 527 292 399 217 507 293 20 65 164 142 15 8 96 48
365 20 2230 43 25 175 95 61 49 362 209 326 229 251 119 232 173 233 132 148 66 73 63 360 192 190 75 83 4 468 285 121 101 219 134 266 184 261 170 102 114 486 281
366 20 1797 264 126 53 66 58 66 178 71 210 80 26 70 331 159 27 72 366 257 94 68 71 57 524 316 165 89 330 225 264 140 216 163 299 222 77 46 1 40 40 81
367 20 1830 506 277 22 55 93 105 66 54 38 74 263 123 305 204 284 157 4 40 103 36 420 263 33 32 293 169 70 36 208 162 475 288 167 59 127 70 90 2 94 15
368 20 2126 340 231 40 37 199 72 454 274 83 2 157 76 352 184 344 179 334 211 362 238 176 116 49 70 145 83 62 86 126 122 615 364 170 60 39 11 144 89 62 25
369 20 2462 64 54 90 78 44 12 530 297 392 272 285 138 48 82 11 21 8 1 580 350 776 466 589 361 132 82 232 142 198 124 11 31 174 105 196 114 252 121 312 225
370 20 1961 165 97 54 61 50 82 84 35 514 310 248 136 332 213 146 112 312 184 296 184 104 112 257 126 342 237 126 123 172 105 54 15 12 11 119 105 130 65 405 264
371 20 2474 251 194 422 242 148 106 115 112 413 254 138 69 433 274 125 53 366 245 466 254 359 193 130 49 166 112 307 203 265 183 305 205 62 58 350 239 117 90 10 5
372 20 1778 206 142 99 96 576 358 71 12 167 130 763 457 137 51 120 32 48 24 40 40 35 30 14 64 139 38 60 80 18 33 47 78 280 148 561 334 153 42 23 69
373 20 2244 74 76 72 4 141 85 175 120 31 22 167 114 541 350 103 37 317 204 475 257 388 197 159 102 112 105 90 106 236 171 464 285 351 241 274 123 37 48 282 200
374 20 2174 445 269 116 46 601 379 82 58 30 16 223 180 216 169 334 214 123 99 27 65 348 198 199 107 354 236 63 78 23 41 14 20 35 4 50 77 585 339 480 295
375 20 1491 200 83 93 51 53 3 170 70 7 41 179 58 164 130 17 55 4 62 212 154 632 400 113 83 63 53 86 8 122 114 99 49 247 183 46 76 235 158 240 164
376 20 1778 261 119 34 41 91 81 438 257 301 194 109 101 168 102 135 93 67 69 478 285 78 1 103 37 91 42 88 22 291 138 315 159 70 58 363 187 29 41 47 78
377 20 1408 36 38 16 64 112 73 52 86 278 198 219 111 128 115 301 193 118 78 614 361 145 116 28 65 39 48 345 201 108 79 18 24 78 34 80 69 32 58 69 90
378 20 1878 120 50 34 58 345 241 120 61 96 17 554 330 79 21 97 107 286 213 161 86 383 203 69 22 82 63 138 46 356 251 117 52 105 79 94 41 369 205 152 88
379 20 1477 85 23 314 150 291 190 72 32 300 174 137 131 232 134 16 43 83 73 80 83 184 111 379 235 61 89 28 30 73 26 72 25 50 35 48 49 343 235 107 63
380 20 1930 42 23 189 121 376 195 449 273 139 99 146 63 566 320 38 77 148 66 119 106 268 157 207 110 434 251 17 52 147 79 52 57 92 83 61 10 359 187 11 5
381 20 2029 171 141 89 102 106 59 49 74 532 306 149 110 558 336 159 111 358 193 100 97 121 117 147 56 240 140 64 71 24 11 207 118 240 125 451 258 183 133 110 77
382 20 2282 158 107 364 204 95 14 99 60 33 61 84 51 346 185 551 344 41 23 265 183 480 276 82 46 35 50 340 196 75 12 421 260 140 37 304 208 379 203 273 174
383 20 2343 109 93 369 207 166 104 146 111 579 323 124 41 81 79 170 96 474 279 130 68 26 8 596 375 12 3 226 110 277 171 554 336 146 130 195 156 175 122 132 68
384 20 1730 29 41 30 31 57 6 646 393 23 45 523 322 204 78 547 312 24 69 44 73 125 98 205 157 218 126 26 8 255 125 67 63 252 122 44 25 20 1 122 107
385 20 2090 78 70 66 34 80 18 157 58 577 358 280 146 122 47 188 149 57 82 219 141 267 129 99 52 50 48 140 99 377 220 379 208 236 133 111 109 604 347 94 95
386 20 1961 275 171 221 127 293 187 29 40 607 353 89 100 66 51 465 310 70 69 13 32 245 156 106 112 330 191 295 164 11 22 199 104 11 52 26 54 59 27 512 323
387 20 2153 37 25 426 268 113 54 385 255 128 57 125 96 14 58 600 358 114 111 148 46 110 68 76 87 107 81 252 129 8 8 406 224 392 213 54 28 678 413 133 118
388 20 1949 185 102 75 88 158 136 204 103 54 72 151 55 77 81 6 49 41 75 108 24 244 187 159 99 143 35 671 395 606 380 90 53 142 97 560 354 213 99 11 6
389 20 2566 439 258 292 179 172 65 297 207 113 95 257 151 61 69 109 103 189 121 455 258 90 94 387 221 11 32 32 9 7 30 431 226 558 314 150 74 792 485 291 145
390 20 2632 175 64 535 310 134 101 48 70 67 75 90 57 100 113 224 178 614 349 124 45 253 171 500 272 85 8 45 66 540 330 712 444 45 30 253 162 148 99 573 358
391 20 2141 25 46 279 130 607 360 192 163 257 187 63 76 105 103 370 253 233 112 177 111 118 95 136 42 148 118 202 151 72 18 701 421 20 52 264 132 50 46 264 191
392 20 2250 209 113 78 47 93 11 112 22 164 100 265 159 198 76 355 189 77 24 318 202 288 183 5 54 265 135 346 238 88 86 224 136 768 459 146 47 491 291 11 52
393 20 2893 110 110 212 173 515 305 67 81 44 52 211 105 388 261 20 50 336 182 192 120 286 167 150 98 487 319 823 487 487 322 307 220 215 163 42 50 385 195 510 315
394 20 1588 18 3 440 293 67 62 347 202 93 26 27 26 182 93 135 34 81 17 222 92 111 25 27 2 44 22 19 66 306 226 393 222 98 60 92 63 291 150 184 117
395 20 1475 217 133 51 22 58 72 76 61 383 221 48 35 263 201 21 52 80 76 77 25 208 114 58 80 206 123 381 225 40 7 10 8 356 207 252 112 70 2 95 49
396 20 1412 11 44 121 94 42 75 123 99 102 41 163 51 585 361 15 16 108 85 102 36 16 21 72 67 81 100 121 26 397 222 258 194 15 56 397 238 32 29 63 69
397 20 2523 318 172 536 303 284 170 315 200 57 65 71 33 484 265 152 108 420 262 393 272 169 116 28 9 45 66 495 268 8 20 366 189 194 89 168 56 115 79 429 235
398 20 1709 277 162 112 113 135 71 60 91 161 86 159 107 50 60 202 139 287 185 184 109 86 71 77 1 121 93 312 176 107 84 72 19 167 113 135 48 188 70 527 300
399 20 1910 533 323 741 430 86 66 66 79 9 36 344 230 443 244 68 73 76 34 5 53 105 94 170 124 170 117 294 206 260 201 63 33 122 86 243 172 1 46 22 7
400 20 1740 87 20 24 8 111 105 647 406 547 331 44 43 193 83 103 41 183 129 287 178 148 72 198 83 91 84 109 115 45 23 27 16 245 186 151 134 31 75 209 107
