1 20 4701 857 509 549 305 406 216 742 439 415 257 759 457 145 63 100 72 24 47 454 283 531 302 515 285 600 340 201 121 704 406 344 208 667 382 149 56 429 248 812 498
2 20 4190 211 168 942 568 931 557 347 182 124 46 804 479 703 424 58 86 45 37 139 118 802 492 574 322 656 384 351 227 300 145 39 36 258 180 250 133 293 138 553 313
3 20 5975 458 293 535 334 462 258 381 259 685 421 893 532 530 307 319 211 899 542 953 575 622 360 901 539 740 444 688 429 485 302 363 254 793 478 200 147 270 192 773 464
4 20 4919 225 101 115 112 905 545 592 340 741 434 373 243 733 452 210 136 936 562 813 489 217 149 526 310 232 161 231 98 618 360 876 525 737 435 566 316 111 70 82 64
5 20 4073 124 28 341 211 424 266 759 444 402 268 21 29 148 69 303 179 626 369 720 421 422 232 11 9 603 385 21 71 816 498 448 248 769 456 538 319 57 66 593 378
6 20 3988 92 73 84 14 921 552 300 154 291 156 176 119 462 275 76 80 897 536 640 372 553 313 706 414 20 6 212 92 216 129 200 79 521 331 179 105 547 347 883 533
7 20 4869 188 107 745 443 704 413 74 94 331 184 828 491 617 353 492 318 675 402 212 147 200 141 913 544 558 324 428 241 397 219 122 120 615 375 539 298 342 239 758 450
8 20 4797 324 178 743 441 684 392 56 50 681 396 859 517 83 1 712 413 943 564 25 3 402 225 809 493 106 45 995 597 103 36 792 465 38 41 994 597 227 120 19 62
9 20 4563 512 287 468 299 162 82 934 561 881 530 850 517 126 64 723 433 500 289 236 114 860 523 28 62 826 495 850 513 97 37 46 85 406 242 343 219 234 110 44 30
10 20 3929 507 303 848 503 561 337 407 223 616 366 580 329 186 139 80 63 105 27 103 100 212 119 901 543 562 349 608 376 175 142 838 496 97 5 250 143 136 38 86 23
11 20 4748 946 570 66 51 962 577 181 128 134 118 997 598 704 410 222 171 214 100 344 229 75 33 766 448 589 332 211 119 46 35 985 592 721 421 866 516 375 247 92 51
12 20 5058 702 416 458 265 388 230 138 120 425 230 435 254 144 106 539 330 799 478 982 589 371 236 550 337 479 273 76 4 233 97 277 168 814 490 958 576 489 322 860 510
13 20 4996 636 401 684 414 825 501 645 375 475 256 132 116 340 230 544 345 88 84 307 164 771 461 694 431 97 61 88 23 936 563 55 58 765 457 871 521 95 63 944 564
14 20 5105 958 574 637 381 395 214 230 117 982 589 122 28 753 462 28 7 133 126 429 265 879 527 755 453 669 409 692 407 431 272 764 469 258 169 51 48 471 261 573 356
15 20 5068 155 115 85 93 629 398 772 464 102 57 920 554 314 203 945 564 678 409 977 586 244 103 226 166 308 202 361 179 348 190 883 531 907 550 919 552 10 58 353 174
16 20 4947 901 538 266 197 926 557 517 297 266 178 512 279 592 360 701 424 109 26 471 296 22 46 889 535 615 389 325 166 532 343 476 286 675 391 186 116 507 299 406 215
17 20 4017 690 400 143 74 470 309 173 122 449 298 704 439 603 348 4 43 551 330 440 296 461 263 861 517 134 54 9 49 29 57 920 553 665 412 489 287 67 96 173 133
18 20 4730 23 57 239 139 611 381 783 481 235 110 745 460 544 329 501 316 983 590 366 236 542 319 788 460 235 133 544 354 421 230 217 170 860 511 344 172 153 131 327 190
19 20 6057 845 501 497 312 676 412 363 249 917 549 595 354 920 556 871 530 945 570 534 304 92 14 55 75 923 555 700 435 890 533 599 376 336 173 494 322 36 5 827 486
20 20 5043 423 235 265 191 917 551 863 521 549 311 779 466 926 555 548 309 498 316 453 274 397 224 462 265 295 215 12 59 893 536 273 164 514 309 636 363 25 36 358 233
21 20 4983 501 306 620 371 362 253 701 424 250 107 301 218 386 268 612 351 727 428 888 536 891 536 176 155 562 338 439 271 970 581 408 249 211 142 306 169 421 288 234 130
22 20 5191 249 175 777 464 990 594 296 157 218 168 463 261 368 227 511 315 353 244 878 531 569 331 453 283 905 539 22 53 729 429 738 451 271 190 252 123 822 491 518 304
23 20 5728 3 47 410 227 891 531 963 580 485 282 274 151 458 273 281 167 527 293 805 485 52 10 948 571 686 396 491 312 993 596 403 254 655 390 876 533 434 258 821 497
24 20 4942 792 488 326 170 469 290 876 526 177 114 961 574 553 319 416 232 201 145 288 158 324 234 32 68 85 36 534 304 723 450 979 588 422 245 632 366 554 316 540 349
25 20 5045 782 464 868 523 356 204 761 450 453 240 397 206 511 300 771 467 298 151 252 188 533 344 159 99 122 22 698 433 5 60 826 506 387 266 298 205 629 397 985 592
26 20 5677 769 470 579 365 359 209 200 132 40 77 280 148 358 209 456 265 963 578 221 124 700 411 883 526 633 359 960 575 844 513 758 466 536 314 774 462 582 350 459 295
27 20 5947 963 578 604 374 916 549 664 393 726 449 1000 600 673 409 275 169 192 106 448 250 869 514 741 450 821 493 386 267 115 32 369 200 200 167 861 515 567 321 504 292
28 20 4710 370 195 790 481 19 48 944 568 339 216 772 461 992 595 691 406 383 263 188 126 316 157 115 56 615 378 786 465 432 288 456 269 847 513 3 57 226 123 136 35
29 20 3760 248 157 177 94 275 163 969 581 501 325 257 150 259 142 492 286 380 225 629 396 438 251 160 116 230 95 103 90 385 200 464 285 339 180 601 377 591 353 23 45
30 20 5402 932 560 748 448 230 177 62 71 745 462 296 210 173 91 802 490 839 500 536 328 996 598 73 60 952 571 117 38 152 82 634 370 994 596 660 400 177 122 686 406
31 20 6319 680 420 991 595 526 318 756 457 627 366 722 446 877 525 210 137 361 216 95 43 903 545 739 454 961 577 382 217 902 540 177 93 936 562 300 214 880 533 614 386
32 20 6031 939 566 995 597 97 60 901 544 681 393 10 23 888 534 731 443 841 509 29 57 443 289 810 475 656 399 842 514 349 200 872 520 300 147 785 475 235 183 658 375
33 20 5900 132 121 404 220 636 363 920 550 376 222 822 494 827 505 369 226 90 46 819 496 929 557 783 468 950 570 200 135 451 273 839 502 337 219 946 566 716 428 255 130
34 20 5549 876 519 654 401 202 159 195 121 927 558 348 185 969 583 707 442 783 473 642 399 699 411 604 383 258 176 64 11 394 261 909 541 313 197 375 238 586 344 594 379
35 20 4547 527 334 512 298 157 86 519 320 708 436 203 163 801 473 361 221 268 147 722 432 339 229 157 89 333 194 415 232 998 599 112 104 185 138 967 582 640 387 171 98
36 20 5232 422 258 250 116 460 301 441 279 161 47 799 481 682 413 599 356 615 347 1 24 860 517 840 501 230 159 727 442 320 164 497 317 614 380 608 379 883 535 456 291
37 20 5847 57 10 851 512 282 156 944 564 964 578 913 548 56 40 486 285 452 282 137 89 982 589 627 369 377 234 307 153 952 571 851 505 664 381 28 62 908 546 856 510
38 20 4611 488 314 614 346 16 28 596 350 696 414 257 125 559 317 489 284 1000 600 523 311 48 11 500 299 614 362 850 511 143 57 5 42 472 283 642 365 554 308 157 109
39 20 4851 292 182 287 148 703 404 845 505 432 274 146 55 82 25 458 289 825 494 95 105 502 277 780 466 658 380 683 415 286 181 710 432 504 288 250 181 838 502 327 196
40 20 4940 880 534 108 118 703 405 752 443 655 392 763 466 157 110 523 337 143 57 237 136 931 557 107 27 514 305 37 50 301 178 532 301 692 429 928 553 567 330 351 241
41 20 5240 665 389 96 29 680 427 576 347 961 578 243 101 912 551 19 45 841 496 822 499 311 177 290 168 178 83 605 370 348 191 430 235 651 386 770 470 970 582 112 27
42 20 5021 879 526 53 88 194 111 4 7 275 177 984 591 892 541 838 503 770 464 336 184 7 47 239 122 183 78 779 461 626 373 990 595 526 311 517 317 885 531 66 84
43 20 4897 421 220 733 448 609 375 671 409 228 126 449 277 265 128 556 334 77 25 319 188 612 350 543 310 458 300 221 130 557 336 74 66 989 593 844 508 456 253 712 413
44 20 5069 410 218 641 368 169 75 499 289 566 322 695 429 154 127 775 465 177 66 592 333 218 143 726 440 967 579 85 12 642 367 184 139 360 249 931 556 724 419 623 357
45 20 3328 767 452 67 27 28 45 837 505 205 119 87 79 229 97 3 34 552 341 407 228 143 48 244 187 11 7 650 404 386 229 7 52 521 303 610 376 846 500 56 71
46 20 4278 499 275 200 85 30 9 406 270 740 459 517 297 525 338 518 318 592 339 686 424 186 124 897 536 203 147 446 239 135 60 127 70 736 446 4 56 935 558 175 65
47 20 4360 491 320 24 62 682 405 254 111 340 240 186 89 976 587 376 203 443 269 480 257 283 169 658 377 238 127 590 370 764 448 355 204 67 10 750 455 138 91 626 369
48 20 4983 579 363 951 571 32 58 298 182 802 477 865 516 767 467 994 596 210 152 577 335 282 200 167 139 846 509 51 40 855 507 493 283 364 191 548 343 58 52 227 170
49 20 4411 550 333 405 209 465 310 897 544 409 215 343 186 238 171 39 11 970 581 931 557 791 476 290 182 36 38 499 270 596 340 24 37 144 60 215 156 792 471 188 117
50 20 4582 705 437 481 264 111 80 66 89 295 138 405 258 373 200 619 356 226 103 867 517 385 234 464 255 962 578 512 297 293 149 934 561 97 17 303 192 714 444 353 250
51 20 4314 373 232 423 253 112 53 308 221 541 329 409 239 921 552 641 402 364 212 216 159 436 236 95 59 186 103 204 161 456 257 481 285 986 591 284 173 978 588 215 151
52 20 4622 220 130 722 429 291 157 702 405 69 90 496 314 32 26 338 171 305 205 570 328 958 574 794 466 354 243 275 156 600 363 456 298 599 348 535 320 386 205 542 311
53 20 5881 543 335 601 370 571 327 390 238 730 440 177 141 648 368 379 224 921 556 743 433 95 76 431 256 873 521 699 405 861 509 918 548 482 314 135 104 677 393 888 527
54 20 5190 304 202 784 470 592 342 724 441 528 327 290 146 673 410 749 446 648 378 723 427 530 334 361 209 200 143 307 143 401 214 215 111 386 265 273 152 881 531 811 498
55 20 6061 960 577 96 79 716 440 201 102 857 517 872 526 946 570 241 110 824 486 1 40 727 442 332 236 224 134 821 503 212 101 542 304 763 444 876 529 974 583 938 564
56 20 4885 423 289 951 573 695 415 336 196 408 264 37 57 196 137 393 259 253 180 222 107 764 460 839 504 957 575 750 443 753 454 797 485 685 408 49 23 26 64 236 131
57 20 4574 85 76 808 489 47 7 163 48 236 103 797 484 177 113 693 411 244 118 379 236 665 411 595 377 302 164 181 131 556 359 908 542 476 292 798 483 672 414 366 190
58 20 5154 321 190 193 161 203 142 128 110 417 283 305 194 898 541 786 461 842 502 916 554 926 555 299 145 343 217 464 253 491 308 503 298 895 542 494 324 412 239 472 285
59 20 5423 238 150 270 158 265 120 235 118 492 307 234 157 953 574 91 28 954 570 174 101 581 361 843 497 254 160 802 485 723 432 924 553 897 543 793 474 598 344 526 324
60 20 6267 377 204 835 507 383 225 933 563 740 454 762 444 947 567 762 462 680 393 528 329 784 463 865 525 704 437 173 114 709 438 847 508 702 425 339 229 175 145 290 136
61 20 4176 369 236 636 367 213 163 467 287 518 331 855 517 348 204 118 120 591 338 202 118 153 102 529 332 31 12 576 349 862 525 594 351 391 219 302 199 27 59 570 364
62 20 3744 997 598 677 424 39 39 379 240 230 160 28 5 624 369 282 170 92 31 612 347 936 566 431 287 21 40 252 179 155 65 48 33 102 74 729 438 301 170 554 349
63 20 4735 119 118 101 93 938 561 683 393 845 515 393 237 312 150 737 435 87 33 414 266 537 309 202 116 366 195 380 253 513 314 336 223 927 560 406 220 332 184 843 504
64 20 4615 3 36 229 161 544 354 698 429 68 26 508 291 107 105 196 108 72 69 829 498 624 377 317 193 524 292 235 167 955 575 819 498 739 444 254 189 913 552 597 352
65 20 4381 923 551 186 160 703 416 317 154 314 152 140 96 900 537 703 432 537 331 184 127 895 532 368 200 747 436 525 338 377 238 308 214 47 66 292 167 15 15 281 203
66 20 5432 341 178 580 364 499 307 451 246 52 74 268 143 980 589 707 420 846 510 989 593 391 253 564 322 374 248 734 456 307 226 628 375 953 570 498 275 507 278 195 148
67 20 3933 142 50 357 223 22 40 725 441 384 223 63 8 853 509 606 343 445 287 629 357 81 2 890 532 167 57 128 119 242 175 317 229 669 389 434 234 73 86 640 390
68 20 5630 734 455 847 508 705 435 858 510 151 65 345 197 105 30 701 409 418 275 432 281 815 482 804 492 713 430 680 394 388 203 390 234 214 146 158 89 870 516 933 562
69 20 5868 876 531 743 433 483 277 576 341 680 403 510 296 342 170 645 383 871 527 101 104 861 511 385 205 443 257 379 233 84 67 636 395 488 317 917 555 784 477 932 556
70 20 4881 54 9 643 405 353 237 765 468 60 45 452 253 464 297 954 575 377 216 371 256 365 224 822 492 529 326 114 27 869 523 243 153 68 56 552 309 912 543 796 476
71 20 6129 165 149 247 165 823 485 791 467 652 391 143 122 841 498 842 499 477 264 884 527 824 490 914 548 593 351 748 462 924 557 294 217 421 276 860 509 192 76 624 388
72 20 5185 622 376 940 562 744 449 191 154 525 298 223 160 229 99 433 232 568 319 922 550 878 529 555 310 135 32 575 352 831 501 239 151 482 317 311 151 794 469 173 61
73 20 4474 350 190 406 249 275 142 359 248 99 98 816 484 916 555 310 214 782 468 427 246 420 232 70 38 2 42 727 423 923 559 146 93 392 244 580 363 611 365 338 215
74 20 4063 655 409 182 128 325 211 455 263 297 158 17 6 905 543 866 514 627 388 640 390 68 81 320 184 34 29 495 271 146 83 372 204 723 424 150 66 316 160 533 298
75 20 5478 254 192 901 536 474 294 345 182 676 390 657 412 209 171 75 43 595 368 889 531 996 598 714 425 702 425 231 137 534 346 706 415 656 386 715 416 413 228 214 91
76 20 5266 271 143 631 382 123 78 156 129 390 230 657 384 641 394 617 362 245 122 490 305 970 580 435 294 818 490 572 357 20 11 448 300 958 573 935 559 677 396 479 288
77 20 4154 211 115 9 43 832 491 465 292 594 354 871 531 11 22 185 105 850 512 58 13 56 88 483 263 985 590 28 21 115 73 231 121 329 195 656 375 955 573 384 234
78 20 5581 861 518 987 593 609 349 720 416 687 424 234 175 195 161 917 549 423 282 370 245 926 553 23 14 602 376 159 126 421 238 666 399 277 191 706 439 513 335 866 514
79 20 5508 239 186 564 348 128 48 507 314 899 541 447 273 380 208 269 188 743 454 512 280 164 54 696 412 650 386 699 427 972 583 906 547 950 571 85 3 799 480 408 236
80 20 5976 729 429 919 556 686 430 320 187 990 595 280 145 550 329 887 537 317 204 905 547 949 571 199 95 269 124 764 454 457 298 382 233 265 173 890 535 353 181 841 499
81 20 5197 382 201 450 298 354 189 512 320 143 120 573 323 391 259 109 88 712 428 822 488 918 550 937 564 348 242 795 487 904 539 586 375 43 74 717 430 402 237 296 177
82 20 4423 938 562 410 281 8 59 554 352 164 96 135 116 522 315 449 238 246 130 957 574 800 470 387 222 604 360 321 204 99 70 87 45 870 525 677 406 484 319 134 108
83 20 6129 720 448 12 27 950 570 971 581 73 86 6 24 791 464 848 513 855 505 958 576 954 571 355 187 522 299 741 456 384 249 597 338 921 557 844 508 679 391 78 23
84 20 4170 771 454 400 209 581 357 540 310 192 115 65 69 282 151 87 2 36 21 155 121 109 40 635 366 228 123 496 269 348 200 243 179 437 262 840 504 907 544 988 593
85 20 4705 14 14 150 68 389 245 686 429 511 298 843 514 459 253 100 74 298 162 172 102 577 340 471 302 51 77 892 530 570 345 974 585 232 138 180 157 892 538 949 569
86 20 5806 668 406 375 240 841 511 955 571 978 587 686 421 319 167 34 5 106 68 96 16 426 280 961 576 733 430 525 293 772 476 739 450 1000 600 487 310 460 249 452 256
87 20 4354 477 299 99 107 853 515 26 56 31 34 166 147 798 474 616 366 971 581 284 151 237 132 819 502 617 380 753 449 328 176 492 279 69 38 342 210 107 68 623 386
88 20 4363 357 208 186 109 44 60 855 511 247 142 375 223 410 265 737 449 848 514 498 308 831 501 490 308 160 143 338 178 923 554 412 226 632 396 318 164 55 70 10 22
89 20 4491 830 494 99 13 381 231 258 189 607 354 825 503 233 106 226 92 665 402 479 266 31 23 51 17 979 587 491 282 272 132 296 213 932 556 377 200 631 391 320 231
90 20 3997 342 172 78 18 179 140 468 258 145 103 473 276 502 323 764 459 90 22 966 581 380 197 252 107 887 537 2 60 252 154 133 43 641 371 614 362 422 283 405 242
91 20 5630 752 465 431 240 424 272 844 508 280 154 864 525 569 361 50 3 509 294 801 483 164 101 394 227 111 107 860 520 822 484 488 314 932 556 817 496 638 378 510 313
92 20 4437 618 361 22 1 38 60 62 79 868 528 675 393 274 166 545 312 388 207 815 488 315 185 609 384 486 288 689 429 939 562 45 20 33 66 717 442 355 213 382 242
93 20 6267 750 443 228 123 194 91 764 447 861 511 634 365 976 585 224 115 582 350 512 284 834 495 766 452 867 522 891 533 548 338 867 528 122 59 411 261 755 460 748 445
94 20 4287 131 100 43 60 330 190 459 291 922 553 646 400 951 569 560 315 362 200 463 291 26 42 60 51 218 175 429 267 81 55 817 493 224 104 838 500 816 494 199 129
95 20 5169 174 132 348 236 717 439 688 411 597 369 193 92 533 309 458 263 515 327 74 99 677 407 951 569 347 234 446 255 780 480 937 559 968 583 684 409 177 103 75 54
96 20 4922 817 481 329 193 909 550 881 524 660 407 74 7 381 238 507 305 51 38 55 87 595 341 153 76 166 96 609 366 133 83 466 279 684 408 901 536 798 473 675 396
97 20 5418 401 263 67 51 962 578 12 35 344 245 433 258 844 516 678 393 722 439 422 260 505 282 947 571 452 263 293 141 184 79 217 172 882 523 834 492 828 502 809 478
98 20 5406 858 515 551 358 248 120 932 563 184 67 919 552 765 446 677 426 738 428 879 528 966 579 418 232 237 107 20 23 791 466 133 58 239 169 132 69 545 326 581 363
99 20 6198 860 515 973 584 611 374 370 223 719 446 645 379 517 311 753 462 614 355 143 50 382 252 959 576 845 498 211 96 747 441 522 295 58 13 824 501 737 433 907 549
100 20 5152 422 225 182 82 565 335 110 47 616 350 797 478 503 288 361 213 550 351 344 227 433 291 962 579 946 568 542 342 958 577 97 63 208 164 483 305 919 556 307 197
101 20 5335 921 555 31 59 500 298 101 66 390 235 368 210 441 270 801 469 600 368 121 22 611 382 16 11 501 293 793 476 891 532 924 556 840 507 862 517 877 529 82 20
102 20 5076 733 448 429 254 819 496 865 514 501 277 370 239 237 173 39 53 17 27 69 34 830 508 757 463 901 538 769 460 744 444 340 178 199 75 552 344 458 260 523 287
103 20 5417 844 512 402 215 354 174 555 353 456 306 987 592 835 501 625 355 104 74 85 62 631 360 939 561 560 314 132 110 506 301 57 62 489 320 993 596 311 201 970 583
104 20 5677 8 49 964 577 899 544 511 315 989 593 842 506 807 478 445 263 931 557 644 406 306 171 28 40 169 53 653 386 366 194 186 157 333 228 992 596 719 446 562 316
105 20 5040 884 530 454 263 959 574 732 431 25 14 866 522 25 7 425 223 262 138 628 356 828 492 105 93 724 424 392 219 36 12 990 594 519 318 103 103 648 388 476 259
106 20 4695 682 422 191 73 8 64 970 583 136 56 479 310 57 51 533 318 318 221 858 512 540 350 741 429 253 139 101 89 675 395 239 147 846 501 846 515 180 74 737 438
107 20 4518 34 21 523 306 520 307 279 190 966 581 697 410 890 540 294 210 467 275 850 509 538 339 439 251 338 230 522 317 105 53 406 277 294 208 486 313 219 109 170 121
108 20 5049 668 384 942 569 40 34 221 173 767 457 272 207 622 389 808 492 314 217 866 516 536 329 118 73 427 252 731 455 509 331 69 30 349 178 572 329 954 573 313 170
109 20 5540 281 175 296 137 881 535 657 407 910 541 531 335 735 448 1 5 780 466 185 63 924 559 365 205 84 33 996 598 695 401 622 369 206 97 427 287 850 509 654 380
110 20 5372 735 446 298 148 861 521 979 589 357 210 704 434 312 188 290 155 996 598 902 543 563 324 134 132 121 30 349 203 579 353 362 218 777 469 337 220 551 310 538 344
111 20 3945 957 574 790 476 311 154 699 435 17 67 387 218 530 341 331 208 173 92 74 14 45 84 551 318 890 534 274 128 172 92 291 147 158 46 135 79 491 270 614 351
112 20 4997 799 491 927 559 201 161 736 447 689 410 227 113 939 566 465 276 833 496 195 125 678 400 47 53 1 17 639 398 57 76 313 210 844 513 409 274 658 384 338 234
113 20 4344 515 316 280 151 300 150 868 514 557 341 111 99 492 299 315 175 213 87 156 65 484 293 101 98 467 306 334 208 506 282 241 151 974 584 853 519 775 466 147 128
114 20 5942 606 372 82 6 984 590 340 234 983 591 687 401 90 30 454 263 613 356 587 368 944 569 847 504 832 505 578 327 212 152 777 459 148 95 211 137 931 560 978 588
115 20 4290 783 473 887 531 95 65 832 490 152 86 237 114 400 269 300 163 25 61 393 271 146 94 406 253 474 257 303 170 675 387 661 399 400 270 43 66 802 475 566 357
116 20 5357 939 560 366 210 794 469 440 241 816 494 713 420 830 492 859 507 71 47 880 523 119 100 813 493 383 202 893 532 882 523 157 129 96 39 228 163 78 62 357 241
117 20 5587 293 181 802 470 809 486 586 371 56 41 939 561 443 299 848 507 15 39 848 510 174 127 723 450 346 234 342 242 981 589 875 527 103 30 990 595 659 408 342 171
118 20 4609 76 65 889 528 386 210 308 208 4 15 920 552 250 168 248 168 659 376 36 11 588 334 235 174 782 461 913 547 980 587 872 523 62 91 667 412 141 38 203 130
119 20 5405 780 460 992 595 781 459 309 211 572 343 746 435 927 558 1 51 328 164 936 561 254 157 860 519 481 262 881 527 363 209 170 136 985 591 378 230 55 36 11 47
120 20 4467 912 544 240 153 876 520 102 29 366 229 250 146 317 178 755 445 127 87 186 65 652 394 158 63 959 576 783 464 367 190 249 127 721 436 558 349 54 12 302 171
121 20 4542 43 27 108 77 805 488 307 219 464 293 943 568 556 340 476 275 79 50 188 99 925 553 531 299 588 371 444 284 624 375 24 11 508 286 589 350 534 303 349 189
122 20 5158 853 508 329 236 425 261 624 392 357 251 871 526 960 576 406 277 252 129 343 230 754 452 906 539 932 557 73 38 79 34 149 46 886 528 461 272 338 218 319 176
123 20 4820 238 143 726 452 709 422 926 560 400 211 99 22 769 448 673 403 968 579 473 315 956 575 52 26 227 136 98 94 635 360 112 118 730 430 82 72 749 463 18 26
124 20 4732 577 348 737 427 558 332 23 44 792 470 453 243 723 441 171 87 224 168 300 169 687 407 640 372 233 148 748 449 139 125 184 106 188 115 465 298 900 535 723 432
125 20 5178 915 551 354 223 786 464 240 118 177 69 766 454 96 69 989 593 290 138 831 498 202 147 738 443 666 396 83 3 128 56 155 77 328 196 747 447 986 593 880 523
126 20 3683 168 121 1 15 353 184 651 377 683 411 869 519 357 206 412 271 218 88 466 277 107 45 925 555 70 10 203 138 10 17 446 270 165 127 34 33 826 497 403 222
127 20 4906 506 323 424 254 272 193 273 131 862 512 67 7 700 405 335 224 968 581 682 419 826 501 417 258 935 558 62 53 240 121 567 341 256 145 771 472 465 301 185 138
128 20 4514 564 355 352 191 718 439 473 301 43 20 522 340 796 484 170 115 505 324 130 65 83 2 407 244 434 231 596 374 157 131 642 392 964 578 393 208 804 471 276 133
129 20 5123 210 170 739 450 795 470 624 379 449 249 662 387 986 592 799 475 81 34 400 212 19 4 14 4 602 348 174 112 921 550 585 339 409 248 934 559 93 95 750 462
130 20 6268 278 207 579 354 480 276 418 261 926 559 826 489 534 346 543 301 226 131 467 257 777 459 715 426 701 427 635 389 884 528 772 466 635 397 776 463 834 500 531 307
131 20 5189 856 522 840 512 493 294 298 200 488 313 389 216 994 597 494 308 192 90 417 245 375 211 514 285 656 380 443 261 114 22 617 355 696 431 936 562 260 177 307 182
132 20 4726 659 378 269 204 268 199 861 520 383 245 187 67 240 137 167 112 720 431 354 250 751 447 559 336 602 365 410 237 372 194 803 483 368 237 330 176 502 299 648 377
133 20 6001 789 485 75 13 509 304 837 493 262 171 785 479 555 322 648 381 894 542 517 301 543 317 889 527 568 321 384 223 832 506 545 344 508 318 849 517 428 246 585 329
134 20 3827 509 295 491 311 14 58 646 385 797 490 209 168 378 215 116 40 521 331 547 343 67 47 148 43 48 6 468 301 891 536 449 246 644 395 300 162 233 158 179 117
135 20 4765 854 509 174 81 345 220 178 112 307 155 740 451 746 450 512 313 441 263 880 525 276 158 69 54 181 93 603 365 82 22 677 420 679 397 147 123 940 563 699 414
136 20 5096 536 338 43 78 976 585 1000 600 953 573 484 287 601 379 205 124 496 326 643 375 236 168 461 263 96 101 182 155 910 547 413 230 414 218 858 511 35 24 650 396
137 20 4150 311 192 956 576 112 88 98 17 209 132 188 81 826 505 277 176 867 518 275 200 169 85 913 550 600 348 83 70 138 120 324 156 891 530 85 8 254 121 725 444
138 20 4579 57 55 566 340 445 277 31 12 453 269 361 180 24 34 38 11 299 144 171 80 810 476 824 501 639 381 743 456 882 525 302 215 543 329 917 552 968 581 86 84
139 20 4155 23 37 502 279 565 364 310 195 606 361 62 12 287 159 456 279 972 582 184 62 829 504 995 597 130 51 50 53 175 123 356 195 412 221 985 591 129 26 283 195
140 20 5022 43 59 979 589 314 193 767 459 981 589 59 42 757 466 163 69 287 214 567 319 316 184 104 16 994 596 465 285 713 423 446 291 747 436 10 26 935 564 397 216
141 20 5375 393 205 49 16 160 115 985 591 958 573 858 508 673 411 132 46 748 436 113 81 669 386 568 331 310 223 514 309 359 229 692 432 653 412 933 564 903 544 80 12
142 20 5693 661 396 393 266 375 227 760 463 783 459 600 368 384 253 684 392 338 215 483 281 410 232 562 352 164 88 542 306 34 39 644 387 842 499 970 582 785 461 972 584
143 20 6785 884 529 914 553 785 464 386 230 26 2 683 420 644 397 903 541 228 131 851 502 785 469 895 543 638 405 422 241 736 440 938 566 811 483 994 597 225 108 822 487
144 20 5333 602 357 664 409 557 345 442 270 218 114 94 24 145 62 991 594 387 261 999 599 415 214 589 342 254 190 965 580 749 443 368 243 893 538 390 243 195 136 750 439
145 20 5283 825 494 617 372 518 313 368 245 882 528 445 290 402 265 796 484 944 567 649 387 192 132 92 31 196 119 971 583 290 182 771 458 353 189 184 112 134 82 937 564
146 20 4976 855 509 182 93 593 353 464 278 209 135 43 54 278 156 277 206 638 389 696 421 485 307 564 348 998 599 938 567 208 91 515 301 549 316 579 329 209 109 672 390
147 20 4644 600 338 185 69 2 51 806 494 96 101 317 162 813 488 273 175 249 162 679 409 295 205 97 10 328 180 805 487 366 221 788 471 969 580 389 253 628 355 604 386
148 20 3734 678 414 296 176 555 328 44 52 248 122 257 176 583 366 171 103 981 588 236 175 499 328 724 449 161 88 395 268 118 66 287 199 763 465 133 97 169 119 171 88
149 20 5462 156 132 499 279 485 307 636 385 799 481 945 571 333 187 936 563 580 372 335 161 655 407 578 324 159 108 573 322 467 256 821 495 488 282 733 447 344 174 403 252
150 20 6033 144 128 658 409 991 595 656 385 969 582 517 286 852 517 999 600 591 332 973 585 755 445 476 316 5 34 775 462 374 198 477 270 863 520 384 253 411 267 197 165
151 20 5925 802 475 182 124 658 395 818 488 847 510 410 251 910 542 779 460 887 530 969 581 126 118 831 490 173 141 652 391 870 519 253 114 4 14 723 447 501 296 455 262
152 20 4760 962 576 635 402 102 102 477 260 609 364 397 214 586 375 370 228 669 421 551 330 18 12 214 151 566 330 260 185 56 19 714 415 570 342 809 485 197 122 758 469
153 20 5259 3 52 248 183 912 544 148 70 502 302 465 281 375 245 957 575 974 585 344 193 535 315 827 499 606 356 709 440 378 232 137 46 358 231 729 436 482 271 829 493
154 20 5349 205 158 749 457 9 42 30 66 206 78 899 536 245 186 610 378 855 508 320 201 731 445 917 550 252 110 474 279 891 531 748 450 569 335 896 544 183 148 909 549
155 20 4025 392 201 607 386 398 217 509 320 40 58 236 164 375 230 178 95 803 484 495 267 235 113 625 390 36 31 502 314 454 255 329 209 583 335 384 243 581 342 289 148
156 20 5692 777 466 613 389 696 429 367 202 720 437 905 541 469 292 133 92 27 7 701 413 437 275 744 461 79 50 372 225 914 553 406 264 916 554 201 80 931 561 976 585
157 20 5568 600 339 442 232 471 269 842 514 387 214 109 94 280 206 355 189 478 294 573 349 207 140 959 573 848 515 652 371 502 285 12 52 938 563 796 481 708 427 977 587
158 20 5691 945 568 408 260 487 310 775 457 68 67 350 206 681 398 516 327 516 313 480 259 634 392 886 539 183 122 493 306 619 383 607 352 635 379 533 293 699 420 867 526
159 20 4626 186 64 62 22 510 327 609 365 57 45 937 560 446 268 991 595 145 66 215 109 639 383 204 132 16 1 672 384 851 506 374 209 932 561 896 539 185 158 325 230
160 20 4349 831 494 426 271 785 467 806 493 6 32 281 145 125 84 589 345 92 63 708 415 44 47 282 141 231 123 140 65 607 356 935 562 316 168 255 121 471 269 769 452
161 20 5627 480 282 325 218 332 190 527 332 255 173 939 565 995 597 714 444 611 347 564 343 689 413 530 307 847 504 5 47 425 262 958 574 454 240 331 208 874 524 399 209
162 20 5229 679 404 469 262 825 502 626 389 925 560 664 403 996 598 305 146 719 444 658 386 472 278 470 263 627 369 263 125 19 8 650 407 411 228 465 291 66 30 149 96
163 20 5009 494 277 27 16 180 91 637 391 292 138 492 291 213 143 498 316 191 159 746 434 696 407 528 335 928 556 771 472 925 553 997 598 709 419 185 138 47 68 462 271
164 20 4450 24 31 1000 600 123 101 391 252 119 124 505 333 954 573 449 296 804 482 611 381 444 258 447 260 76 40 578 360 258 168 226 176 322 161 232 132 649 380 689 410
165 20 5353 784 477 345 210 450 253 379 216 572 354 420 228 54 34 864 516 266 201 946 566 498 325 723 418 570 321 202 105 667 384 721 430 668 399 624 373 133 96 820 485
166 20 5482 58 60 804 488 431 270 59 87 840 497 463 308 126 59 525 314 600 371 123 49 177 133 981 588 737 455 933 558 36 3 760 459 771 471 760 470 908 549 873 523
167 20 4034 179 69 195 157 549 305 38 41 121 37 758 452 133 97 289 214 731 444 256 140 557 313 694 424 30 56 304 144 675 402 801 484 167 63 625 361 184 152 782 478
168 20 4002 428 242 568 346 484 297 305 147 79 67 325 182 95 76 346 194 421 239 492 319 492 312 538 342 153 44 527 328 908 545 230 101 138 100 932 563 98 65 446 248
169 20 5137 413 237 657 378 407 249 191 141 34 58 822 493 777 461 877 521 997 598 167 128 247 110 565 331 660 415 15 14 869 525 570 332 335 231 227 163 991 595 453 278
170 20 5374 26 31 225 164 778 464 588 353 585 352 446 294 949 571 38 62 652 383 474 274 156 86 389 220 829 502 911 546 263 170 635 372 623 370 648 409 599 375 935 559
171 20 6351 725 435 13 20 875 523 563 325 593 375 627 364 741 441 547 310 903 544 341 205 826 488 747 453 546 334 539 297 918 553 658 390 888 528 483 302 654 387 516 336
172 20 5318 780 481 738 456 545 310 993 596 596 340 135 56 325 184 782 457 295 198 542 337 761 455 972 584 35 35 720 439 665 388 461 280 13 42 730 447 241 186 308 199
173 20 5707 609 354 218 114 407 265 871 529 579 361 496 305 62 36 241 114 950 571 22 14 381 240 812 479 898 543 639 390 635 378 527 306 374 224 977 587 760 461 957 572
174 20 5404 826 503 661 382 490 319 937 560 221 104 147 94 748 453 811 482 384 216 30 73 910 550 30 37 87 18 265 150 607 347 401 261 755 452 909 551 742 442 848 515
175 20 5880 893 538 873 521 706 431 413 281 953 570 484 281 891 530 777 469 430 252 921 549 390 211 63 23 887 529 880 523 8 5 74 18 506 277 877 532 501 295 234 172
176 20 5360 792 484 773 477 342 232 914 549 444 291 219 148 86 23 423 244 132 82 783 470 332 225 808 489 777 460 881 532 561 339 69 72 29 12 965 578 654 404 737 434
177 20 4662 287 186 304 191 325 171 187 154 74 23 795 474 238 140 18 16 216 165 588 331 789 470 340 188 462 301 689 428 457 253 866 518 335 206 980 589 733 444 642 379
178 20 4616 4 19 438 297 355 194 373 238 201 160 361 226 677 406 953 573 640 391 54 63 184 127 768 451 300 142 898 540 433 282 658 397 923 554 590 367 261 172 162 55
179 20 5322 658 404 463 260 262 134 773 473 651 400 643 387 707 438 368 206 133 102 291 150 646 403 237 177 602 342 811 481 195 140 690 430 671 404 962 579 353 227 529 328
180 20 5435 923 558 257 164 513 314 790 476 447 270 732 447 209 161 826 506 789 470 360 233 214 132 758 460 641 368 930 558 751 460 656 381 115 103 333 230 221 166 406 230
181 20 6052 836 508 756 439 492 290 872 528 46 30 69 51 995 597 33 55 728 449 706 433 933 564 695 423 890 535 156 133 934 564 272 162 555 320 963 579 441 284 732 447
182 20 4235 348 216 585 351 346 212 332 211 488 313 145 38 734 436 425 264 136 101 833 506 625 370 388 268 300 221 486 293 873 519 86 93 480 291 9 25 241 128 610 373
183 20 5155 790 479 561 347 502 284 671 402 5 28 268 203 693 400 873 528 937 564 879 524 352 188 65 27 792 466 744 448 554 319 330 209 331 220 421 258 36 12 506 303
184 20 4497 516 334 78 68 292 209 166 115 40 36 865 527 897 537 334 186 578 348 744 457 198 113 239 113 69 11 571 322 161 80 545 308 764 457 895 540 155 55 888 527
185 20 5111 932 563 823 496 854 506 460 298 627 357 951 569 551 338 674 393 679 406 537 303 247 154 116 78 623 388 900 539 736 431 7 60 207 123 103 57 46 47 150 85
186 20 5018 50 53 906 547 803 471 874 525 507 333 902 546 709 440 156 126 869 517 547 346 67 45 184 72 29 25 351 197 789 483 262 198 560 323 117 73 751 445 604 348
187 20 4834 40 43 81 81 654 373 872 527 340 225 187 87 512 304 640 380 109 69 903 544 28 38 271 192 997 598 38 25 572 326 655 390 216 117 965 578 928 553 661 391
188 20 4852 429 224 764 472 418 254 71 97 239 142 75 71 99 42 789 485 621 368 274 179 877 526 362 209 887 533 51 33 139 33 982 589 979 588 332 225 953 573 364 216
189 20 4686 10 33 887 528 246 179 24 68 286 197 398 251 241 117 851 518 589 337 992 596 474 279 94 43 404 210 290 196 413 259 80 62 934 564 956 576 933 556 271 147
190 20 5277 674 413 975 584 698 401 972 582 98 102 317 152 74 36 43 26 419 282 174 135 679 406 247 133 589 377 576 355 751 449 899 539 478 312 799 488 389 218 703 424
191 20 5043 624 363 634 392 962 577 304 220 478 267 425 237 568 317 481 300 132 66 176 136 380 261 164 58 180 107 875 520 541 301 545 314 431 235 857 508 974 584 356 187
192 20 4347 692 418 401 263 296 184 817 497 774 452 729 425 2 52 177 85 972 584 540 320 800 487 533 343 234 133 28 13 186 109 145 102 415 241 431 280 104 39 418 227
193 20 5215 906 543 656 413 689 430 337 172 624 381 559 349 206 102 719 444 593 334 65 3 680 391 310 211 516 303 90 77 253 126 578 371 613 378 781 460 803 480 453 259
194 20 4735 524 325 766 469 309 213 829 503 135 76 962 578 1000 600 972 583 369 201 388 217 223 100 10 6 427 255 646 386 178 99 733 430 188 99 263 157 99 26 449 289
195 20 5213 345 192 598 365 504 330 105 24 868 515 652 374 804 477 997 599 955 572 631 363 110 89 567 343 244 143 189 145 530 336 216 122 406 235 753 452 124 102 828 492
196 20 3812 156 84 227 158 121 70 495 297 16 44 326 228 453 251 554 330 870 529 225 167 740 452 246 111 483 314 576 358 82 97 42 5 896 542 747 447 158 63 211 159
197 20 5250 639 381 80 15 235 118 814 498 977 587 871 528 437 253 69 51 786 466 766 451 469 284 206 81 324 159 359 210 493 279 364 241 722 441 745 434 313 225 831 496
198 20 5449 628 390 58 88 523 294 395 273 975 586 962 575 465 271 964 578 362 221 524 332 662 407 439 257 140 83 908 543 931 559 144 97 357 178 113 61 964 579 385 250
199 20 5500 281 149 79 100 697 406 729 426 806 475 870 524 691 415 667 400 236 104 699 435 846 510 413 223 508 307 408 273 59 22 689 432 884 525 781 459 276 136 381 204
200 20 6240 932 563 620 370 728 426 385 247 589 332 747 457 932 557 157 64 962 579 574 334 298 209 862 516 747 439 563 338 206 135 289 207 984 590 912 545 134 100 860 521
201 20 4198 28 21 450 299 500 295 653 375 879 527 1 54 133 110 482 303 551 333 397 210 80 39 266 177 740 443 509 297 841 512 660 396 64 52 585 365 357 218 221 92
202 20 5170 885 536 856 512 442 269 453 282 462 278 530 291 175 91 58 14 793 479 383 203 727 442 326 178 403 228 867 520 347 217 791 469 544 307 571 318 68 65 659 415
203 20 4470 487 309 299 192 77 72 775 477 483 267 59 23 862 517 370 191 675 390 2 1 703 438 683 415 397 207 610 343 543 345 351 176 17 45 800 487 473 299 274 124
204 20 6065 960 579 435 234 763 453 505 324 513 328 744 445 288 184 838 512 495 276 928 558 216 119 758 467 518 340 197 141 902 539 675 424 519 307 713 440 482 311 682 403
205 20 6165 886 536 522 319 68 76 875 520 762 470 754 462 593 345 749 445 556 329 759 456 495 279 605 344 692 405 357 249 324 187 712 435 438 230 826 492 755 467 602 353
206 20 5860 717 441 493 325 956 571 769 468 520 322 848 511 451 240 270 178 41 23 279 164 816 500 868 529 742 439 529 306 890 537 127 55 535 328 694 417 917 550 259 176
207 20 4743 172 87 483 296 696 410 281 172 943 563 959 576 146 127 885 529 1 4 998 599 165 121 268 123 463 306 665 407 23 11 345 212 853 504 717 435 39 75 385 237
208 20 5820 557 327 792 463 407 241 299 152 870 525 691 433 830 492 477 287 664 417 334 230 467 291 805 479 436 261 697 408 295 148 912 550 335 219 522 298 491 310 760 463
209 20 5300 296 205 834 492 540 315 626 365 189 113 762 465 48 74 204 155 913 546 424 270 327 173 295 197 907 540 863 524 633 398 205 123 269 145 451 285 969 581 845 507
210 20 5173 184 135 92 54 924 551 454 266 834 496 858 519 48 77 998 599 944 567 303 154 948 568 608 369 296 187 491 325 523 286 349 214 164 113 431 290 167 86 730 435
211 20 4138 294 173 565 344 599 337 155 123 539 328 962 580 573 338 115 27 226 105 443 281 182 67 569 359 202 117 301 177 108 59 284 139 673 402 749 455 204 130 534 329
212 20 4777 790 466 7 3 407 249 32 56 638 370 466 262 195 137 665 415 147 72 742 435 521 311 904 542 478 302 574 325 478 275 680 415 191 87 226 171 597 380 816 487
213 20 6027 373 252 634 370 750 443 576 362 874 529 700 407 31 69 832 496 654 412 522 287 765 465 528 344 310 176 833 501 718 441 440 260 387 250 947 569 456 261 725 431
214 20 5628 98 74 584 342 848 507 61 55 933 560 128 30 652 406 813 480 966 580 707 440 948 569 365 245 791 470 745 445 533 295 547 337 115 90 306 166 520 323 597 381
215 20 4594 795 468 295 158 800 470 759 470 384 257 660 397 172 86 835 496 349 190 544 351 130 66 302 142 245 108 93 76 864 518 530 310 867 520 67 53 126 85 371 212
216 20 4660 82 69 936 564 443 272 809 485 637 384 820 485 526 307 951 570 227 163 67 30 276 162 70 13 702 423 696 432 713 420 46 64 399 275 20 49 716 414 184 76
217 20 5295 322 227 818 482 946 566 431 282 231 96 205 126 798 487 177 130 503 290 400 211 723 431 498 271 918 554 206 131 250 116 720 444 882 534 155 115 676 425 731 455
218 20 5170 737 435 689 430 562 340 130 75 468 253 727 422 226 132 176 152 719 428 133 124 942 563 145 100 384 253 740 460 786 481 403 219 598 338 833 505 597 379 345 192
219 20 4591 492 302 474 260 287 142 623 379 682 413 212 82 460 267 992 596 135 45 287 165 569 352 192 102 115 120 532 304 383 265 889 532 9 63 900 544 342 178 608 375
220 20 5274 949 567 540 300 250 180 847 507 634 398 839 506 633 376 265 184 499 305 983 590 124 41 627 368 126 53 983 589 425 229 41 44 263 166 821 482 99 15 601 343
221 20 5188 520 296 56 6 900 541 974 583 371 200 60 79 381 215 456 243 545 322 548 353 215 136 941 563 234 139 415 229 961 575 738 436 661 382 334 238 92 90 974 585
222 20 4490 131 87 27 66 671 393 884 524 778 457 575 344 16 61 419 227 14 58 429 230 297 183 569 323 770 462 126 113 866 520 240 164 527 325 265 190 726 422 651 389
223 20 5199 853 520 376 231 930 560 880 525 785 474 682 407 275 197 72 21 84 54 228 165 540 307 788 484 691 425 92 93 786 459 857 507 181 129 420 240 320 190 558 327
224 20 5321 766 460 201 100 238 173 568 345 314 172 704 410 461 288 831 504 846 515 600 362 238 163 389 262 450 284 634 389 428 240 585 359 808 494 638 371 568 340 376 201
225 20 4549 662 381 525 307 236 104 25 39 374 196 314 150 363 180 721 425 447 259 84 73 619 368 961 577 940 567 937 566 265 192 689 430 565 352 174 86 42 17 155 54
226 20 4605 420 260 685 394 503 293 146 139 483 261 986 591 801 486 221 177 815 495 312 206 321 168 547 329 12 62 27 57 182 95 710 432 725 430 55 59 490 268 769 458
227 20 5139 699 417 397 267 686 415 46 69 865 523 793 469 32 12 353 199 813 482 976 585 686 394 702 422 331 181 315 204 224 147 379 238 467 298 393 257 790 464 332 230
228 20 5070 63 78 429 260 547 337 330 209 898 544 791 485 365 197 76 83 250 187 632 398 617 389 629 358 486 276 870 521 54 64 512 333 852 515 689 409 809 480 241 182
229 20 4801 558 318 732 443 694 429 7 29 832 495 667 400 292 153 651 399 828 496 363 182 802 477 146 53 97 50 794 479 490 323 529 299 26 1 506 277 417 278 171 123
230 20 5223 966 582 377 261 163 91 156 133 858 518 634 362 819 494 773 458 78 49 468 251 549 322 534 314 700 409 646 406 582 345 406 233 361 232 277 145 659 416 440 239
231 20 5076 921 553 250 146 129 98 625 362 634 383 213 174 110 30 804 490 524 287 705 430 585 363 13 13 522 288 156 76 973 585 507 310 759 460 874 522 672 393 176 154
232 20 4924 828 502 402 219 289 193 804 493 412 241 858 513 692 405 43 44 109 52 744 446 775 464 100 22 85 1 515 290 768 472 880 533 548 347 382 217 463 301 151 64
233 20 5168 636 386 663 390 954 571 37 33 256 129 798 486 581 372 666 381 708 419 182 127 21 63 496 282 516 301 636 388 498 269 858 517 538 322 303 203 416 261 574 365
234 20 4841 543 300 432 234 210 157 288 144 259 131 511 298 236 124 591 333 715 415 462 273 486 292 885 527 691 406 610 357 729 452 65 93 507 313 8 6 696 419 758 448
235 20 5691 991 595 363 232 891 541 84 77 908 549 196 146 876 521 772 475 336 166 857 518 820 491 508 292 494 268 663 398 274 193 516 327 773 456 277 179 271 126 512 315
236 20 4513 513 324 630 398 569 330 148 87 650 371 217 85 407 223 44 72 534 301 36 32 484 296 587 359 558 352 880 522 215 83 464 289 10 40 326 234 889 532 865 518
237 20 4804 543 322 806 477 460 258 212 89 528 312 841 508 904 546 792 479 55 40 357 250 729 453 111 119 65 34 768 471 52 54 284 143 189 157 853 504 215 127 844 507
238 20 4259 478 305 200 107 933 560 575 329 400 210 366 224 584 334 471 269 257 187 464 248 228 160 391 241 38 56 104 19 241 137 391 226 502 322 483 295 448 239 964 579
239 20 4743 280 159 417 258 348 202 131 88 475 259 346 179 585 357 510 292 555 335 596 372 11 29 671 422 441 253 983 591 163 146 667 402 893 539 301 161 576 354 538 296
240 20 5330 769 466 649 387 408 277 322 189 898 538 671 417 956 573 131 128 853 509 737 438 138 67 925 556 966 578 255 141 481 258 147 105 353 194 842 508 150 105 9 57
241 20 3757 302 170 494 319 223 139 465 286 816 500 59 42 101 10 413 219 341 242 972 583 68 40 43 67 685 418 4 38 277 203 195 91 177 103 148 45 775 466 957 574
242 20 4791 505 288 791 474 296 163 539 319 265 120 165 116 518 297 741 452 272 162 198 103 621 360 181 99 986 593 778 457 290 141 187 128 447 274 833 503 328 173 642 403
243 20 5282 600 378 259 136 719 437 566 347 464 260 708 432 94 39 458 294 2 14 472 292 492 305 752 454 483 305 614 391 694 435 723 432 638 394 606 344 757 454 463 295
244 20 4838 575 329 168 145 545 330 704 424 890 535 451 274 394 206 735 437 182 132 200 165 537 320 857 516 394 244 171 141 382 225 697 421 787 481 341 204 656 378 10 42
245 20 5004 804 492 5 28 628 380 771 463 886 526 624 355 197 119 139 95 191 99 312 166 981 590 521 329 146 76 179 83 955 572 85 28 799 473 932 556 541 322 313 224
246 20 5128 386 246 429 281 559 310 479 310 238 101 357 189 848 507 85 106 506 296 549 304 225 99 314 225 598 363 351 239 813 496 568 332 864 518 921 554 643 407 523 328
247 20 4491 260 143 670 399 465 275 410 250 767 459 43 53 38 28 904 540 648 380 1 54 300 159 322 178 553 315 693 419 724 450 446 235 212 174 820 499 564 337 142 62
248 20 4946 323 230 618 393 636 383 727 450 905 539 357 192 687 400 24 20 325 174 738 454 1000 600 290 156 231 115 460 291 428 225 725 423 128 42 598 369 291 146 402 261
249 20 5857 902 544 580 365 856 522 866 523 310 149 691 398 13 49 625 378 938 561 828 490 986 592 3 36 162 117 483 289 676 407 912 549 765 454 715 443 161 117 242 183
250 20 4353 223 107 487 308 863 523 143 119 8 23 807 486 173 131 897 533 874 526 219 165 250 164 292 144 328 189 756 449 250 142 184 155 767 473 107 69 357 194 721 428
251 20 4379 440 283 710 423 85 95 684 426 390 235 498 286 444 255 480 317 694 417 763 461 462 295 51 72 563 319 98 61 147 51 83 1 768 447 179 105 829 499 391 210
252 20 5051 726 448 425 246 614 364 363 232 50 74 589 339 245 168 217 100 960 576 679 398 743 445 753 459 548 306 314 198 137 45 181 117 489 270 712 421 814 490 543 304
253 20 5676 630 366 706 423 799 487 826 501 577 327 605 358 79 89 550 351 632 374 288 194 820 492 955 573 180 155 634 393 202 80 644 369 768 462 81 28 923 553 453 301
254 20 5769 840 513 126 126 424 242 587 367 94 99 797 467 997 598 520 299 591 354 475 307 649 403 182 79 664 407 473 290 898 540 897 533 804 486 469 266 157 81 894 534
255 20 5796 937 563 818 496 190 126 934 560 933 557 405 251 153 103 704 425 979 587 41 31 328 207 875 528 773 475 540 298 138 104 197 154 575 366 577 351 899 535 596 358
256 20 4769 304 160 740 450 227 95 334 239 152 66 487 264 524 334 740 446 290 180 649 384 939 562 361 197 326 188 199 134 877 529 251 159 389 235 790 469 118 74 841 513
257 20 4425 968 581 172 124 244 140 723 431 243 138 124 121 45 66 523 341 994 597 668 419 285 129 105 27 87 12 349 247 554 310 596 363 271 167 836 492 494 296 569 336
258 20 4569 28 1 418 254 664 401 519 331 139 106 252 193 698 414 884 527 662 382 704 417 972 584 141 115 67 62 685 405 329 194 165 137 667 404 74 15 648 405 422 229
259 20 4015 985 591 187 109 701 429 269 126 136 60 371 210 158 130 192 68 45 57 270 146 15 45 897 535 834 502 74 7 318 163 538 311 131 58 270 205 663 383 977 587
260 20 4120 3 24 937 562 828 502 402 266 523 291 14 1 372 247 28 67 154 135 340 177 657 393 285 157 686 398 97 83 954 571 201 156 433 280 430 269 701 423 195 107
261 20 3541 101 37 5 20 693 434 76 7 94 69 224 168 590 346 773 477 215 132 207 131 726 450 555 343 141 123 815 490 479 304 26 16 193 162 250 132 709 430 211 114
262 20 4190 109 100 40 13 398 242 607 371 455 242 841 509 311 228 212 100 632 388 397 203 293 193 744 437 878 534 368 253 70 8 90 63 259 187 568 358 899 540 210 151
263 20 4765 2 50 952 572 790 473 652 407 728 437 923 554 744 446 591 332 54 50 181 146 210 81 957 573 679 396 25 9 834 498 234 101 10 27 248 178 144 65 573 366
264 20 5632 166 80 858 518 181 105 790 485 836 506 1 31 141 86 680 405 7 42 839 501 739 438 719 415 599 366 944 564 343 191 707 430 357 242 993 596 770 462 594 350
265 20 5308 667 385 977 586 266 147 419 226 523 331 103 81 482 267 118 121 880 523 505 285 298 156 954 574 961 575 291 182 115 100 576 332 343 209 858 515 917 550 364 226
266 20 5183 538 331 763 445 729 438 431 253 734 434 238 176 929 559 6 28 641 396 816 483 645 402 98 81 871 517 305 169 77 33 537 322 840 510 506 300 441 285 221 115
267 20 4482 41 35 520 288 936 565 791 477 112 61 763 464 570 355 856 509 487 264 196 115 292 213 300 146 884 537 115 31 608 382 95 69 308 219 858 512 203 125 29 26
268 20 4928 672 388 578 359 397 217 515 313 956 572 780 473 926 556 551 351 179 129 796 475 858 518 403 264 46 7 540 337 474 299 889 529 80 28 165 59 22 20 29 53
269 20 5215 222 163 142 68 907 549 280 200 944 568 977 586 460 262 409 261 704 438 656 403 820 482 170 65 499 274 740 452 349 186 53 37 707 432 467 284 339 217 585 350
270 20 4816 124 50 804 476 29 67 850 511 601 383 503 291 577 370 149 59 775 467 67 86 522 293 109 82 781 473 698 417 344 200 775 453 536 332 155 48 577 369 657 380
271 20 5173 857 521 511 303 487 263 497 321 446 277 241 172 536 318 533 313 342 167 690 401 293 143 992 595 777 474 82 11 130 99 701 405 868 513 187 75 935 563 241 182
272 20 5258 99 12 650 410 543 335 901 547 414 226 17 6 19 10 532 335 571 367 865 527 955 571 545 341 892 538 809 481 857 520 833 504 179 89 645 394 65 88 126 107
273 20 6022 839 494 965 578 341 243 730 454 507 275 534 294 305 164 939 566 578 343 727 450 718 421 164 147 781 471 655 389 838 510 537 342 914 544 101 60 471 294 401 220
274 20 5182 982 590 147 110 477 268 646 384 274 183 150 55 352 215 635 393 483 260 334 237 541 323 961 578 907 542 447 300 46 27 437 272 762 443 167 75 927 560 690 424
275 20 4990 979 588 826 500 330 225 521 338 600 356 344 169 300 179 925 560 272 156 604 369 700 421 62 79 622 382 511 315 167 71 686 412 40 67 669 400 397 222 425 249
276 20 5138 470 296 724 420 42 48 535 299 915 552 185 147 840 511 698 420 997 598 249 109 312 218 27 46 699 417 550 342 663 378 655 409 375 207 731 445 150 128 460 270
277 20 5878 298 152 829 490 957 573 452 268 594 362 927 556 358 214 821 494 67 18 66 9 877 529 877 523 177 103 634 394 870 515 613 380 378 251 572 340 454 303 936 558
278 20 5711 829 492 266 167 739 435 93 94 568 353 476 316 40 49 105 10 734 456 742 453 642 375 453 290 700 404 520 314 430 258 973 585 681 399 798 479 927 558 706 438
279 20 4762 516 320 67 21 384 232 842 507 433 287 406 246 739 434 372 199 550 346 186 145 407 247 86 36 42 74 690 398 314 158 909 542 379 229 659 401 889 534 655 412
280 20 6249 126 34 721 439 745 441 429 225 384 222 994 597 590 330 598 346 988 593 200 119 575 332 783 469 764 464 551 314 808 495 945 564 539 326 124 36 942 568 692 410
281 20 5268 605 378 357 197 769 452 979 586 244 174 726 443 379 258 770 449 693 409 506 304 790 468 12 66 617 375 206 150 425 248 125 24 827 502 664 397 616 392 226 164
282 20 5777 804 486 678 426 254 124 94 88 87 25 344 221 920 549 929 556 961 575 426 279 616 388 662 408 219 129 46 52 794 467 867 528 950 569 751 459 874 518 279 147
283 20 3922 433 241 137 32 519 313 191 134 137 44 818 501 358 231 567 325 230 108 585 340 331 168 648 404 866 522 249 165 471 251 200 142 453 247 426 272 174 66 51 41
284 20 5641 888 531 965 580 281 181 915 550 998 599 47 14 373 256 306 175 292 171 759 460 796 490 302 217 207 143 639 405 948 569 238 106 517 283 848 509 478 318 486 273
285 20 5019 391 202 174 129 583 345 542 313 122 115 182 145 724 420 142 40 325 184 778 460 270 137 962 578 342 197 953 573 294 167 320 195 980 589 884 535 549 354 521 321
286 20 5039 107 87 767 454 143 45 419 286 66 2 481 312 617 377 140 86 878 528 373 231 270 167 763 462 916 554 987 592 727 429 156 70 454 271 974 584 206 108 635 382
287 20 3916 429 231 87 47 201 75 15 27 177 61 437 270 22 43 642 381 842 503 123 30 525 287 791 463 53 12 979 587 635 388 11 12 732 448 133 85 581 354 417 234
288 20 5070 658 389 592 335 844 501 74 81 441 237 47 60 488 307 991 595 830 492 735 435 649 404 110 95 592 364 472 269 23 31 786 468 864 513 312 169 191 145 442 255
289 20 5183 232 118 391 207 418 264 256 140 563 313 742 431 883 531 178 126 970 582 717 415 526 318 867 516 100 89 758 453 422 274 830 492 67 56 786 482 434 230 227 129
290 20 4915 142 100 882 536 29 32 120 33 915 550 552 341 381 236 76 15 4 16 759 442 242 133 447 255 856 516 818 501 392 246 806 489 812 485 124 63 644 384 829 497
291 20 4324 265 183 72 75 749 456 496 285 521 292 480 274 372 206 380 204 920 548 283 155 709 415 261 145 581 342 57 30 157 101 576 354 390 269 926 554 243 108 211 150
292 20 4913 851 515 283 182 739 451 846 503 409 255 158 74 966 578 380 242 727 430 785 475 387 230 66 7 313 226 264 137 211 113 185 157 878 520 402 230 575 347 401 251
293 20 4479 40 10 466 272 801 475 649 409 216 107 56 69 848 512 40 68 306 162 25 7 177 92 712 433 498 301 677 401 369 210 367 199 986 592 618 370 839 510 268 194
294 20 5635 410 238 4 58 992 596 729 433 597 369 72 63 906 545 917 546 8 2 432 233 811 494 561 329 471 292 628 382 271 132 215 152 748 435 636 386 867 515 995 597
295 20 5124 272 149 564 318 475 282 26 62 553 329 50 16 840 513 202 93 538 319 777 455 85 68 868 514 244 106 779 471 826 486 462 270 309 152 818 487 996 598 564 317
296 20 5214 772 460 26 21 255 152 537 343 229 108 781 458 584 357 782 467 712 411 678 392 549 356 616 349 477 277 203 95 652 384 299 196 578 348 82 32 642 380 975 585
297 20 4770 805 494 266 147 381 203 29 73 452 301 389 244 340 236 832 504 308 215 209 140 341 180 564 346 897 544 495 315 589 344 696 425 212 167 878 523 485 307 372 259
298 20 4373 555 355 565 335 906 545 752 444 197 166 437 247 464 253 314 175 325 211 8 20 214 120 571 331 987 593 928 556 1 17 357 195 140 101 483 270 325 170 218 156
299 20 4963 598 371 397 213 717 440 822 491 432 231 247 183 647 403 900 538 216 161 474 263 765 456 420 235 801 478 244 118 62 26 949 568 572 324 321 203 86 88 257 134
300 20 5102 269 147 743 456 360 239 125 35 777 463 541 338 430 289 162 70 731 449 710 440 283 210 371 250 275 203 982 589 809 485 611 382 75 12 931 558 795 478 225 116
301 20 5437 566 359 168 145 905 546 644 399 597 367 640 398 524 317 803 474 147 52 627 397 451 290 516 310 426 281 631 387 185 135 847 503 672 405 561 356 124 23 841 497
302 20 4805 192 100 143 54 978 586 403 263 574 333 524 333 57 69 997 599 602 339 23 46 365 215 566 333 924 559 718 419 295 135 664 405 378 252 318 173 425 284 464 303
303 20 4614 132 128 476 266 173 82 855 515 670 398 984 590 778 479 257 183 825 499 353 182 321 223 208 87 704 412 112 106 426 228 224 137 109 72 452 291 626 354 544 342
304 20 5154 173 111 614 352 806 480 443 233 345 226 95 110 47 8 784 470 122 27 734 451 239 186 177 69 79 6 120 32 991 595 932 559 960 577 902 540 874 523 871 526
305 20 5978 164 72 876 524 505 281 205 126 869 514 705 439 752 439 266 157 485 264 886 525 880 535 560 360 830 492 108 66 937 561 526 297 245 183 721 435 602 351 834 494
306 20 5964 620 354 903 540 617 359 606 382 534 295 317 211 405 212 229 156 898 533 826 498 506 323 943 564 606 367 712 426 204 82 453 267 2 49 798 487 849 517 900 535
307 20 5208 483 282 466 298 722 444 534 304 345 174 148 71 69 59 50 36 417 243 806 488 620 393 645 377 804 474 990 594 518 317 409 214 544 334 593 359 898 545 356 246
308 20 3297 812 476 369 199 776 471 50 54 146 86 1 5 208 149 531 296 133 95 222 138 690 418 235 138 129 96 946 569 243 182 61 60 266 130 284 175 241 161 251 188
309 20 6549 384 267 477 281 958 575 970 581 844 514 687 404 617 360 622 391 609 385 581 370 864 523 839 509 643 366 801 485 778 455 351 213 976 587 860 523 194 147 43 12
310 20 4808 617 380 743 434 984 590 86 49 154 128 339 233 702 431 603 353 81 22 142 47 466 287 221 156 867 527 772 455 583 374 534 310 165 130 223 128 628 383 707 428
311 20 4889 507 321 347 197 359 224 36 53 928 557 433 251 283 195 276 203 811 498 574 327 924 556 462 305 336 232 317 169 830 489 585 367 69 20 395 233 433 289 873 531
312 20 5126 377 257 631 364 717 429 806 494 986 591 400 212 231 108 975 585 226 130 792 478 861 519 140 126 993 596 274 135 28 64 685 421 370 197 480 316 198 97 82 15
313 20 5433 877 533 82 47 751 441 349 217 645 383 729 431 376 207 514 307 944 568 804 493 381 223 939 566 715 422 188 123 961 576 414 275 229 117 222 88 436 271 310 178
314 20 5524 709 426 394 246 45 32 959 575 451 265 468 294 685 413 379 262 933 563 724 436 531 327 495 317 827 494 830 501 174 122 544 333 517 284 801 480 406 220 177 73
315 20 5355 615 382 456 249 716 439 458 268 849 514 284 213 267 157 438 249 316 159 641 392 967 579 722 428 431 280 813 496 509 320 622 364 791 479 787 485 2 52 27 56
316 20 4742 843 511 142 100 526 334 665 409 956 575 765 448 364 235 93 90 719 448 779 471 118 66 453 245 98 39 670 414 688 418 82 4 561 356 393 231 420 270 150 115
317 20 3264 61 72 411 239 148 139 233 94 664 388 847 506 255 132 98 17 422 272 85 74 191 146 219 135 149 103 19 52 9 23 347 236 312 160 723 445 346 241 990 593
318 20 5424 982 589 54 7 621 380 847 511 862 520 831 492 636 369 252 159 511 278 867 520 376 195 997 598 495 326 565 355 697 411 221 105 233 143 383 224 155 134 263 162
319 20 4752 712 413 611 346 786 480 167 132 720 439 390 223 313 219 71 31 329 220 252 141 478 284 582 362 749 458 820 501 270 131 167 139 718 441 524 304 538 305 307 170
320 20 5222 118 121 707 425 825 492 849 513 723 435 700 405 78 101 915 548 587 356 34 15 99 35 28 3 654 393 443 256 479 262 759 449 857 520 158 109 979 587 453 242
321 20 5373 462 245 811 492 231 179 724 446 862 517 904 547 811 495 91 79 368 227 706 430 562 316 813 488 694 424 152 103 767 448 509 288 231 143 170 100 552 326 327 169
322 20 4715 69 14 761 468 18 63 6 57 650 389 658 414 87 66 693 408 914 545 293 138 203 98 411 254 929 554 663 413 599 367 133 117 856 522 989 594 415 231 84 96
323 20 4897 354 236 784 469 98 74 317 203 403 249 107 26 449 282 216 91 226 91 743 449 170 124 613 390 747 445 856 516 761 447 930 555 105 58 126 39 999 600 790 481
324 20 5666 635 373 411 234 208 146 542 309 794 470 312 201 885 538 968 582 444 250 539 319 814 491 71 93 928 553 711 437 833 508 479 274 121 58 286 176 669 390 682 408
325 20 4155 862 518 843 498 155 102 679 415 178 73 349 247 201 93 108 20 83 6 124 86 846 513 730 441 559 336 852 513 254 110 376 258 48 61 705 410 205 159 153 117
326 20 5931 461 258 700 429 1000 600 686 397 298 171 294 194 905 539 250 149 534 314 809 480 711 423 932 563 47 3 787 477 298 217 103 34 994 597 845 502 335 174 873 520
327 20 3453 362 200 434 248 76 74 7 11 869 529 142 105 247 107 89 91 354 186 582 359 223 178 913 552 937 559 915 546 22 37 131 69 81 43 102 13 72 62 348 194
328 20 4520 907 541 586 335 118 41 428 223 526 309 518 304 106 111 387 226 27 54 527 323 241 154 246 165 635 393 494 274 931 558 732 442 543 337 286 130 772 471 30 45
329 20 5253 414 255 283 193 915 546 319 225 574 330 910 546 732 432 426 238 998 599 757 445 499 269 762 451 269 141 609 354 38 41 611 356 510 305 476 276 95 85 310 163
330 20 5483 963 577 812 477 620 384 551 346 958 573 604 366 44 53 80 91 787 460 970 583 462 304 293 154 697 401 424 273 208 113 940 563 20 24 580 362 442 258 511 323
331 20 4536 257 195 16 27 578 344 694 419 235 162 670 407 295 185 623 360 430 264 484 271 765 472 90 99 24 34 902 540 62 23 262 147 709 435 791 468 551 339 634 383
332 20 4094 920 550 270 129 302 219 144 128 124 74 144 93 878 532 74 81 241 145 796 472 294 199 206 104 887 528 916 554 243 142 71 11 386 228 816 490 13 23 464 265
333 20 4368 452 268 428 285 152 108 309 146 296 170 293 210 473 264 613 381 709 430 702 420 160 84 548 355 741 454 431 289 434 248 720 441 537 339 188 73 444 256 107 42
334 20 6016 161 90 315 188 363 196 597 371 755 439 300 185 980 589 880 523 819 488 371 202 792 483 981 588 174 64 906 548 311 193 897 543 322 179 379 252 845 508 885 534
335 20 3711 655 382 286 205 41 65 638 373 648 368 264 126 607 385 207 152 276 141 46 23 593 344 536 311 95 22 24 38 806 493 547 310 358 199 182 121 105 52 509 307
336 20 4253 505 279 321 162 191 127 104 65 228 141 432 251 892 532 187 136 977 585 138 34 104 15 699 417 167 92 337 222 346 171 672 418 176 110 686 428 659 403 685 419
337 20 4099 740 450 694 424 452 290 224 167 72 32 84 59 992 595 151 44 194 80 106 68 684 418 35 74 785 482 215 108 450 265 17 6 787 462 711 438 46 73 760 451
338 20 5465 770 452 682 402 140 65 937 561 957 575 183 154 47 61 931 555 245 173 673 405 305 162 546 343 189 75 216 171 699 411 848 508 899 544 629 387 128 42 906 539
339 20 6086 527 339 327 191 894 532 953 575 487 291 202 127 813 478 998 599 810 483 912 547 436 254 528 298 443 255 198 123 899 541 689 413 261 189 350 207 468 260 977 585
340 20 4999 153 41 31 15 877 533 309 152 720 416 662 393 36 45 968 580 573 358 752 445 224 154 196 143 289 179 461 294 865 520 711 421 576 326 682 397 439 232 474 292
341 20 5648 775 478 676 405 818 482 681 421 86 9 324 173 150 127 567 342 848 513 910 544 915 546 815 495 592 347 130 91 489 307 436 243 618 381 733 427 648 404 86 89
342 20 5014 520 325 859 523 379 209 759 448 184 118 470 261 935 562 405 235 139 94 198 102 904 538 614 355 589 334 166 59 984 591 75 6 386 203 807 484 373 224 282 201
343 20 3358 759 458 123 106 5 56 321 205 567 338 644 391 14 59 498 291 171 131 368 216 704 439 51 40 450 246 20 16 32 34 472 286 654 379 165 102 406 268 292 217
344 20 4753 380 199 128 53 870 527 909 548 143 89 619 389 550 315 807 479 33 68 552 330 855 520 414 238 460 262 695 424 155 49 710 417 585 361 27 42 515 291 99 13
345 20 6006 558 325 918 546 281 196 215 126 779 473 672 410 830 491 332 176 895 540 301 165 788 463 823 500 461 252 656 392 462 306 153 74 840 498 631 398 604 370 814 487
346 20 4874 317 174 324 159 960 575 724 450 544 330 458 279 804 480 548 341 5 21 577 370 328 224 520 294 734 450 370 187 119 121 147 109 210 129 378 220 943 564 739 439
347 20 5606 700 406 200 87 359 223 722 421 982 588 455 249 716 429 751 437 721 445 386 239 980 587 973 585 187 67 854 512 770 462 459 254 169 123 238 105 514 283 76 31
348 20 3364 465 281 119 62 142 93 367 211 69 2 12 22 752 457 314 193 164 123 60 82 232 171 440 254 331 236 600 370 711 438 240 179 875 533 339 241 122 55 374 216
349 20 4871 470 294 185 73 943 568 2 50 804 480 540 299 289 188 844 510 541 327 911 545 306 143 527 329 97 87 39 8 561 358 759 444 516 313 289 134 780 464 339 177
350 20 5953 203 75 978 588 983 591 563 351 402 254 91 82 97 65 748 447 737 439 680 393 832 490 939 562 221 139 499 316 188 82 758 467 892 536 996 598 246 192 853 513
351 20 5407 638 382 527 337 941 566 931 560 158 80 909 543 62 3 723 425 756 453 958 573 192 155 44 5 849 517 772 476 374 249 398 256 608 372 456 291 295 214 224 138
352 20 5984 876 527 462 290 721 431 401 254 962 578 427 231 838 497 655 375 206 103 547 330 701 416 652 372 641 384 654 381 593 364 818 487 387 201 916 553 3 11 508 320
353 20 4879 256 188 624 378 748 437 313 152 368 258 297 148 625 367 63 79 729 431 618 351 219 138 775 463 526 342 666 406 245 152 649 388 942 567 363 238 432 234 301 195
354 20 4339 307 160 360 231 574 329 317 198 980 587 127 115 103 107 855 516 438 259 126 70 375 241 621 368 245 109 519 309 233 176 867 528 548 334 176 109 421 267 487 274
355 20 5207 534 347 680 419 563 356 718 432 192 115 599 362 650 372 651 409 808 478 292 144 292 216 91 47 289 193 981 587 210 82 15 19 720 424 498 310 882 530 750 446
356 20 5430 913 548 151 84 738 431 769 469 658 386 184 132 336 220 214 121 851 513 4 11 128 82 68 27 911 546 940 561 694 409 904 539 213 106 396 213 995 597 793 484
357 20 4713 908 542 939 566 770 451 364 199 521 315 424 255 28 65 802 475 642 402 110 119 573 330 289 199 625 393 447 284 565 345 245 148 319 169 300 168 226 161 330 219
358 20 5757 577 362 183 145 199 112 892 540 526 304 646 369 351 235 993 596 622 381 906 541 560 361 951 569 474 286 290 138 259 168 705 408 868 525 775 476 540 303 198 159
359 20 4893 2 25 155 115 1000 600 278 179 607 358 430 271 91 81 954 572 741 453 870 529 40 57 27 69 662 381 900 541 899 539 823 498 555 330 171 67 496 304 85 11
360 20 4728 421 270 547 343 703 418 994 597 456 295 943 569 22 63 703 429 366 244 400 262 366 215 165 81 76 49 703 419 482 295 544 319 312 147 393 241 363 189 498 300
361 20 5191 648 399 107 92 786 461 502 313 759 458 564 323 937 565 635 403 763 462 148 98 102 9 395 213 272 124 47 32 518 304 785 470 71 7 786 477 738 439 819 496
362 20 5360 201 136 668 421 440 280 326 168 843 511 967 582 968 581 617 356 231 143 965 578 15 17 12 30 723 438 80 63 685 405 101 29 912 542 874 529 577 327 516 281
363 20 5322 927 558 473 289 710 423 143 93 405 272 554 338 902 543 920 554 852 513 711 442 362 254 175 57 758 442 40 51 252 152 905 539 328 237 276 131 333 198 619 386
364 20 5041 601 348 259 172 908 548 363 248 568 318 77 31 165 137 451 279 824 490 562 347 534 305 412 236 983 590 595 350 1 42 608 342 376 214 849 502 524 319 422 279
365 20 5207 993 597 475 295 753 457 953 573 436 242 744 446 28 47 711 431 335 224 472 311 374 197 616 384 65 59 721 419 33 54 602 368 849 512 303 209 429 223 523 316
366 20 5035 680 409 916 554 271 155 156 85 512 298 460 269 751 451 255 190 943 568 259 125 810 497 521 298 433 234 317 185 782 462 316 200 354 219 222 87 583 356 529 344
367 20 3393 426 236 248 145 298 156 51 13 112 79 310 198 83 99 645 390 157 76 639 402 214 130 157 129 357 206 267 146 50 65 341 225 948 572 355 207 887 534 241 162
368 20 4373 39 47 1000 600 239 129 632 371 802 477 21 54 503 309 291 206 788 464 425 282 26 23 662 382 433 276 883 532 184 80 330 220 708 440 33 62 497 313 251 147
369 20 4189 393 267 726 427 447 254 825 489 238 135 446 275 337 174 540 321 86 41 452 277 363 255 945 564 374 235 279 206 487 303 120 80 818 480 37 34 47 4 419 253
370 20 5980 944 570 259 133 591 364 934 558 322 231 509 309 905 542 581 338 5 4 978 587 859 517 261 181 902 546 344 176 958 575 30 57 931 556 90 39 918 549 640 390
371 20 4920 301 221 298 157 522 286 996 598 91 25 968 581 963 576 292 155 607 375 465 302 75 22 248 156 425 231 482 306 778 462 932 559 201 79 148 94 334 186 714 440
372 20 6163 380 235 682 419 737 435 468 280 299 206 766 450 568 322 892 539 811 493 934 558 969 581 266 129 993 596 672 384 888 527 31 53 561 342 940 566 254 145 216 174
373 20 5128 378 229 232 95 862 520 199 131 814 499 902 538 347 242 51 26 657 393 98 93 23 14 776 478 758 458 11 27 834 503 382 232 991 595 836 505 181 91 925 559
374 20 4667 504 301 734 445 583 368 583 371 908 549 434 285 664 397 446 267 750 437 768 450 140 42 76 34 568 341 457 289 637 374 100 46 103 73 91 66 685 417 103 20
375 20 5897 114 75 609 380 991 595 941 563 254 146 177 92 691 430 498 306 716 433 913 550 67 74 616 393 602 346 929 554 908 547 370 214 537 310 612 358 955 573 294 138
376 20 5297 14 67 127 30 818 481 889 528 70 20 247 163 26 47 628 367 844 502 792 471 827 505 881 534 265 187 584 361 74 24 980 588 379 232 837 493 540 320 772 452
377 20 4754 492 276 867 517 827 504 631 395 672 408 164 59 263 171 614 363 931 558 9 37 99 15 73 23 208 81 237 187 883 531 973 583 827 493 90 45 538 300 110 69
378 20 3388 161 130 491 292 537 317 454 272 536 296 257 142 545 334 180 61 506 332 190 156 338 241 766 458 6 41 273 122 322 227 217 107 420 228 176 70 148 89 253 160
379 20 5566 458 281 526 340 762 467 409 221 713 444 790 467 337 241 13 10 317 165 410 244 909 544 997 599 805 479 591 374 717 435 380 258 222 140 839 495 444 259 494 286
380 20 4433 59 49 434 237 852 503 228 106 558 342 868 528 523 298 907 545 181 143 147 122 196 146 432 258 8 28 937 562 901 539 87 99 781 469 72 57 21 5 674 409
381 20 4761 786 473 587 365 923 550 892 541 473 285 375 258 833 499 40 31 421 232 574 345 766 465 196 132 78 100 337 199 154 48 565 356 965 579 364 184 166 95 27 72
382 20 4861 686 403 948 568 27 64 263 118 19 32 525 316 185 135 734 447 809 477 921 556 216 111 897 544 494 323 691 417 35 69 119 115 79 82 850 509 395 262 829 489
383 20 5342 36 12 950 569 286 134 887 526 938 566 484 282 331 213 202 96 605 351 46 35 713 423 898 537 898 537 262 166 674 396 597 341 350 202 272 145 261 186 994 597
384 20 5959 923 553 867 523 874 520 390 262 385 265 819 489 437 252 689 423 193 110 188 68 306 202 575 335 168 108 247 171 881 531 796 467 986 592 721 448 864 523 610 379
385 20 3923 177 93 581 353 634 388 131 89 376 193 813 495 283 182 606 376 94 68 371 247 468 298 776 455 357 214 149 131 413 282 297 201 412 261 598 345 56 75 255 195
386 20 5423 74 71 656 414 208 158 691 398 74 94 938 560 819 484 891 530 587 365 650 402 996 598 47 67 892 532 402 228 906 549 341 233 314 184 159 130 421 261 780 481
387 20 6180 237 120 699 406 425 289 560 336 509 280 604 376 863 517 524 342 560 342 821 486 939 565 279 148 989 593 877 526 973 584 813 479 430 250 446 263 780 467 32 34
388 20 3990 455 298 910 546 349 173 441 282 109 98 304 151 608 346 295 201 104 46 318 192 151 69 874 523 902 536 389 211 25 49 907 547 404 229 34 62 335 177 66 63
389 20 5767 678 421 108 76 634 370 839 494 512 292 171 124 245 124 818 493 97 89 537 346 921 551 339 238 734 446 688 417 519 288 465 297 952 572 767 464 564 333 947 567
390 20 5911 841 512 614 350 956 576 524 339 273 200 455 272 481 289 572 322 476 280 772 461 862 525 331 202 684 409 28 18 76 52 735 426 666 396 617 372 881 526 979 588
391 20 5381 893 541 501 291 594 373 376 190 855 507 642 403 884 532 46 83 177 122 153 88 939 560 684 399 137 126 756 454 538 339 987 592 6 25 591 378 223 145 781 459
392 20 5211 523 328 238 142 798 476 792 474 14 31 104 31 448 292 875 531 430 279 975 586 58 10 494 275 135 127 877 524 279 165 508 298 825 486 932 562 261 130 856 505
393 20 6288 970 583 899 539 7 6 947 569 300 184 840 506 180 97 648 379 827 505 42 8 988 593 972 583 775 474 37 68 532 343 981 588 761 444 495 322 636 392 740 429
394 20 4552 408 256 163 141 587 358 693 410 758 465 198 114 430 248 560 320 110 14 688 414 364 200 745 440 282 134 85 58 542 328 351 200 549 308 547 319 983 591 62 11
395 20 5048 468 270 472 300 845 505 766 471 256 175 690 432 823 488 507 324 825 489 645 375 113 63 110 14 489 301 369 244 439 241 799 481 629 357 259 147 424 251 169 109
396 20 4828 726 443 403 234 389 243 682 408 252 127 841 497 437 241 427 268 416 261 446 299 44 69 615 369 571 335 460 249 258 132 684 392 334 186 828 490 610 358 234 159
397 20 4535 322 207 707 420 429 243 374 236 347 243 572 333 448 251 441 293 526 318 897 543 163 68 696 430 241 183 12 38 27 53 548 322 911 548 331 160 521 323 557 331
398 20 4856 435 285 83 28 598 336 242 136 259 163 438 247 999 599 644 393 297 158 184 65 603 372 392 258 416 248 814 491 472 265 465 301 428 274 751 439 455 249 738 447
399 20 4750 741 432 623 386 31 56 769 472 855 507 848 510 487 312 540 323 168 80 169 121 663 400 743 459 730 448 115 117 84 83 100 36 288 211 720 444 661 384 166 109
400 20 4941 352 175 318 175 448 287 224 122 470 271 289 166 5 51 232 144 956 576 816 491 864 526 651 377 697 416 370 242 194 88 322 180 729 442 824 486 657 414 464 277
