1 20 3836 857 509 167 76 415 257 759 457 145 63 435 234 341 223 391 227 458 294 299 162 311 200 65 21 871 528 330 204 453 251 172 89 260 190 471 264 326 180 147 134
2 20 2834 139 118 50 41 753 466 258 180 188 108 257 122 221 167 279 153 233 124 430 270 335 187 19 47 358 197 68 20 270 192 517 326 228 173 362 221 589 360 114 100
3 20 2631 525 338 231 98 364 200 205 117 325 227 82 64 677 413 344 194 21 29 148 69 68 96 296 179 126 68 538 319 57 66 58 81 84 14 291 156 176 119 647 370
4 20 2418 467 277 370 207 472 314 212 92 216 129 179 105 156 144 290 201 386 214 331 184 131 79 200 141 11 15 397 219 122 120 379 227 7 58 83 1 25 3 402 225
5 20 2487 677 417 19 62 444 238 38 54 444 275 28 62 553 353 528 343 234 110 44 30 40 15 407 223 233 169 80 63 105 27 103 100 212 119 306 217 277 136 203 146
6 20 2283 69 88 290 167 161 50 181 128 134 118 222 171 214 100 344 229 75 33 704 433 46 35 22 43 250 172 34 34 138 120 425 230 130 74 107 33 550 337 471 300
7 20 2585 433 293 70 52 252 132 867 526 181 132 307 164 97 61 88 23 565 348 395 214 230 117 152 66 28 7 53 77 389 206 537 325 5 48 402 252 85 93 34 74
8 20 2164 102 57 643 398 33 38 31 31 10 15 10 58 353 174 485 316 57 61 132 78 237 134 279 150 109 26 471 296 22 46 378 237 70 69 476 286 25 14 406 215
9 20 2797 470 309 35 6 162 80 134 54 9 49 29 57 359 184 181 149 23 57 239 139 611 381 783 481 544 329 245 138 603 379 18 6 167 135 327 190 505 304 150 108
10 20 3114 87 78 517 336 347 241 106 100 336 173 423 235 265 191 468 307 298 166 80 49 453 274 306 201 12 59 214 173 358 233 198 125 417 241 813 493 386 268 145 47
11 20 2714 277 193 247 106 408 249 1 52 249 175 777 464 82 80 463 261 353 244 246 107 25 17 604 343 163 126 378 203 3 47 106 16 95 61 315 207 151 88 486 273
12 20 2927 271 124 575 333 12 34 538 340 292 150 326 170 469 290 358 221 201 145 288 158 85 36 534 304 27 2 54 17 546 325 58 3 297 147 347 208 507 319 70 49
13 20 2406 122 22 202 113 898 537 28 73 43 79 298 205 629 397 252 128 579 365 40 77 88 58 49 19 221 124 295 166 133 32 508 285 122 93 61 28 83 54 161 65
14 20 2637 264 132 117 47 275 169 192 106 808 480 115 32 363 218 290 185 19 48 586 355 50 46 316 157 456 269 226 123 136 35 177 94 275 163 257 150 259 142 94 105
15 20 3103 160 116 339 180 601 377 284 149 77 77 62 71 3 34 802 490 238 175 729 442 177 122 185 106 204 98 877 525 210 137 361 216 95 43 288 197 176 89 338 168
16 20 3322 175 82 136 37 37 30 97 60 260 116 565 346 424 224 386 238 443 289 12 38 628 398 132 121 221 94 376 222 822 494 86 30 288 191 538 325 568 350 451 273
17 20 2641 337 219 138 108 121 26 202 159 463 308 327 158 9 23 414 267 190 75 394 261 375 238 512 298 157 86 359 183 268 147 157 89 424 220 112 104 185 138 139 45
18 20 2934 171 98 250 116 121 119 186 83 416 237 188 162 432 273 123 50 320 164 188 84 255 171 206 76 144 88 245 187 522 293 651 407 325 162 272 202 473 263 381 233
19 20 3069 312 150 206 90 283 156 117 120 383 201 153 62 379 246 331 199 500 299 641 379 5 42 83 44 190 148 237 131 429 244 623 358 208 131 148 125 623 393 287 185
20 20 2814 64 7 658 380 331 230 105 20 5 6 540 325 397 257 207 83 180 147 514 305 37 50 113 79 364 230 284 205 363 204 466 267 724 421 19 45 26 38 232 159
21 20 2641 143 75 348 191 55 3 53 88 194 111 4 7 359 183 336 165 43 29 150 140 21 55 578 333 626 373 395 242 726 448 229 116 307 218 351 215 265 128 99 79
22 20 2933 46 23 404 246 221 130 456 253 712 413 664 393 243 176 499 289 566 322 383 243 99 44 272 191 58 51 118 58 409 258 199 165 83 13 205 119 87 79 143 48
23 20 2067 11 7 650 404 386 229 7 52 218 106 30 9 406 270 41 22 518 318 186 124 127 70 125 112 102 89 45 1 110 84 181 128 67 10 200 144 40 48 685 394
24 20 2033 259 198 48 20 95 72 548 343 58 52 145 82 405 209 25 71 60 56 238 171 39 11 36 38 499 270 144 60 211 99 66 89 598 372 213 93 177 118 202 125
25 20 2956 607 344 97 17 303 192 54 55 5 18 193 124 242 181 71 77 164 57 372 213 47 22 109 25 266 184 32 25 477 274 837 511 338 171 305 205 775 455 618 368
26 20 2998 354 243 275 156 599 348 221 129 601 370 571 327 390 238 41 68 540 340 600 343 50 47 135 104 89 49 271 149 357 197 254 137 45 2 43 22 361 209 200 143
27 20 3357 753 455 241 171 496 305 273 152 391 270 27 56 10 39 90 15 365 192 271 134 209 173 738 437 727 442 45 26 16 5 634 369 652 376 217 172 423 289 136 90
28 20 2227 336 196 408 264 37 57 253 180 222 107 451 251 498 308 311 191 223 158 5 60 307 219 236 131 143 55 47 7 163 48 236 103 241 156 222 171 99 111 17 61
29 20 2041 403 266 328 231 220 171 321 190 193 161 203 142 128 110 34 73 366 217 325 224 108 21 19 63 404 254 140 84 128 36 57 11 184 79 238 150 234 157 50 68
30 20 2557 102 29 580 350 631 388 149 65 626 375 249 136 383 225 88 11 172 104 41 44 95 106 398 214 142 117 102 79 175 145 290 136 64 23 202 149 467 287 159 102
31 20 1939 348 204 118 120 591 338 268 158 31 12 576 349 59 41 73 66 27 59 71 92 39 39 379 240 92 31 431 287 21 40 252 179 155 65 48 33 102 74 198 156
32 20 2292 60 43 202 132 817 483 393 237 312 150 254 192 366 195 165 96 163 71 3 36 229 161 4 36 68 26 97 78 120 70 82 79 205 101 229 117 112 90 703 416
33 20 2733 262 174 156 131 125 71 184 127 28 14 47 66 106 81 270 155 52 74 710 441 149 101 622 368 381 228 54 6 307 226 545 351 553 340 235 185 166 144 515 312
34 20 2329 200 145 472 307 242 175 36 29 683 427 64 82 41 25 169 88 345 197 105 30 188 72 442 293 446 275 214 146 158 89 233 177 131 73 161 96 230 104 98 12
35 20 2463 379 233 84 67 201 107 114 119 49 57 54 9 62 10 180 67 248 153 288 176 36 6 365 224 235 176 663 383 362 220 705 413 247 165 151 93 82 27 421 276
36 20 2330 319 217 385 222 5 10 100 71 229 99 200 115 114 107 792 473 56 1 173 61 184 120 99 98 767 469 44 55 164 52 420 232 70 38 2 42 146 93 392 244
37 20 3272 611 365 357 203 182 128 325 211 455 263 297 158 17 6 523 308 320 184 723 424 82 46 711 442 254 192 14 27 209 171 75 43 274 128 670 389 332 197 113 99
38 20 2663 271 143 631 382 123 78 156 129 287 211 593 356 20 11 448 300 757 461 160 98 31 53 128 128 546 322 123 88 185 105 24 70 115 73 231 121 181 64 317 200
39 20 3027 418 280 311 198 687 424 122 101 52 11 92 8 203 126 352 212 602 376 159 126 421 238 109 44 43 51 239 186 507 314 56 6 512 280 486 304 204 85 480 269
40 20 3236 52 52 749 454 82 16 24 28 568 360 135 33 145 76 331 224 147 58 269 124 382 233 336 188 623 358 77 71 354 189 512 320 143 120 294 169 473 285 776 478
41 20 2345 33 59 89 65 43 74 44 50 169 65 8 59 135 116 242 168 545 326 425 248 141 103 99 70 87 45 310 199 808 477 339 204 597 353 6 24 48 84 522 299
42 20 2543 66 53 597 338 16 20 679 391 78 23 4 15 110 58 110 62 38 59 65 69 82 101 155 121 109 40 496 269 348 200 243 179 512 321 524 312 514 280 340 243
43 20 2165 59 48 203 104 511 298 73 64 298 162 172 102 51 77 8 28 612 360 230 150 92 18 34 5 106 68 96 16 426 280 294 214 460 249 452 256 55 55 99 107
44 20 2364 26 56 31 34 166 147 181 62 673 412 237 132 9 9 278 202 65 40 423 284 342 210 107 68 311 225 106 77 237 133 284 194 228 116 357 237 35 25 632 396
45 20 2919 55 70 10 22 290 140 589 360 118 81 381 217 479 266 31 23 51 17 272 132 296 213 513 300 320 231 476 312 438 285 468 258 144 95 374 190 531 297 2 60
46 20 2755 133 43 641 371 614 362 72 90 31 55 202 86 200 119 270 187 477 316 41 15 120 68 315 185 110 94 226 130 33 66 165 108 571 368 194 91 611 361 484 261
47 20 2384 437 257 154 66 453 248 19 7 263 169 131 100 43 60 330 190 459 291 42 80 60 51 28 34 81 55 313 160 816 494 174 132 158 95 232 149 60 71 515 327
48 20 2706 472 298 446 255 79 58 424 233 659 403 114 82 74 7 381 238 55 87 166 96 288 176 55 12 430 246 302 153 401 263 67 51 344 245 528 329 22 41 105 50
49 20 2461 293 141 184 79 217 172 315 162 75 11 73 57 248 120 70 18 318 153 415 255 237 107 20 23 504 318 57 76 215 125 209 91 317 152 611 374 486 301 59 49
50 20 2256 501 277 147 42 130 91 331 166 643 405 25 47 173 125 161 120 52 19 110 35 245 147 361 213 107 15 236 135 52 49 127 80 208 164 483 305 68 85 352 179
51 20 3012 421 230 121 22 624 372 479 287 705 430 333 181 363 249 512 312 327 191 247 107 542 298 314 160 430 267 237 173 39 53 17 27 69 34 11 46 193 129 40 39
52 20 2159 340 178 199 75 272 150 161 85 199 98 881 528 456 306 85 62 291 170 336 231 72 26 8 49 511 315 169 53 42 66 61 86 25 14 139 91 21 41 50 15
53 20 2761 404 271 182 155 103 103 253 167 475 316 59 91 479 310 57 51 216 167 180 74 34 21 246 191 300 150 736 438 77 70 101 72 587 329 522 317 105 53 406 277
54 20 3169 486 313 219 109 40 34 221 173 622 389 186 141 151 41 118 73 427 252 731 455 233 154 572 329 389 243 281 175 296 137 27 56 201 118 200 90 726 422 212 81
55 20 2580 143 74 850 509 803 476 21 6 190 71 185 63 331 219 121 30 76 61 551 310 123 26 272 146 17 67 331 208 173 92 74 14 45 84 747 461 25 54 82 90
56 20 2971 130 67 286 214 41 21 736 447 372 191 465 276 833 496 195 125 1 17 639 398 57 76 313 210 178 148 100 45 32 9 433 256 111 99 492 299 315 175 213 87
57 20 2182 130 80 230 175 467 306 151 118 491 275 66 41 19 61 35 69 256 158 197 156 578 327 212 152 67 73 205 82 211 100 88 11 95 65 393 271 146 94 327 212
58 20 1772 1 7 70 32 441 243 436 237 71 47 256 119 55 72 96 39 228 163 78 62 151 112 17 50 342 242 379 191 110 14 116 53 342 171 43 1 308 208 4 15
59 20 2813 675 415 62 91 12 43 150 39 824 490 601 355 501 279 158 146 328 164 302 151 55 36 11 47 240 153 102 81 117 44 386 259 186 65 333 163 216 103 367 190
60 20 3196 392 272 590 346 302 171 108 77 464 293 227 148 224 174 703 423 188 99 140 80 241 166 628 373 26 25 624 392 25 28 338 209 252 129 343 230 504 277 73 38
61 20 2552 138 120 539 302 319 176 219 111 608 361 47 75 227 136 98 94 310 220 473 261 237 186 181 134 144 64 67 78 224 168 300 169 403 261 184 106 188 115 199 154
62 20 2832 82 85 83 3 128 56 155 77 328 196 533 338 68 50 168 121 1 15 353 184 227 102 357 206 856 514 682 416 565 355 10 17 446 270 165 127 34 33 424 254
63 20 3268 273 131 700 405 335 224 281 127 386 225 240 121 188 108 306 160 176 127 473 301 43 20 33 58 411 276 454 279 267 166 297 171 157 131 642 392 250 123 624 385
64 20 2613 210 170 307 217 81 34 400 212 19 4 14 4 461 303 97 82 579 354 113 22 543 301 226 131 313 229 143 100 625 380 35 5 14 60 118 105 186 75 743 445
65 20 2650 194 124 316 200 221 138 70 85 200 109 436 249 307 182 353 230 268 199 187 67 240 137 167 112 720 431 14 38 194 107 330 176 180 112 483 265 224 145 196 161
66 20 2848 286 189 85 51 334 177 60 91 646 385 39 72 60 14 175 154 17 52 615 390 192 91 547 321 65 75 174 81 345 220 447 252 441 263 181 93 544 317 444 277
67 20 3024 43 78 901 545 557 359 200 111 205 124 496 326 643 375 236 168 182 155 457 280 253 120 35 24 445 252 98 17 70 62 391 271 169 85 346 234 138 120 183 151
68 20 2964 201 99 68 91 31 12 453 269 361 180 24 34 38 11 299 144 171 80 563 322 188 140 448 298 323 156 310 195 501 281 415 243 463 257 348 244 175 123 548 303
69 20 2846 705 431 68 81 314 193 767 459 99 35 104 16 17 29 113 73 317 169 538 318 144 69 660 394 110 87 30 1 68 64 22 70 594 381 375 227 264 194 384 253
70 20 3606 666 406 483 281 410 232 486 284 827 505 498 280 190 123 598 343 42 56 26 2 683 420 263 169 378 201 122 43 43 54 6 51 689 426 421 231 254 182 127 106
71 20 2678 546 347 385 225 436 279 447 254 309 211 286 171 368 245 172 80 253 149 192 132 92 31 196 119 184 112 134 82 272 132 505 322 209 135 43 54 278 156 49 61
72 20 2560 317 205 483 300 19 10 84 45 12 25 448 258 320 152 423 288 754 448 51 10 100 61 273 175 360 254 97 10 328 180 570 356 46 13 360 208 69 72 6 4
73 20 2561 26 67 161 88 395 268 169 119 171 88 499 279 245 137 427 227 455 281 18 33 358 220 27 50 254 146 384 233 383 213 146 104 144 128 152 60 283 169 426 275
74 20 2680 341 231 5 34 38 26 131 41 384 253 316 199 500 300 621 359 509 283 509 277 453 305 161 58 100 34 283 149 102 102 370 228 14 23 259 176 56 19 208 101
75 20 2824 44 84 248 183 511 307 306 187 313 198 336 219 618 390 366 213 461 286 65 2 30 66 77 69 251 110 312 228 25 18 626 367 10 52 240 154 769 459 40 58
76 20 3055 375 230 623 388 874 529 145 74 36 31 292 178 583 335 326 168 141 78 187 68 133 92 27 7 29 20 476 299 44 34 220 133 109 18 919 552 184 77 387 214
77 20 3110 280 206 386 268 538 311 361 248 451 292 64 40 566 339 516 313 480 259 229 154 8 20 338 227 248 132 167 97 414 235 175 136 161 141 63 37 108 18 667 403
78 20 2984 493 314 161 125 16 1 109 79 359 235 7 25 394 234 103 31 386 249 282 141 607 356 255 121 337 216 281 149 222 168 611 347 428 225 303 153 269 205 346 169
79 20 2130 135 107 392 200 559 345 89 108 193 117 219 129 30 27 391 211 130 56 348 212 11 33 41 80 117 91 213 169 149 96 314 190 180 91 519 312 213 143 17 7
80 20 2134 178 127 805 482 185 138 47 68 462 271 372 234 391 252 119 124 7 12 95 5 76 40 226 176 26 30 260 150 59 45 42 77 173 134 23 4 668 399 54 16
81 20 2223 280 176 342 241 126 59 525 314 262 186 20 22 197 127 24 57 179 69 195 157 121 37 289 214 30 56 304 144 592 345 93 42 334 226 149 97 305 147 79 67
82 20 2899 95 76 346 194 421 239 492 319 225 169 285 169 131 117 413 237 160 127 34 58 526 339 677 410 854 507 270 148 15 14 276 151 227 163 101 95 26 31 225 164
83 20 3160 360 210 156 86 389 220 280 210 123 60 75 31 31 55 725 435 13 20 81 38 135 76 204 84 341 205 418 222 626 355 105 12 813 487 174 137 489 304 782 457
84 20 2718 102 57 567 353 314 166 13 42 327 188 325 218 386 239 117 77 239 124 308 206 482 261 22 14 348 211 343 218 111 80 218 97 323 228 158 47 470 305 264 137
85 20 2381 352 174 30 73 741 450 87 18 265 150 37 44 532 346 24 42 609 365 133 39 103 71 227 143 296 215 626 398 74 18 94 83 167 59 22 3 171 59 173 112
86 20 2441 808 489 734 428 290 189 103 113 368 186 428 246 108 40 186 121 182 127 18 16 216 165 276 180 462 301 113 33 67 59 39 37 4 19 3 10 91 51 387 237
87 20 2999 238 158 110 100 79 18 300 142 455 281 295 163 275 124 425 237 277 129 470 304 109 34 237 177 444 287 65 47 460 298 110 33 311 211 70 78 790 476 479 316
88 20 2567 209 161 15 17 472 268 317 178 344 187 123 122 148 120 174 134 69 51 56 8 706 433 19 44 359 210 135 53 189 68 441 284 282 183 585 351 346 212 145 38
89 20 2720 427 261 15 52 178 82 300 221 486 293 241 128 332 226 304 153 5 28 268 203 693 400 249 170 301 179 556 357 82 17 293 155 205 139 92 55 258 147 156 115
90 20 2095 107 56 81 8 493 305 239 113 69 11 167 96 111 39 326 164 131 115 121 32 589 339 82 65 407 247 60 30 116 78 196 146 539 306 207 123 103 57 46 47
91 20 2758 240 162 204 92 24 62 709 440 156 126 67 45 184 72 29 25 351 197 120 104 43 30 30 6 673 395 654 373 187 87 472 273 271 192 232 133 655 390 216 117
92 20 3595 519 287 646 381 206 130 429 224 34 77 239 142 75 71 99 42 24 41 877 526 611 361 139 33 906 539 63 75 242 115 533 347 24 68 286 197 398 251 841 508
93 20 2588 413 259 80 62 109 76 206 84 483 266 271 121 746 445 43 26 69 44 190 122 76 36 315 187 552 358 139 132 217 163 478 267 425 237 132 66 176 136 56 61
94 20 3398 516 305 331 195 431 235 834 505 419 252 428 242 211 80 2 52 177 85 338 197 571 351 228 98 89 63 104 39 57 13 389 217 593 334 65 3 516 303 498 294
95 20 2877 35 69 286 185 261 161 162 139 168 110 457 277 800 480 641 406 319 197 65 23 556 350 445 271 325 187 504 330 105 24 61 3 35 57 110 89 14 46 406 235
96 20 1871 124 102 156 84 227 158 228 182 212 149 99 56 59 75 152 48 391 236 576 358 82 97 42 5 175 146 211 159 236 150 100 89 73 1 402 220 159 87 38 17
97 20 3391 49 46 722 441 330 170 267 120 263 129 692 410 124 26 385 250 1 59 835 510 620 358 370 214 495 288 92 34 59 22 4 6 493 310 571 349 403 275 8 19
98 20 3289 284 131 282 187 563 338 206 135 110 72 753 455 228 181 72 34 653 375 548 306 133 110 280 197 143 129 306 197 160 140 221 126 558 331 146 70 238 140 694 429
99 20 2435 47 38 43 67 689 431 257 148 697 434 14 10 163 70 8 33 39 25 647 384 105 59 430 246 208 122 236 159 303 148 43 39 505 324 165 61 55 5 216 119
100 20 2927 518 340 266 135 519 307 159 85 160 138 158 145 203 119 556 329 415 242 672 396 212 141 435 244 197 120 24 56 325 232 270 178 41 23 279 164 44 82 402 239
101 20 2494 386 264 486 276 396 245 106 16 113 71 268 123 66 59 162 95 442 271 39 75 414 245 282 145 464 285 248 167 295 162 19 24 41 46 131 35 335 217 296 143
102 20 2152 209 113 276 139 277 184 472 275 113 101 204 155 327 173 262 148 91 101 183 115 20 13 501 320 112 111 187 80 55 4 49 53 491 325 164 113 45 11 266 154
103 20 2984 410 248 539 328 45 37 75 76 327 201 202 117 301 177 108 59 284 139 673 402 790 466 7 3 765 468 195 137 202 98 524 298 226 171 60 22 106 97 129 72
104 20 3258 87 12 63 51 528 344 620 362 448 292 201 161 98 74 584 342 351 199 868 526 81 17 376 207 115 90 62 27 295 158 384 257 185 79 130 66 818 500 223 169
105 20 2701 261 141 82 69 245 128 418 273 148 43 227 163 67 30 276 162 70 13 472 291 127 104 6 42 716 414 184 76 155 143 92 103 688 416 503 290 236 142 429 229
106 20 2533 1 60 206 101 562 340 130 75 565 354 356 239 384 253 7 17 156 51 263 186 69 35 691 415 474 260 303 185 110 14 135 45 287 165 115 120 202 113 50 1
107 20 3802 540 300 250 180 367 209 416 272 289 163 717 418 41 44 263 166 376 218 557 317 465 253 573 366 521 310 173 99 215 136 789 474 29 74 92 90 289 150 643 383
108 20 2646 429 230 297 183 126 113 139 81 13 36 331 237 44 5 431 263 299 221 72 21 84 54 202 79 594 372 644 375 450 257 142 90 209 94 107 62 389 262 290 217
109 20 2675 428 240 341 243 120 86 376 201 696 417 236 104 25 39 374 196 314 150 491 298 84 73 594 369 466 288 136 120 41 23 133 83 55 81 283 209 155 54 2 25
110 20 2279 78 101 27 57 5 30 232 184 251 137 837 501 31 73 331 181 315 204 224 147 209 148 429 260 547 337 330 209 128 100 90 2 100 30 73 52 93 18 228 99
111 20 3340 294 181 632 357 732 443 528 300 239 176 491 319 214 101 26 38 171 123 185 148 125 117 40 47 300 139 773 458 78 49 375 214 582 345 406 233 361 232 129 98
112 20 3100 431 250 7 1 720 434 247 105 507 310 363 219 388 257 402 219 289 193 33 61 582 349 526 342 109 52 519 332 308 220 173 102 101 17 177 96 167 54 151 64
113 20 3293 399 239 682 412 256 129 205 103 46 62 322 219 21 63 10 41 662 383 538 322 247 115 341 210 91 50 731 441 104 94 511 298 236 124 733 441 159 97 293 143
114 20 2350 65 93 267 161 459 281 58 49 321 153 24 42 49 57 84 74 172 104 191 99 274 193 203 105 271 126 513 324 62 23 65 23 841 510 418 257 105 112 258 130
115 20 3001 534 301 36 32 403 235 373 226 173 135 625 377 10 40 326 234 579 350 579 357 55 66 9 2 336 192 232 122 357 250 38 80 65 34 466 281 200 107 607 369
116 20 3585 253 145 178 110 150 115 464 248 228 160 104 19 241 137 745 433 230 146 475 259 346 179 58 90 671 422 684 427 461 268 219 125 538 296 559 320 138 67 429 291
117 20 2770 840 511 150 105 9 57 136 75 8 12 101 10 43 67 367 208 82 31 248 181 745 439 265 120 165 116 518 297 541 342 371 186 518 329 202 126 107 49 124 127
118 20 2524 259 136 327 161 192 95 94 39 458 294 2 14 163 72 483 305 7 8 10 36 463 295 282 198 443 235 466 253 182 132 35 40 548 327 171 141 155 47 309 226
119 20 3951 201 92 5 28 422 236 498 289 807 491 139 95 191 99 761 457 48 74 179 83 777 462 67 53 429 281 559 310 154 83 848 507 85 106 722 443 412 261 598 363
120 20 2921 141 55 669 384 545 350 329 191 12 36 432 248 465 275 410 250 38 28 287 215 300 159 322 178 41 39 191 95 28 65 484 272 80 3 357 192 687 400 24 20
121 20 3655 430 242 504 318 181 113 376 254 519 306 138 130 244 164 163 103 24 49 796 473 736 457 431 246 162 117 285 136 765 454 81 54 487 308 8 23 807 486 173 131
122 20 2362 396 211 108 95 250 164 292 144 409 263 379 251 51 36 47 21 440 283 91 40 444 255 480 317 494 297 84 100 44 67 22 62 2 6 425 246 50 74 217 100
123 20 3027 7 46 282 156 191 150 181 117 343 227 169 119 241 137 126 36 117 119 492 269 644 369 497 273 65 1 126 126 94 99 962 578 591 354 154 85 300 166 473 290
124 20 3623 247 112 577 331 322 199 508 292 243 178 704 425 328 207 328 200 107 115 197 154 99 46 412 274 298 145 304 160 341 218 152 66 487 264 524 334 633 362 435 273
125 20 1959 482 287 54 49 329 218 124 121 45 66 39 6 108 72 41 45 87 12 22 2 191 137 46 47 161 90 450 267 139 106 252 193 625 378 491 282 67 62 165 137
126 20 2967 60 84 130 87 689 427 118 84 158 130 130 105 17 61 104 82 646 386 131 58 270 205 872 527 287 215 289 189 574 369 372 247 28 67 89 39 285 157 686 398
127 20 2639 205 149 338 234 505 333 680 413 693 434 76 7 215 132 207 131 69 34 26 16 31 34 40 13 311 228 397 203 293 193 744 437 43 3 90 63 146 86 170 123
128 20 3037 210 151 429 225 504 308 506 294 297 216 181 146 210 81 25 9 650 411 248 178 72 60 490 315 407 227 105 40 224 125 145 69 399 205 15 37 343 212 615 368
129 20 2410 482 267 118 121 458 288 566 316 211 132 264 127 18 19 24 35 247 110 81 93 7 55 507 295 172 61 221 115 17 35 262 195 224 163 218 151 115 31 608 382
130 20 2429 308 219 29 26 431 283 397 217 437 239 282 208 619 382 7 58 279 185 270 195 286 201 288 214 145 136 95 90 49 30 76 86 132 76 354 178 297 186 77 16
131 20 2741 655 393 271 142 349 186 53 37 290 153 29 67 149 59 522 293 109 82 359 218 155 48 53 19 159 95 130 92 342 167 720 416 224 109 82 11 130 99 701 405
132 20 2820 100 103 453 262 543 335 5 44 73 98 532 335 37 10 37 12 16 35 336 190 65 88 126 107 692 398 21 70 839 507 427 226 411 215 621 387 145 108 161 145
133 20 2735 210 135 473 262 274 183 150 55 448 241 234 164 535 348 194 76 46 27 356 195 107 42 522 334 63 6 388 248 19 5 362 239 305 204 65 48 427 268 293 147
134 20 2739 42 48 185 147 174 118 461 267 92 76 27 46 375 207 460 270 452 268 393 256 66 9 331 202 340 193 378 251 98 33 149 132 262 169 19 37 432 243 742 453
135 20 2879 231 145 90 62 215 97 277 129 78 24 470 277 47 23 164 107 92 105 656 377 590 360 375 222 584 339 359 225 319 200 57 26 537 299 316 190 124 36 177 149
136 20 2740 357 197 851 511 106 63 317 167 12 66 248 151 198 90 76 26 87 25 344 221 37 9 46 52 794 467 9 41 103 22 715 437 473 267 433 241 137 32 137 44
137 20 3203 358 231 494 291 205 139 142 48 154 95 700 431 453 247 206 167 336 209 267 138 688 398 450 283 373 256 306 175 550 338 334 162 1 33 75 17 308 165 6 1
138 20 2379 238 106 3 28 122 115 182 145 90 73 441 234 606 350 468 293 251 108 171 115 58 38 365 249 238 151 66 2 130 94 215 151 84 22 113 98 391 200 526 338
139 20 3044 206 108 635 382 351 243 201 75 15 27 177 61 437 270 22 43 605 364 46 25 689 402 326 232 139 134 183 87 78 56 478 298 108 28 470 310 273 202 650 379
140 20 2583 110 95 127 126 651 391 429 279 232 118 256 140 563 313 178 126 221 130 119 99 238 104 353 234 120 33 111 80 73 91 309 227 329 202 363 241 32 38 352 248
141 20 2859 812 485 265 183 217 113 289 205 454 274 29 33 380 204 581 342 57 30 157 101 576 354 26 31 211 150 283 182 273 124 158 74 387 230 66 7 313 226 185 157
142 20 3177 808 488 236 131 40 10 466 272 216 107 56 69 848 512 40 68 306 162 25 7 177 92 156 107 466 249 525 321 4 58 339 198 320 208 411 265 561 329 354 203
143 20 2663 271 132 257 185 818 481 760 453 38 19 453 254 182 143 286 193 182 106 352 205 222 117 63 32 203 95 360 205 319 153 83 15 20 49 29 73 58 87 371 229
144 20 2733 205 113 89 50 26 10 573 354 405 267 437 247 364 232 8 20 237 180 205 84 140 101 602 375 345 181 250 132 32 57 587 365 166 139 58 38 420 232 318 212
145 20 2498 471 294 86 88 257 134 257 133 360 239 125 35 155 100 162 70 204 162 93 14 37 63 275 203 539 318 75 12 608 352 116 65 566 359 168 145 219 127 223 110
146 20 2592 189 153 450 302 606 358 451 290 39 73 93 50 124 23 192 100 143 54 574 333 524 333 57 69 18 68 210 94 231 99 2 51 860 514 16 24 318 173 88 65
147 20 3329 476 266 173 82 407 271 614 351 175 121 377 240 326 227 109 72 209 108 614 352 916 551 95 110 47 8 470 267 239 186 177 69 79 6 120 32 496 267 539 328
148 20 2828 586 366 605 374 312 215 97 18 111 66 598 373 322 163 46 4 28 19 276 133 342 176 58 65 245 183 420 269 614 387 273 163 64 15 204 82 453 267 2 49
149 20 2061 64 27 722 444 534 304 69 59 50 36 608 355 325 233 34 55 238 98 39 19 37 12 126 34 356 246 153 105 146 86 1 5 208 149 222 138 129 96 61 60
150 20 2311 251 188 170 105 15 68 578 334 423 276 105 85 98 110 87 62 224 163 187 112 299 169 120 35 14 34 884 532 154 128 339 233 224 176 344 235 102 34 4 36
151 20 1910 392 235 347 197 138 111 283 195 276 203 16 30 76 92 124 90 395 233 64 11 33 34 79 34 117 99 637 361 61 68 156 64 21 71 274 135 96 26 235 184
152 20 2650 480 316 198 97 210 103 511 316 67 54 62 36 212 85 67 58 581 365 198 110 229 117 310 178 163 109 27 70 260 115 276 170 230 141 80 101 495 317 645 399
153 20 2576 174 122 416 229 327 204 573 361 535 298 232 103 609 362 267 157 329 228 14 17 165 113 251 163 217 104 2 52 27 56 142 100 179 153 267 133 334 183 93 90
154 20 2279 453 245 98 39 205 150 600 357 150 115 233 94 664 388 193 155 58 44 85 74 191 146 219 135 149 103 19 52 9 23 347 236 312 160 164 124 77 92 332 217
155 20 3079 322 171 76 73 910 547 195 158 189 139 712 413 167 132 313 219 71 31 375 227 32 10 157 69 89 63 209 100 568 351 216 97 118 121 494 301 640 375 305 212
156 20 2864 34 15 99 35 28 3 433 261 562 324 361 190 158 109 311 209 231 179 147 138 540 342 147 116 129 92 157 73 562 316 519 318 594 370 327 169 372 204 18 63
157 20 2989 87 66 712 418 587 367 62 47 10 41 221 174 209 143 120 82 244 183 594 359 122 103 226 91 613 390 614 379 368 248 361 247 102 102 464 246 224 122 39 34
158 20 2979 312 201 39 54 444 250 582 357 91 103 286 176 366 216 455 262 681 415 201 93 108 20 83 6 391 260 239 140 306 154 254 110 376 258 48 61 153 117 543 315
159 20 2480 249 187 314 181 291 158 628 390 103 34 580 350 362 200 7 11 69 30 154 134 761 467 223 178 129 97 33 76 131 69 81 43 102 13 130 62 153 131 460 281
160 20 2600 313 182 238 98 332 181 270 138 30 45 283 193 203 100 760 464 265 159 808 479 5 31 407 237 38 41 239 146 95 85 364 210 210 138 245 188 80 91 16 14
161 20 2939 92 88 408 250 108 96 398 207 230 105 16 27 578 344 694 419 235 162 186 100 603 365 90 99 24 34 474 277 262 147 240 143 240 162 289 204 7 35 705 422
162 20 3349 142 110 331 208 152 108 99 16 369 249 37 17 741 454 51 74 446 261 755 439 300 185 326 215 284 182 240 118 9 55 311 193 136 133 444 246 655 382 870 528
163 20 2796 342 193 392 252 299 170 46 23 456 300 30 74 299 143 129 73 182 121 105 52 479 287 164 116 726 446 104 65 228 141 633 373 70 87 418 237 153 126 337 222
164 20 2104 71 24 176 110 57 37 325 187 327 210 292 198 72 32 84 59 607 379 217 167 81 5 17 6 46 73 504 324 224 94 192 71 125 109 47 61 556 332 189 75
165 20 3489 151 119 331 167 355 192 108 103 572 340 487 291 202 127 924 553 399 210 629 380 461 298 402 245 350 207 833 491 153 41 31 15 50 43 55 15 196 143 289 179
166 20 3321 445 283 561 327 610 369 435 263 528 340 86 9 475 294 246 179 705 435 274 157 157 92 98 20 24 29 405 235 139 94 198 102 294 169 294 205 386 203 282 201
167 20 2271 5 56 321 205 567 338 368 216 32 34 466 306 188 122 18 25 128 53 217 135 127 49 33 68 540 323 95 58 433 245 92 46 27 42 273 145 558 325 55 66
168 20 3407 529 297 319 211 341 239 461 252 153 74 604 370 826 486 43 6 5 21 34 61 166 55 147 109 210 129 378 220 392 221 39 40 872 516 700 412 408 247 187 67
169 20 2521 223 109 238 105 514 283 76 31 119 62 142 93 367 211 69 2 12 22 217 162 32 71 626 394 232 171 440 254 331 236 303 183 16 67 339 241 122 55 625 377
170 20 3616 278 129 2 50 433 274 31 44 451 263 224 132 117 64 759 444 643 392 203 75 230 157 129 42 259 198 97 65 559 326 832 490 939 562 221 139 328 176 498 302
171 20 2348 246 192 422 244 222 131 257 182 226 98 62 3 44 5 131 126 50 73 174 153 266 174 68 64 224 138 717 425 446 288 507 302 81 27 294 142 3 11 256 188
172 20 2763 111 40 175 124 650 396 63 79 530 334 243 121 370 220 542 307 54 49 103 107 261 190 347 218 35 7 344 227 150 88 233 176 19 56 291 160 793 475 212 136
173 20 4281 17 18 444 245 584 361 91 47 289 193 405 278 905 542 627 380 465 305 913 548 151 84 336 220 580 338 128 82 68 27 567 324 390 205 375 247 850 519 377 211
174 20 2887 527 322 801 469 131 97 433 258 424 255 28 65 10 31 121 121 268 145 319 169 300 168 220 95 351 235 34 48 326 171 2 17 290 138 259 168 775 476 155 115
175 20 2600 278 179 607 358 548 326 241 148 27 69 25 13 316 180 184 111 85 11 230 99 608 360 400 262 366 215 165 81 76 49 68 36 363 189 498 300 107 92 8 49
176 20 3015 102 9 395 213 518 304 275 140 631 366 341 230 2 29 82 35 159 141 616 382 10 64 174 86 626 359 577 327 2 51 104 55 399 206 335 176 275 185 408 225
177 20 2950 362 254 175 57 758 442 40 51 493 293 276 131 259 172 169 71 113 44 165 137 451 279 107 13 595 350 1 42 92 18 351 209 422 279 480 282 246 110 345 220
178 20 3194 953 573 436 242 649 372 776 455 716 439 62 81 63 87 602 368 47 37 67 38 230 163 469 259 67 91 93 29 255 190 149 96 175 123 304 159 28 26 248 145
179 20 3225 431 289 112 79 67 22 376 259 249 190 5 15 576 350 509 278 327 186 802 477 21 54 26 23 547 338 708 440 33 62 497 313 251 147 492 276 22 44 399 244
180 20 2337 540 321 86 41 279 206 59 47 47 4 419 253 259 133 313 162 28 16 5 4 335 193 78 16 30 57 22 70 298 157 522 286 374 189 220 89 486 305 274 165
181 20 3335 75 22 248 156 679 395 430 282 252 120 233 158 684 396 225 165 791 482 339 164 431 247 769 451 31 53 406 218 183 138 126 104 339 175 381 265 35 39 13 61
182 20 2176 657 393 98 93 23 14 42 29 327 164 686 418 107 64 368 208 142 36 83 91 161 105 151 94 90 27 130 50 140 42 76 34 142 127 91 66 147 77 691 397
183 20 2034 254 146 373 232 416 246 7 30 280 165 407 236 64 35 14 67 127 30 367 253 270 184 26 47 527 300 71 62 166 77 187 93 215 84 61 50 108 36 129 56
184 20 2888 164 59 351 186 626 368 99 15 73 23 449 248 90 45 491 292 144 83 314 209 446 267 190 156 338 241 273 122 322 227 217 107 78 86 414 252 526 340 171 144
185 20 2652 713 444 13 10 317 165 410 244 656 395 24 4 222 140 175 106 70 17 59 49 434 237 374 254 99 16 181 143 147 122 213 118 308 146 487 310 21 5 382 208
186 20 3545 78 100 686 410 134 130 858 522 307 158 216 111 50 31 68 57 119 115 191 77 36 12 710 413 534 296 206 152 660 399 639 390 507 313 272 145 261 186 559 336
187 20 2934 385 265 278 151 20 48 306 210 789 479 575 335 168 108 247 171 356 192 54 82 224 141 219 162 407 257 283 182 371 247 468 298 149 131 28 44 230 184 311 183
188 20 2815 34 70 86 35 150 49 490 270 245 184 233 130 422 277 41 11 68 20 150 85 376 225 12 39 132 59 13 8 509 280 212 137 560 342 810 476 525 301 563 330
189 20 1998 446 263 262 114 125 34 164 105 91 97 304 151 104 46 318 192 151 69 610 365 23 70 255 196 138 120 335 177 66 63 73 55 97 89 71 85 35 58 329 219
190 20 3329 70 53 356 249 369 256 609 356 110 47 83 68 90 94 579 354 61 41 630 367 617 372 717 416 352 181 376 190 238 176 36 26 20 26 781 459 238 142 327 236
191 20 3178 90 104 192 103 367 220 261 130 344 185 296 140 9 30 42 8 717 423 579 365 76 32 495 322 267 147 383 217 3 35 713 422 364 200 652 409 155 89 351 200
192 20 2634 344 203 8 9 404 245 256 175 29 17 113 63 110 14 92 41 760 463 424 251 169 109 494 289 375 260 214 136 44 69 340 178 512 301 234 159 15 58 331 176
193 20 2837 347 243 386 236 475 260 16 37 158 93 16 66 247 106 187 130 631 384 431 258 435 285 83 28 330 158 183 114 535 338 480 290 428 274 143 134 18 49 145 60
194 20 2105 540 323 443 245 99 40 84 83 100 36 49 10 144 59 237 163 340 208 77 70 5 51 451 263 123 113 440 247 26 8 320 203 194 88 208 100 248 139 83 70
195 20 2584 139 48 17 55 518 329 182 123 31 22 456 277 5 61 64 4 129 56 971 583 96 95 386 228 373 232 103 46 223 177 369 201 86 58 172 89 612 372 236 165
196 20 3292 189 145 590 355 296 146 6 47 285 143 254 116 194 118 353 212 61 7 491 305 395 227 116 115 535 309 564 330 275 132 59 56 700 423 382 225 253 173 587 362
197 20 2702 133 107 563 356 256 143 346 169 756 449 685 410 128 59 92 80 27 9 238 157 114 87 452 275 59 12 417 271 219 149 251 190 57 81 94 18 73 19 444 275
198 20 2685 260 158 288 164 310 148 160 63 100 24 112 29 89 18 499 288 389 270 593 352 146 59 184 87 230 155 105 75 584 371 377 254 294 173 14 3 472 292 164 76
199 20 2713 181 110 226 108 673 414 98 21 91 100 195 72 197 114 572 338 317 152 407 244 86 14 313 195 73 78 242 175 153 137 103 66 73 65 825 486 190 71 412 244
200 20 2243 79 89 580 340 110 44 1 49 21 27 128 40 146 39 639 401 184 143 383 224 99 97 65 83 114 77 311 156 221 115 373 192 335 205 398 257 51 13 248 108
201 20 2177 282 180 84 58 158 131 303 182 13 30 97 19 328 164 440 284 271 162 441 254 180 77 319 162 114 63 130 47 267 118 5 23 104 11 283 196 67 66 468 312
202 20 2979 258 136 623 384 312 184 351 202 34 41 171 105 123 61 14 39 16 60 289 209 193 155 564 331 476 309 743 444 133 29 599 363 254 180 313 208 158 77 335 162
203 20 3732 3 11 53 72 607 371 384 206 483 284 535 302 645 368 311 184 260 166 114 36 225 137 734 444 300 141 265 187 530 337 516 298 101 100 630 395 349 177 419 219
204 20 3395 595 347 713 421 219 105 502 290 124 29 53 18 165 118 265 145 138 39 489 298 41 34 211 148 334 200 435 276 492 280 274 133 321 216 344 228 509 303 566 325
205 20 2709 413 252 398 212 360 220 103 101 163 78 210 146 362 232 58 42 122 71 584 346 894 538 385 218 71 65 124 120 124 59 372 193 195 122 80 73 348 171 53 84
206 20 2090 12 24 193 131 52 9 294 190 409 277 261 143 51 34 108 70 46 30 159 80 220 89 349 195 215 122 548 333 133 51 440 263 154 109 137 93 13 61 386 212
207 20 2708 192 91 186 152 421 241 462 272 218 134 159 133 216 96 785 482 63 80 97 73 482 271 244 167 477 313 392 200 33 43 60 90 267 119 307 168 207 102 149 140
208 20 3110 341 215 202 159 39 76 198 146 3 50 472 276 669 393 320 155 58 17 275 181 142 99 735 456 279 210 297 152 707 413 721 417 19 70 317 161 129 77 297 178
209 20 2974 83 31 10 42 569 365 523 342 277 180 15 61 136 56 465 302 252 145 420 256 612 347 86 88 97 102 81 87 407 219 415 231 118 109 601 354 420 230 362 229
210 20 2579 38 32 153 53 638 373 57 61 70 85 467 296 467 273 170 136 375 239 98 46 439 266 130 28 153 116 218 93 148 139 178 114 494 319 72 87 209 139 584 326
211 20 3373 369 250 751 465 52 28 581 349 249 177 3 16 168 83 415 226 255 140 229 119 396 209 811 477 92 96 373 191 582 341 236 156 276 152 256 139 401 265 252 148
212 20 3206 381 202 180 91 401 221 564 364 251 177 410 280 92 95 754 450 139 80 413 217 13 21 63 87 185 159 547 322 249 114 512 278 71 82 330 232 478 285 380 212
213 20 2494 316 195 379 194 144 120 15 30 202 156 272 123 5 4 532 309 288 177 258 121 252 163 272 184 157 92 136 113 189 74 306 174 129 78 566 340 19 46 552 327
214 20 2701 413 225 141 44 449 270 33 32 78 87 274 156 37 53 631 391 4 49 538 310 486 307 68 68 163 106 605 341 565 354 227 110 180 108 188 108 288 215 34 73
215 20 2332 392 241 137 76 154 113 233 137 328 205 22 60 312 146 122 111 669 389 355 203 388 253 79 38 207 79 237 154 547 353 195 159 131 83 41 72 42 43 73 88
216 20 2987 737 436 122 23 223 101 173 74 292 165 874 519 5 56 419 239 473 263 15 62 332 181 272 179 221 97 291 179 314 187 159 134 87 102 466 258 498 269 2 13
217 20 3481 110 104 49 65 477 256 354 233 470 278 1 6 804 491 630 381 442 287 50 51 107 108 740 439 42 75 551 336 589 350 88 57 824 495 114 95 478 282 43 8
218 20 2761 794 472 66 25 755 439 3 35 456 273 13 66 135 92 300 169 224 132 45 53 332 165 76 74 320 183 29 51 187 156 449 296 543 327 25 33 585 372 185 84
219 20 2929 399 235 473 309 163 80 319 215 423 226 93 85 238 119 394 261 36 26 435 260 391 258 528 325 86 13 48 85 7 55 122 24 98 9 888 536 653 392 65 54
220 20 3205 454 269 682 397 66 1 599 352 184 85 59 38 391 265 117 93 31 40 482 316 712 434 68 96 504 307 287 175 207 107 657 407 109 74 106 46 588 369 107 78
221 20 3566 368 232 640 402 561 326 63 75 459 249 407 274 195 128 572 336 153 75 614 384 42 34 135 91 242 155 531 306 35 52 686 420 728 430 611 349 28 70 62 73
222 20 2802 167 80 191 99 340 236 127 112 265 163 356 179 66 31 613 362 423 253 34 38 187 65 688 398 392 221 191 88 385 194 387 256 222 159 272 186 84 1 215 116
223 20 2845 113 113 172 113 473 295 67 32 187 91 241 160 98 92 317 166 794 471 323 217 28 63 320 182 602 383 596 376 53 40 492 278 89 106 160 83 461 262 104 44
224 20 2494 77 72 505 281 525 312 69 2 149 45 149 55 331 171 166 128 168 149 231 123 241 177 373 250 432 237 241 153 204 137 586 328 17 35 362 189 34 60 128 41
225 20 3241 419 286 36 53 383 246 66 20 156 115 14 3 458 269 103 27 336 237 229 121 358 200 387 248 464 308 113 77 38 56 470 274 663 407 307 175 840 498 643 404
226 20 2896 239 148 200 118 358 191 5 43 118 91 143 111 612 363 276 133 627 380 406 258 137 107 649 398 584 348 104 32 45 3 204 159 239 106 69 6 233 176 545 323
227 20 2875 602 371 471 312 3 10 568 327 156 82 382 250 558 361 114 106 62 4 386 265 116 46 322 215 201 152 665 393 61 30 497 285 75 28 240 142 194 121 77 42
228 20 3370 415 222 822 484 14 48 7 2 306 191 251 173 374 219 91 64 397 223 113 69 305 143 924 553 133 101 3 47 156 101 619 362 539 313 336 207 314 161 622 382
229 20 2919 229 129 195 145 110 20 187 138 143 127 144 47 121 39 478 297 473 271 201 139 249 151 351 183 247 141 192 151 362 245 206 83 651 374 31 20 522 320 747 456
230 20 3358 417 239 324 223 142 129 246 148 334 163 208 137 606 342 175 129 319 216 306 221 390 203 357 187 148 95 313 224 119 97 835 505 545 333 372 200 490 299 71 24
231 20 2842 291 212 368 187 173 148 227 166 142 35 293 154 380 237 481 303 165 128 574 352 419 263 117 77 186 63 681 416 221 113 301 197 411 278 13 45 131 112 111 29
232 20 3539 108 41 618 361 4 19 768 455 181 74 441 295 310 202 126 79 177 138 124 31 669 385 311 176 131 116 526 342 308 173 698 427 629 373 631 393 22 55 297 149
233 20 2300 61 77 365 193 90 71 842 502 366 215 36 33 333 240 101 19 40 78 279 144 337 195 260 187 150 70 204 112 74 85 254 129 46 80 56 13 97 32 610 383
234 20 1971 134 75 52 2 316 158 152 127 156 54 244 164 163 122 439 251 61 29 194 93 48 53 41 59 18 70 113 112 276 139 93 91 791 472 77 37 366 223 209 137
235 20 2847 143 69 17 59 643 369 758 459 396 202 82 4 445 270 343 173 208 153 173 78 131 50 650 394 460 248 8 58 107 65 5 61 210 88 169 71 430 254 317 189
236 20 2133 441 235 57 36 532 337 14 52 44 39 305 155 562 320 215 159 41 5 62 1 98 77 330 191 50 40 91 77 140 51 514 333 224 130 12 65 85 3 449 275
237 20 2630 155 43 115 112 486 300 410 280 225 131 503 311 482 314 159 80 221 176 105 97 646 384 356 237 28 37 22 29 466 275 87 8 268 172 75 16 61 50 391 213
238 20 2756 289 148 698 436 161 96 415 253 307 185 176 109 152 111 554 331 327 202 67 71 540 304 152 65 357 245 79 89 221 177 286 184 425 230 264 136 18 28 25 42
239 20 3525 85 48 217 88 52 76 422 268 9 21 648 368 191 138 789 483 587 348 149 110 484 290 218 87 277 185 392 231 511 331 439 282 112 65 143 70 458 295 867 522
240 20 2737 337 215 215 138 101 76 198 161 678 398 810 491 119 61 421 229 98 83 208 140 602 378 162 63 60 33 380 193 535 337 128 117 11 14 146 126 88 7 177 99
241 20 2708 81 53 617 353 50 53 33 77 253 176 343 173 289 154 544 311 138 56 270 123 546 328 546 337 38 67 404 207 270 135 10 63 193 136 364 194 152 90 276 199
242 20 2489 56 69 353 200 228 110 47 22 117 59 48 69 323 210 408 238 321 164 250 107 157 51 181 128 101 74 32 51 599 380 350 207 89 80 183 129 665 381 470 263
243 20 2355 84 9 29 10 11 50 721 437 192 86 450 243 29 54 166 70 128 91 160 68 348 191 424 284 377 192 526 303 273 147 16 53 99 97 65 62 522 317 90 71
244 20 2860 543 350 610 351 216 171 314 149 300 207 132 111 35 77 239 149 277 180 42 15 152 65 459 263 263 202 248 143 360 227 437 241 570 325 255 190 23 50 245 188
245 20 2547 182 102 414 279 288 157 52 84 18 27 608 377 626 392 41 61 169 93 92 39 244 126 226 118 542 350 220 148 80 79 486 270 154 141 198 85 24 11 431 241
246 20 2850 74 16 370 200 65 11 188 97 613 361 236 152 298 149 429 239 428 272 407 277 513 295 324 235 235 138 143 67 109 104 248 176 75 2 102 14 576 328 268 196
247 20 3093 329 192 337 172 489 309 26 13 213 113 101 96 776 461 187 82 539 334 758 451 256 119 405 255 219 137 124 28 649 392 1 7 52 25 144 96 136 130 445 251
248 20 2475 530 316 34 16 107 58 42 63 24 63 186 160 230 119 706 411 299 156 347 200 62 38 195 103 507 304 481 319 200 108 286 175 465 293 30 66 13 66 206 128
249 20 2997 527 301 242 132 112 27 369 219 400 272 312 167 182 123 51 63 378 220 167 109 222 141 24 35 71 42 783 460 284 152 561 323 3 61 457 293 192 100 658 381
250 20 1692 246 167 22 53 43 21 56 4 149 101 630 367 30 21 487 288 77 89 10 48 122 125 109 38 74 12 199 109 389 212 102 62 22 70 337 181 182 142 98 88
251 20 2354 556 327 113 110 111 35 423 288 27 22 8 62 136 130 766 458 399 225 11 26 495 273 226 118 40 42 112 90 59 4 249 170 95 17 188 149 212 84 482 306
252 20 3113 14 68 635 375 700 414 480 257 137 46 504 304 171 143 461 301 711 429 386 264 267 124 414 249 12 22 30 32 170 88 42 44 472 274 316 188 263 141 41 29
253 20 3308 142 43 93 17 727 445 245 170 62 64 187 146 206 149 251 141 407 233 547 327 260 177 188 119 696 407 429 279 81 77 794 480 234 113 650 406 265 157 153 103
254 20 2752 729 447 302 146 42 38 308 176 544 349 56 52 242 107 123 31 154 117 430 272 484 267 252 149 351 241 7 14 194 110 77 41 214 151 634 396 195 74 167 120
255 20 2122 135 53 148 76 247 187 163 100 37 49 121 90 118 72 276 159 78 54 172 72 456 283 610 378 63 27 213 135 155 107 517 318 338 233 27 33 145 99 226 108
256 20 2555 342 230 540 351 84 25 81 82 480 291 91 60 168 53 192 101 169 102 81 17 617 359 388 234 294 179 353 210 112 55 348 220 42 49 77 44 147 62 504 325
257 20 2603 267 202 59 1 166 68 144 61 430 245 497 317 67 69 11 28 340 216 159 124 8 52 600 365 64 51 740 457 369 252 131 89 249 142 475 286 394 238 36 20
258 20 2714 529 311 146 124 330 185 261 149 243 104 348 233 82 65 523 293 108 100 87 76 29 47 340 213 479 308 346 229 527 291 344 221 69 97 290 150 309 191 38 73
259 20 2845 244 149 864 520 189 151 5 59 38 23 125 127 170 117 248 139 152 112 547 341 27 57 554 323 257 149 123 82 227 142 973 584 287 182 222 164 50 58 389 228
260 20 2692 214 100 96 33 253 125 206 107 317 187 430 250 455 265 441 277 294 135 48 7 660 396 637 403 139 133 239 104 324 230 65 83 27 41 215 142 248 118 76 17
261 20 3051 460 273 248 176 91 14 693 431 337 214 295 177 113 70 264 148 202 75 12 36 273 143 156 60 154 92 537 306 342 207 982 590 243 150 181 70 55 38 465 295
262 20 3725 107 27 358 240 625 357 343 233 631 370 230 173 728 433 505 316 312 172 16 35 360 219 547 325 511 322 346 186 508 305 383 208 43 12 706 417 44 69 148 40
263 20 2253 39 55 57 57 4 35 302 153 747 446 209 160 362 230 499 318 20 40 382 198 375 229 5 12 1 6 196 161 172 123 15 33 348 223 72 50 644 400 57 88
264 20 2914 174 55 70 1 264 145 676 406 703 416 183 93 104 110 122 83 165 147 374 197 44 22 457 242 649 402 51 11 626 367 155 121 91 99 167 101 690 418 64 95
265 20 2030 67 73 26 50 33 48 447 267 288 211 37 3 189 129 327 163 163 120 213 134 178 58 307 146 668 386 125 126 439 278 24 10 109 81 147 77 101 59 172 105
266 20 2532 26 31 139 101 432 277 294 145 35 16 109 76 127 104 78 86 264 192 567 359 130 102 36 55 535 347 339 175 252 166 499 326 362 183 295 180 341 242 205 108
267 20 3438 607 377 234 124 60 10 415 276 51 16 326 163 291 214 382 243 244 147 211 79 478 297 464 285 24 46 437 289 620 390 257 177 92 72 732 453 552 334 399 256
268 20 2742 399 248 122 110 249 138 448 252 427 255 300 217 82 103 287 177 463 282 161 48 127 117 277 179 444 296 76 39 436 253 377 225 209 83 476 287 101 46 23 22
269 20 2985 645 390 545 316 133 42 433 242 316 169 187 73 51 16 77 93 349 242 330 225 169 71 126 27 826 493 316 229 12 45 652 392 144 136 42 50 532 321 86 84
270 20 2542 87 84 74 29 118 124 48 39 432 257 404 209 604 380 107 61 607 363 557 348 159 84 15 5 468 261 572 358 82 69 284 129 146 102 112 93 169 148 39 45
271 20 2383 471 276 74 13 510 332 391 252 81 84 247 168 137 122 392 243 43 55 37 34 152 98 198 78 155 64 74 76 329 228 350 236 506 308 369 252 192 151 58 8
272 20 2532 33 72 37 23 80 66 223 137 801 483 606 367 2 15 252 162 82 48 82 33 482 292 44 59 119 55 244 125 453 244 377 212 468 285 240 137 197 94 242 180
273 20 2832 448 288 195 152 118 39 54 64 595 379 888 540 64 13 96 48 102 32 117 91 179 126 464 260 439 232 74 43 158 76 329 197 312 152 520 339 285 174 227 165
274 20 2756 141 79 170 113 210 158 829 505 639 366 18 21 199 99 79 55 454 302 492 306 117 90 325 193 226 110 212 161 114 74 579 371 129 94 252 125 22 18 305 213
275 20 2889 14 15 152 96 90 66 242 180 395 202 271 156 841 506 343 203 527 336 503 307 48 33 546 310 70 34 24 51 273 170 443 272 87 48 658 376 68 89 184 66
276 20 2304 98 78 23 3 322 220 78 96 71 94 132 29 456 274 205 94 248 140 733 436 24 48 387 257 127 98 249 188 45 50 273 161 421 221 287 206 351 199 78 75
277 20 3170 424 273 2 24 765 462 247 173 180 86 343 191 305 158 340 223 521 299 69 84 495 325 165 60 171 136 505 284 29 18 467 293 578 363 9 4 96 39 629 391
278 20 2485 469 255 462 261 442 247 237 180 483 265 135 62 59 48 337 219 98 20 56 66 22 62 188 137 244 134 53 46 307 156 5 33 344 177 533 311 236 127 260 181
279 20 2927 353 238 287 191 572 342 24 28 534 318 114 75 49 15 65 38 559 332 112 21 184 145 36 49 521 310 18 24 169 129 581 365 758 441 146 64 294 193 479 300
280 20 3470 123 49 42 38 397 226 246 130 390 226 424 258 394 233 41 56 151 53 47 35 255 111 488 315 803 480 576 340 70 66 185 145 478 293 594 364 904 548 333 198
281 20 2908 14 7 377 259 78 28 290 162 194 77 269 165 758 444 824 489 38 8 93 110 315 176 268 129 652 396 231 151 134 43 534 292 12 19 559 362 59 13 118 23
282 20 3051 210 105 228 164 105 104 94 67 203 85 199 142 713 415 701 403 42 3 519 310 585 351 322 214 11 17 91 74 458 299 329 194 556 318 544 336 16 51 177 137
283 20 3334 477 310 184 154 29 33 453 277 320 200 894 537 616 386 573 367 81 15 438 230 562 334 289 196 238 186 221 133 123 62 338 170 134 50 299 185 254 113 146 133
284 20 2287 121 89 149 54 143 99 261 153 48 34 783 458 136 71 100 109 38 41 286 133 804 479 340 235 401 222 349 199 140 41 68 78 101 37 10 26 8 42 288 140
285 20 2188 475 268 38 45 388 228 300 189 26 68 489 279 4 21 214 111 10 60 19 36 374 215 329 161 21 63 259 159 79 62 268 194 284 155 409 278 51 82 340 200
286 20 3547 43 27 533 295 494 302 56 39 294 146 463 304 530 334 588 375 818 482 27 1 117 67 693 428 186 78 392 257 550 348 464 299 351 175 131 82 219 167 145 45
287 20 2537 71 76 456 291 25 24 142 128 47 24 83 38 267 204 228 142 236 154 109 105 345 208 307 157 502 303 61 3 454 269 397 245 448 250 16 46 317 223 563 349
288 20 2486 663 387 40 30 817 482 1 4 97 70 224 150 34 78 154 44 738 456 112 73 17 52 384 199 124 88 81 86 149 122 244 143 247 139 226 139 607 351 13 25
289 20 3202 346 192 140 40 470 255 533 295 311 165 420 229 200 133 224 108 215 125 205 157 596 371 383 233 128 42 93 79 129 100 723 427 571 359 67 79 155 116 495 327
290 20 2654 12 44 423 272 16 45 186 131 481 310 95 44 606 379 197 88 286 187 271 157 264 145 9 9 164 56 141 135 46 80 381 236 408 272 418 222 469 295 435 283
291 20 2832 62 87 1 49 627 372 128 109 505 308 272 165 7 26 398 253 366 214 293 167 194 94 692 427 743 440 66 59 45 11 149 63 181 65 281 160 69 96 585 360
292 20 2574 133 82 171 148 149 49 115 29 165 90 636 386 52 69 128 49 102 102 309 218 36 16 721 435 149 62 94 87 346 203 132 50 246 190 343 237 619 355 503 309
293 20 3912 42 12 667 399 164 69 232 182 463 281 507 280 372 206 458 299 516 334 355 232 395 238 631 382 417 275 316 168 817 495 387 268 134 47 374 232 506 333 72 57
294 20 3645 530 337 433 245 118 49 446 287 145 49 413 231 616 370 493 274 120 80 431 275 74 30 401 215 424 270 396 265 449 253 63 30 351 177 447 242 644 381 296 171
295 20 1863 258 164 21 15 53 84 371 190 113 83 354 213 185 94 149 115 453 262 134 75 134 77 310 162 87 1 10 18 260 148 304 185 155 129 125 34 195 75 56 77
296 20 2999 150 50 159 94 580 370 33 20 101 73 225 125 8 12 657 401 418 262 350 189 57 65 453 284 442 274 245 189 54 77 583 370 484 275 454 270 168 100 377 240
297 20 2289 189 119 414 238 179 81 508 311 126 76 261 168 125 82 294 187 74 85 290 178 277 188 192 162 99 38 108 116 39 26 296 149 176 137 139 41 260 116 532 306
298 20 2211 325 188 47 77 291 217 680 412 115 111 210 88 42 82 136 95 671 393 293 196 179 93 62 15 94 80 274 159 139 84 23 33 317 224 136 90 357 210 32 49
299 20 2770 162 146 87 76 344 229 134 102 110 53 483 319 185 131 392 233 184 147 241 174 737 429 383 211 504 321 194 137 311 186 97 17 494 325 283 150 139 74 77 92
300 20 3254 354 184 525 304 83 39 46 83 177 146 321 233 127 26 241 177 197 105 313 183 209 114 157 145 870 515 338 169 138 110 559 338 104 55 727 425 814 478 208 145
301 20 3239 74 15 199 112 302 174 97 24 394 256 91 105 205 111 429 270 489 276 52 27 143 46 425 283 605 370 474 303 607 361 424 244 168 109 707 414 299 156 295 150
302 20 3325 470 260 317 214 14 58 248 117 197 73 227 163 400 263 123 28 585 361 608 376 502 279 186 88 585 350 38 24 409 234 333 237 391 267 288 172 295 138 435 243
303 20 2741 273 127 287 156 538 322 288 153 68 41 329 163 263 115 45 38 286 200 300 183 488 263 91 15 318 210 243 176 351 213 221 148 200 150 334 192 238 115 322 177
304 20 3401 258 175 676 389 473 279 244 143 587 375 239 128 25 34 590 335 80 20 439 237 182 144 671 386 132 87 162 112 544 353 172 97 498 271 52 75 309 155 470 314
305 20 3247 656 408 307 221 668 421 224 113 124 79 335 196 246 146 159 49 85 39 64 26 209 128 438 240 751 453 131 105 100 46 431 285 739 455 328 236 463 308 36 36
306 20 2863 50 23 33 25 378 211 481 309 86 93 449 240 182 138 579 361 428 246 124 94 464 252 548 304 57 57 309 205 324 231 356 238 163 114 125 128 384 214 206 108
307 20 3122 316 153 521 301 419 259 206 88 373 236 336 206 321 201 90 64 379 250 102 13 733 441 225 92 300 168 599 365 123 121 175 116 618 379 37 7 15 53 357 221
308 20 3575 180 137 27 72 490 265 17 14 733 441 199 158 253 129 458 281 710 422 414 230 546 314 231 104 723 450 665 384 67 12 206 87 650 397 25 63 55 85 502 308
309 20 3103 184 111 302 214 194 148 883 536 2 15 501 279 539 310 330 206 51 51 136 58 531 313 524 295 207 98 470 302 221 141 146 114 291 143 660 396 25 44 9 57
310 20 3114 200 87 273 188 507 313 902 544 339 176 450 263 203 164 237 182 41 43 269 171 474 271 199 120 345 239 20 28 688 406 103 41 142 95 237 127 457 280 142 123
311 20 3111 415 255 125 121 512 299 235 129 268 191 222 129 260 142 383 251 236 187 432 234 191 70 177 95 275 197 531 315 352 227 579 327 380 212 110 74 536 296 3 24
312 20 3350 503 312 130 29 79 25 305 204 309 149 178 58 431 268 197 80 84 10 276 200 440 238 451 260 792 480 127 50 184 68 610 353 338 187 740 434 19 30 508 310
313 20 2440 303 151 591 349 169 75 35 18 170 119 354 226 204 111 74 15 214 162 139 84 363 204 87 52 148 123 298 189 14 47 146 129 281 201 398 236 163 113 729 454
314 20 2951 146 91 147 74 154 69 440 265 741 440 437 249 229 181 411 267 269 131 111 19 294 203 609 379 148 88 341 219 315 175 200 91 378 219 9 17 129 89 395 243
315 20 2142 176 77 159 133 66 43 191 147 255 196 16 48 81 44 3 2 13 3 201 144 10 64 383 223 158 47 699 435 356 239 70 50 259 122 337 219 708 410 144 121
316 20 2626 451 255 13 8 320 188 121 100 342 220 96 30 324 155 306 145 412 274 82 93 280 209 232 125 26 24 257 173 327 214 167 62 117 88 43 20 731 423 605 350
317 20 2847 243 148 512 311 97 39 65 74 141 133 516 283 184 97 146 82 161 146 330 182 158 136 444 294 619 386 91 53 530 300 585 347 158 126 70 15 556 318 88 105
318 20 2812 303 195 803 488 191 71 233 121 125 43 529 303 198 162 223 167 219 162 33 64 40 39 591 345 431 285 225 181 379 253 79 20 50 28 152 138 119 51 701 426
319 20 3478 596 352 691 423 286 186 595 360 89 77 30 66 156 117 269 187 17 24 41 38 700 410 403 252 116 119 608 374 105 39 582 358 782 478 382 213 334 232 175 65
320 20 3110 163 127 64 82 31 58 164 116 608 384 631 385 373 198 119 30 410 214 189 143 938 561 231 171 55 78 433 263 283 143 49 25 183 129 555 313 150 103 592 359
321 20 2591 298 199 158 142 400 251 259 147 129 37 239 110 607 381 137 93 119 91 54 7 244 185 165 57 281 188 250 136 556 329 82 22 131 125 546 303 194 106 333 217
322 20 2550 199 160 12 51 51 36 380 196 548 340 241 141 284 190 515 301 185 135 696 421 157 47 339 233 25 64 270 183 16 68 8 49 260 141 35 5 505 332 374 261
323 20 2796 9 47 231 166 269 150 142 47 443 292 540 348 551 324 101 17 120 32 220 162 493 325 465 256 144 110 106 65 445 254 413 247 168 56 51 63 356 224 325 221
324 20 3487 440 292 585 364 592 360 937 561 463 255 273 144 487 272 633 371 154 91 7 25 128 35 175 94 168 104 159 118 698 411 181 143 343 222 282 138 268 181 2 41
325 20 2523 295 200 335 213 108 54 929 559 371 192 28 44 156 81 278 159 316 204 335 166 62 57 380 197 97 87 252 117 218 92 314 153 65 84 233 149 28 72 246 189
326 20 3231 108 117 25 43 446 287 173 75 382 215 364 208 551 336 2 40 788 477 498 327 238 105 483 295 420 249 609 376 75 59 3 32 576 366 144 74 546 320 31 32
327 20 2205 184 136 42 17 282 162 321 213 168 127 25 33 154 59 331 234 5 55 457 243 360 197 470 251 70 63 6 48 52 40 64 54 767 453 216 127 232 96 204 153
328 20 2452 133 46 115 40 255 190 373 192 53 45 211 91 250 173 50 56 365 219 530 310 172 73 344 222 117 48 337 186 465 286 365 191 483 279 25 25 8 42 254 173
329 20 2438 11 42 116 95 285 154 661 381 29 6 377 246 570 346 151 41 451 301 95 92 144 134 155 139 170 134 86 102 439 285 161 140 126 108 312 154 26 58 512 306
330 20 2293 11 22 169 93 16 10 262 155 110 31 109 46 108 37 598 381 418 247 34 62 254 191 41 5 384 211 155 68 77 67 189 73 656 381 227 133 530 294 239 140
331 20 1949 441 268 9 47 34 62 228 125 227 100 243 121 23 46 172 147 408 211 6 42 112 20 276 192 422 244 520 338 109 33 15 15 45 27 109 72 175 128 324 184
332 20 3229 3 55 108 38 140 117 330 166 359 206 51 31 359 227 719 442 134 125 214 153 55 70 658 401 330 219 732 438 53 69 251 125 432 242 895 538 570 334 66 40
333 20 2931 31 39 95 54 218 165 450 267 550 343 572 358 70 25 75 95 86 89 94 50 79 97 490 296 241 177 601 377 204 82 116 98 653 401 368 211 244 160 625 369
334 20 2415 73 38 87 3 200 74 134 33 351 206 107 88 55 74 738 434 222 179 9 30 534 344 874 525 244 123 129 96 522 324 70 66 4 17 71 31 288 156 118 112
335 20 3259 246 117 377 208 713 439 154 142 187 150 927 560 828 501 290 172 344 207 87 2 38 32 715 418 195 77 8 54 298 166 42 41 128 116 151 136 465 258 326 236
336 20 2771 495 298 303 202 5 10 138 43 42 74 75 3 215 145 82 70 318 188 219 110 332 230 780 469 112 16 75 50 99 112 688 399 278 151 594 351 122 114 570 331
337 20 2243 276 155 354 188 331 166 42 63 321 212 187 74 87 26 108 54 29 7 21 62 54 3 35 27 130 68 96 90 694 418 786 460 161 119 116 95 439 241 220 143
338 20 3360 135 110 374 212 321 208 684 401 277 185 152 117 30 21 217 128 749 445 599 359 142 136 27 22 134 75 754 460 673 403 118 90 105 57 92 83 395 204 743 456
339 20 2559 670 402 219 89 33 20 308 160 194 124 108 72 91 104 339 186 551 314 855 505 35 1 134 116 152 88 214 94 38 47 200 130 92 2 167 84 126 78 592 341
340 20 3089 21 66 187 153 209 123 204 102 265 138 872 530 3 31 112 100 313 206 484 268 560 338 338 197 504 311 329 206 35 26 405 215 231 160 332 208 543 342 232 147
341 20 1520 6 23 678 406 49 84 98 56 266 166 122 48 119 68 75 83 156 121 76 85 146 80 68 13 89 21 33 66 402 245 154 81 379 219 68 34 46 74 10 43
342 20 2411 149 129 73 51 346 213 163 132 402 225 34 44 122 102 136 121 350 204 135 63 243 159 802 486 68 42 27 65 96 23 296 183 335 208 310 185 44 48 692 421
343 20 2972 583 366 337 224 404 237 257 182 7 36 511 296 308 176 142 125 560 313 22 2 84 28 324 204 269 124 118 64 617 385 864 511 49 47 35 2 89 8 364 197
344 20 2592 39 72 139 58 366 189 161 97 406 214 236 121 100 39 168 73 456 278 326 159 494 276 5 41 291 181 242 179 446 300 17 53 562 359 381 222 198 91 152 109
345 20 2968 380 217 501 321 18 43 398 260 443 249 1 26 575 352 811 493 232 146 173 149 17 34 37 24 190 89 853 513 40 17 149 93 423 245 279 158 336 210 80 40
346 20 2244 671 394 207 146 57 26 181 83 25 24 244 166 91 45 46 28 41 52 50 35 43 58 564 327 44 81 295 178 153 118 242 144 61 22 674 397 495 299 305 206
347 20 2496 113 21 395 235 247 192 83 40 604 368 128 115 78 76 144 79 207 101 525 312 206 167 476 294 222 165 299 166 47 26 34 48 210 170 403 231 296 157 275 202
348 20 3018 152 100 501 287 781 456 163 59 104 110 446 243 110 40 301 159 105 101 321 226 415 219 7 30 128 116 701 405 129 29 27 13 736 430 222 175 589 342 99 80
349 20 3118 366 205 166 139 395 236 137 51 432 289 455 261 154 86 451 247 846 514 300 199 139 112 764 456 233 131 49 70 72 97 270 153 173 82 146 131 288 193 400 218
350 20 3656 592 369 244 172 258 161 460 256 35 44 193 120 208 120 846 514 635 392 507 301 542 322 191 126 315 208 617 367 247 166 480 267 34 16 186 103 611 382 112 51
351 20 2331 34 75 244 188 84 76 376 216 93 99 193 161 551 317 20 31 533 341 32 53 308 160 254 174 703 415 236 158 172 107 172 90 76 82 75 79 392 228 115 57
352 20 2327 317 186 127 62 210 138 37 73 210 133 154 102 116 74 84 59 255 194 736 429 46 64 88 91 50 55 291 146 707 426 212 110 45 40 121 71 685 404 163 80
353 20 2958 452 272 419 227 322 229 178 143 65 49 258 167 321 170 26 57 595 347 452 264 240 117 784 478 727 451 46 20 114 23 167 126 76 97 12 7 224 152 439 246
354 20 2361 160 95 447 258 84 47 189 152 432 290 676 421 14 32 732 452 205 132 45 74 96 34 113 98 100 71 203 92 585 373 305 219 257 115 44 37 29 28 7 29
355 20 2419 104 17 29 16 91 47 97 31 133 91 54 67 438 296 286 176 141 84 252 196 781 472 612 375 260 198 211 137 271 204 334 228 121 97 24 32 58 67 541 338
356 20 2793 734 447 409 220 127 87 19 49 25 18 197 142 246 175 99 42 268 171 674 416 544 329 413 243 254 133 342 204 58 55 578 361 162 72 43 31 30 23 365 226
357 20 3009 2 47 497 320 111 22 357 204 490 315 709 421 305 197 379 233 116 114 521 314 110 85 168 101 245 174 47 14 325 195 173 99 636 397 412 228 115 57 301 146
358 20 3482 237 160 23 45 264 170 15 22 188 106 149 102 509 278 185 95 535 338 234 118 391 244 227 133 228 142 78 16 658 381 772 475 789 481 243 135 732 429 507 326
359 20 2461 484 293 282 148 665 414 1 35 22 40 310 151 293 153 442 278 29 67 138 73 293 170 122 95 473 287 83 80 401 266 126 94 53 83 98 28 79 101 528 291
360 20 4023 710 422 227 102 588 370 653 378 582 339 538 348 337 190 351 203 273 184 34 61 599 340 720 439 581 331 648 383 122 86 148 109 162 85 89 15 296 170 388 255
361 20 2218 908 550 105 34 86 72 97 60 141 44 181 129 320 153 261 201 144 114 36 65 496 299 203 133 122 57 114 89 110 81 88 80 31 14 361 244 357 233 276 179
362 20 2589 224 163 437 274 313 222 240 138 91 6 390 208 190 139 196 151 223 114 541 303 11 6 60 18 115 73 593 339 269 167 451 261 75 64 48 13 298 184 414 282
363 20 2994 194 106 472 266 504 330 235 132 783 477 16 23 25 60 58 72 813 486 403 262 47 76 162 80 113 27 789 465 332 218 253 143 30 2 465 257 165 87 129 31
364 20 1682 283 160 69 70 426 289 220 100 293 172 167 133 77 48 65 51 23 13 76 24 304 183 159 133 313 208 41 67 147 115 103 24 291 209 144 117 26 31 138 72
365 20 2901 181 109 350 222 1 54 455 246 226 94 609 352 106 47 410 215 572 362 53 19 172 107 256 173 629 384 484 314 226 148 252 195 190 100 89 21 490 320 52 8
366 20 3096 772 465 298 193 498 322 134 125 319 204 166 113 107 95 122 114 208 89 2 21 14 13 445 282 356 189 675 412 186 77 396 274 599 361 345 230 549 315 1 50
367 20 1740 178 156 140 87 399 272 256 118 100 64 242 178 272 131 320 213 182 148 72 4 24 73 6 12 21 6 52 16 46 72 209 144 229 173 29 7 163 85 540 316
368 20 2807 19 47 205 136 143 71 229 134 712 440 289 163 11 27 123 44 637 400 605 366 189 107 153 90 200 161 515 322 186 114 250 146 125 28 492 309 187 73 345 245
369 20 2861 319 151 401 210 212 91 657 379 43 27 256 136 140 91 573 367 296 144 612 373 123 106 505 292 357 221 594 358 188 139 12 52 44 17 273 163 117 86 1 37
370 20 2575 406 279 370 240 39 41 77 44 14 7 254 188 546 345 437 260 359 241 152 102 728 424 159 63 59 49 637 395 347 200 6 62 65 7 13 4 93 40 390 198
371 20 2749 697 410 151 62 64 17 477 280 469 283 753 463 37 55 598 343 470 290 239 174 57 9 79 24 408 259 173 69 122 103 81 86 12 51 218 175 242 171 151 97
372 20 3228 85 100 173 146 171 53 313 172 84 37 897 534 180 107 357 190 567 359 638 386 359 237 181 142 304 146 29 28 409 214 193 127 38 33 222 174 577 351 679 407
373 20 3007 355 246 223 173 273 178 495 323 591 333 151 133 322 191 194 68 263 164 479 273 828 503 66 94 232 99 82 101 231 139 122 28 393 246 322 210 12 31 381 194
374 20 2889 565 322 41 60 770 475 418 285 652 373 325 159 246 115 212 95 311 173 340 187 424 286 126 47 44 82 276 173 17 67 351 179 35 3 104 30 275 198 246 113
375 20 2207 269 137 221 108 80 61 364 205 107 46 205 135 398 232 47 66 304 156 77 31 133 63 264 193 580 348 61 4 242 152 257 161 85 80 4 8 307 193 409 273
376 20 3424 320 166 503 313 710 437 149 41 461 305 744 462 191 120 120 42 276 153 206 138 311 225 124 75 192 67 573 362 252 132 407 276 26 62 674 390 208 97 402 246
377 20 3099 497 276 305 178 673 392 135 56 298 138 207 153 610 372 744 458 614 356 44 31 389 248 353 215 398 237 211 90 239 170 280 149 37 17 121 52 5 58 39 3
378 20 2234 11 11 395 270 140 118 3 43 273 133 75 58 172 117 215 95 172 109 567 357 582 363 540 341 89 68 103 102 37 4 5 7 92 70 462 257 179 109 357 176
379 20 3133 280 155 162 144 628 368 302 158 196 124 298 160 94 59 10 3 119 33 14 62 300 200 271 138 33 3 529 344 241 101 17 45 573 366 916 553 568 351 715 425
380 20 2632 19 28 220 167 448 294 540 320 373 254 316 178 291 142 58 49 151 139 10 31 733 425 20 7 834 501 78 59 91 42 143 118 571 318 231 115 55 44 83 102
381 20 2486 255 163 295 139 76 33 48 10 76 52 416 277 557 357 383 251 43 83 684 393 57 39 192 68 402 224 224 107 331 193 303 221 76 64 22 48 67 56 465 266
382 20 2941 79 49 220 113 220 149 280 150 839 500 538 313 198 124 388 231 103 91 98 64 96 33 219 163 553 317 323 197 242 103 727 453 317 226 193 91 21 48 229 101
383 20 3003 370 237 102 73 172 85 92 96 186 118 263 126 40 72 465 260 214 169 538 317 325 175 29 59 387 235 689 399 228 173 680 420 134 44 119 50 264 195 710 424
384 20 2384 60 88 520 294 228 154 134 75 253 111 627 365 160 100 315 225 67 76 53 61 380 245 213 157 73 24 138 45 298 207 149 62 418 234 35 32 572 318 75 6
385 20 2866 527 316 85 37 474 270 129 92 431 274 426 236 290 182 141 81 450 289 371 247 29 49 494 319 95 82 267 121 84 87 39 66 75 91 254 140 850 515 222 113
386 20 3201 298 182 127 43 524 322 43 54 812 491 357 191 192 161 214 150 584 370 532 297 33 46 40 62 321 153 92 30 535 302 68 38 577 343 30 55 642 367 382 264
387 20 2726 517 305 33 42 122 56 151 59 418 229 445 293 128 35 641 382 170 134 200 110 548 352 180 108 149 68 226 114 392 234 54 75 448 247 412 272 12 46 207 121
388 20 2732 559 354 461 294 118 22 468 283 89 103 57 4 95 4 735 431 87 86 36 74 87 64 335 179 127 118 95 89 102 84 325 173 311 166 659 387 700 428 19 57
389 20 3406 777 464 603 373 576 354 620 367 12 46 198 75 299 168 462 293 289 210 483 289 193 125 336 200 436 263 294 177 97 75 225 141 686 410 190 75 22 54 14 58
390 20 2049 349 190 405 227 76 40 178 136 324 208 143 70 56 51 561 341 40 64 411 276 76 22 462 255 128 114 29 38 285 149 93 83 322 167 61 64 99 58 1 10
391 20 3408 354 230 512 313 288 189 205 161 468 301 73 70 819 481 132 95 540 301 309 182 70 75 304 198 105 97 6 31 749 451 329 181 270 124 143 40 299 200 842 514
392 20 2870 238 145 926 553 687 399 160 131 144 72 331 212 414 257 368 210 225 121 224 92 198 81 297 159 62 72 401 207 48 72 103 104 7 13 85 72 290 171 532 347
393 20 2143 4 25 205 82 64 6 419 230 71 70 63 60 110 99 478 266 19 46 413 276 5 42 226 169 636 382 208 127 6 54 405 221 39 34 70 31 811 493 35 26
394 20 3546 454 302 44 75 193 150 376 254 592 367 158 49 578 324 936 560 43 50 349 226 590 359 253 120 377 218 271 156 515 295 29 31 156 109 222 98 583 362 373 214
395 20 2981 63 54 174 107 400 261 53 53 391 236 521 317 119 94 3 50 323 198 268 201 703 420 443 253 317 219 124 45 676 407 271 146 236 140 391 206 215 132 271 139
396 20 3578 834 490 606 355 70 20 13 51 41 42 509 293 112 18 8 47 547 326 566 325 280 156 101 30 395 239 414 259 694 435 361 239 628 368 490 298 404 271 83 67
397 20 3347 5 53 635 369 373 233 285 144 5 37 821 497 183 109 587 348 55 76 689 419 202 108 447 298 379 259 40 44 515 286 399 203 13 61 700 407 4 11 358 222
398 20 2293 271 192 144 39 301 190 78 76 520 313 27 59 289 136 292 168 64 68 383 257 30 43 168 114 113 116 111 27 153 91 150 114 476 260 37 6 704 435 275 188
399 20 2805 133 38 24 24 360 180 590 348 142 87 293 176 511 309 183 97 418 238 477 311 90 19 166 54 428 275 93 108 112 65 490 275 59 4 197 154 175 103 669 384
400 20 2873 225 128 559 324 136 97 70 81 156 117 319 190 113 16 107 92 50 14 657 401 27 51 380 241 214 143 215 172 635 359 482 290 255 127 270 146 307 154 569 316
