1 20 3893 857 509 167 76 415 257 759 457 145 63 435 234 454 283 391 227 458 294 299 162 311 200 65 21 871 528 330 204 453 251 172 89 260 190 471 264 326 180 147 134
2 20 3137 47 38 139 118 802 492 351 227 300 145 39 36 258 180 250 133 257 122 221 167 279 153 685 421 430 270 183 71 51 11 19 47 782 473 609 386 498 325 74 38
3 20 3484 35 30 200 147 270 192 517 326 228 173 362 221 589 360 114 100 396 209 525 338 367 218 129 106 231 98 735 446 547 345 325 227 356 246 677 413 344 194 21 29
4 20 3300 415 263 175 93 571 331 152 99 68 96 296 179 126 68 816 484 57 66 593 378 84 14 291 156 176 119 647 370 194 122 669 403 370 207 472 314 212 92 216 129
5 20 3112 178 105 179 105 156 144 290 201 386 214 331 184 828 491 617 353 131 79 200 141 11 15 397 219 122 120 379 227 758 450 91 28 7 58 831 494 149 68 184 68
6 20 3561 688 416 1 35 622 360 369 257 685 430 146 58 73 43 444 238 38 54 444 275 105 60 615 385 529 302 271 131 28 62 553 353 528 343 406 242 343 219 234 110
7 20 3066 813 482 477 286 40 15 407 223 572 357 80 63 105 27 103 100 212 119 306 217 277 136 203 146 203 157 69 88 683 418 61 75 406 222 134 118 768 455 214 100
8 20 3117 75 33 704 433 592 378 22 43 860 515 132 122 487 308 34 34 138 120 425 230 130 74 107 33 550 337 479 273 76 4 233 97 277 168 433 293 434 288 46 42
9 20 3797 496 299 70 52 825 501 645 375 475 256 132 116 181 132 307 164 543 327 118 22 637 364 244 187 189 88 625 376 572 358 499 270 122 28 753 462 28 7 133 126
10 20 3100 103 21 516 284 327 170 5 48 402 252 85 93 629 398 406 214 314 203 643 398 308 202 31 31 10 15 10 58 353 174 485 316 926 557 132 78 237 134 279 150
11 20 3361 233 143 22 46 378 237 70 69 476 286 25 14 406 215 254 179 470 309 173 122 449 298 704 439 603 348 4 43 551 330 440 296 461 263 861 517 134 54 9 49
12 20 3945 359 184 181 149 173 133 550 323 239 139 611 381 783 481 544 329 245 138 542 319 18 6 421 230 217 170 167 135 327 190 708 425 211 110 363 249 660 394 571 353
13 20 3601 50 77 517 336 347 241 106 100 617 386 151 86 36 5 423 235 265 191 468 307 298 166 844 506 576 328 573 365 453 274 397 224 12 59 514 309 358 233 198 125
14 20 3462 620 371 362 253 813 493 386 268 145 47 485 307 395 201 211 142 306 169 421 288 234 130 74 54 221 91 600 367 82 80 463 261 415 216 356 190 89 19 246 107
15 20 3643 331 200 604 343 163 126 753 443 242 164 193 128 820 487 33 77 3 47 410 227 891 531 106 16 95 61 315 207 151 88 486 273 243 187 271 124 686 396 491 312
16 20 3484 542 331 575 333 12 34 538 340 292 150 326 170 469 290 358 221 695 428 288 158 23 63 85 36 534 304 27 2 331 235 623 372 58 3 297 147 632 362 264 167
17 20 3200 343 205 70 49 395 223 5 60 43 79 298 205 629 397 252 128 579 365 40 77 280 148 49 19 221 124 700 411 133 32 508 285 122 93 634 400 609 385 490 294
18 20 3976 161 65 339 203 264 132 589 373 653 410 84 56 517 284 192 106 448 250 869 514 741 450 115 32 369 200 200 167 622 380 290 185 283 211 280 147 351 191 586 355
19 20 3309 691 406 50 46 316 157 626 379 318 166 456 269 226 123 136 35 177 94 275 163 257 150 259 142 94 105 230 95 103 90 339 180 601 377 591 353 23 45 850 514
20 20 3581 62 71 745 462 126 40 634 360 138 76 400 204 150 134 401 208 117 38 152 82 634 370 177 122 661 389 605 377 461 283 398 223 742 442 103 10 361 216 95 43
21 20 3343 212 105 663 382 30 56 338 168 447 282 175 82 136 37 37 30 97 60 260 116 565 346 424 224 386 238 443 289 335 174 628 398 817 484 157 121 132 121 404 220
22 20 4041 221 94 545 334 822 494 86 30 472 263 538 325 568 350 451 273 946 566 121 26 202 159 463 308 353 226 802 490 192 87 9 23 414 267 190 75 394 261 294 187
23 20 2647 330 222 656 402 48 26 168 100 157 86 359 183 195 91 71 9 361 221 268 147 722 432 339 229 157 89 333 194 415 232 20 52 185 138 139 45 250 116 121 119
24 20 4150 161 47 799 481 416 237 575 361 325 166 123 50 258 171 535 322 614 380 206 76 144 88 245 187 522 293 282 156 874 527 594 368 473 263 443 274 49 71 663 395
25 20 4644 312 150 206 90 283 156 117 120 383 201 705 424 16 67 908 540 686 418 672 408 825 494 124 76 715 412 334 199 496 325 500 299 641 379 668 421 508 330 190 148
26 20 3711 352 228 306 201 429 244 623 358 208 131 148 125 623 393 637 384 27 33 66 39 864 514 545 318 879 525 5 29 331 230 105 20 98 113 10 9 643 379 523 337
27 20 3403 397 257 207 83 180 147 796 477 37 50 532 305 364 230 597 369 363 204 576 347 724 421 19 45 26 38 232 159 523 333 143 75 266 173 627 379 142 70 55 3
28 20 3190 221 173 876 524 194 111 4 7 275 177 336 165 43 29 150 140 21 55 239 122 183 78 442 250 581 356 395 242 726 448 370 243 609 375 351 215 265 128 99 79
29 20 4319 538 348 404 246 221 130 781 468 424 244 879 523 410 218 689 414 566 322 878 526 568 356 340 186 99 44 272 191 58 51 118 58 906 545 199 165 83 13 205 119
30 20 3476 372 242 229 97 3 34 326 169 901 544 11 7 650 404 386 229 7 52 521 303 280 186 218 106 30 9 406 270 740 459 517 297 525 338 518 318 186 124 127 70
31 20 4131 4 56 935 558 918 555 887 534 186 89 110 84 649 386 67 10 200 144 40 48 685 394 721 426 259 198 48 20 701 429 167 139 331 170 712 427 95 72 548 343
32 20 3200 128 106 36 22 550 333 405 209 25 71 60 56 607 377 39 11 852 503 717 417 36 38 499 270 247 181 767 468 191 86 188 117 66 89 598 372 213 93 177 118
33 20 3956 462 277 873 519 432 287 607 344 97 17 303 192 714 444 353 250 327 221 395 256 308 221 434 283 583 356 554 336 117 100 436 229 495 310 47 22 109 25 266 184
34 20 4592 518 314 477 274 837 511 338 171 305 205 775 455 618 368 275 156 442 253 120 29 438 271 221 129 614 360 348 188 301 148 41 68 540 340 717 427 906 549 353 213
35 20 3870 99 88 278 151 841 512 271 149 511 315 770 467 316 201 320 212 618 392 756 467 361 209 200 143 307 143 496 305 273 152 391 270 27 56 10 39 206 163 690 413
36 20 4270 365 192 205 145 209 173 920 550 727 442 332 236 224 134 821 503 212 101 542 304 964 580 423 289 136 90 516 315 37 57 303 197 179 73 191 97 784 471 451 251
37 20 2466 311 191 731 424 430 235 223 158 5 60 307 219 236 131 143 55 47 7 163 48 236 103 241 156 665 411 99 111 244 141 199 91 161 79 82 64 89 15 321 190
38 20 3084 203 142 128 110 34 73 366 217 325 224 108 21 19 63 404 254 363 221 496 299 140 84 128 36 57 11 184 79 238 150 846 513 197 119 234 157 953 574 745 437
39 20 4018 174 101 263 188 102 29 580 350 631 388 149 65 587 346 249 136 800 476 196 83 566 339 88 11 172 104 948 572 761 447 334 236 790 477 154 80 95 106 398 214
40 20 2555 539 346 401 213 187 133 100 42 306 209 106 67 159 102 251 144 591 338 268 158 31 12 576 349 59 41 73 66 27 59 71 92 602 367 155 107 379 240 230 160
41 20 3579 92 31 936 563 23 62 21 40 252 179 155 65 48 33 102 74 554 349 101 93 817 483 393 237 312 150 737 435 87 33 414 266 490 302 776 469 513 314 336 223
42 20 2695 43 37 772 468 580 331 35 13 3 36 229 161 4 36 68 26 196 108 72 69 829 498 120 70 82 79 205 101 229 117 112 90 703 416 156 131 746 459 207 122
43 20 4034 184 127 28 14 345 196 106 81 270 155 389 200 710 441 149 101 622 368 381 228 54 6 307 226 545 351 820 492 656 406 553 340 235 185 321 220 767 451 627 371
44 20 4701 922 550 107 100 472 307 242 175 36 29 683 427 64 82 363 200 847 508 705 435 822 497 704 437 717 423 504 307 188 72 834 498 90 40 442 293 446 275 214 146
45 20 4020 906 541 131 73 660 393 342 170 603 342 74 5 496 305 84 67 201 107 114 119 49 57 932 556 643 405 353 237 765 468 60 45 36 6 365 224 563 352 663 383
46 20 3907 181 151 362 220 912 545 247 165 652 391 143 122 873 529 744 435 187 81 576 325 195 108 82 27 215 134 25 54 385 222 5 10 800 473 229 99 433 232 568 319
47 20 3358 528 296 200 115 114 107 792 473 395 214 123 101 482 317 311 151 657 388 430 274 62 54 99 98 767 469 44 55 164 52 527 321 70 38 2 42 911 549 38 53
48 20 4160 392 244 580 363 611 365 357 203 182 128 325 211 455 263 297 158 17 6 523 308 320 184 34 29 495 271 723 424 150 66 711 442 254 192 901 536 349 174 644 380
49 20 3549 85 30 23 11 595 368 889 531 447 255 231 137 44 47 113 99 219 162 271 143 631 382 123 78 156 129 390 230 657 384 641 394 593 356 342 168 87 60 562 320
50 20 3731 20 11 448 300 757 461 738 453 31 53 128 128 546 322 11 51 185 105 24 70 115 73 231 121 532 337 952 572 610 364 418 280 311 198 976 585 234 175 195 161
51 20 3570 423 282 370 245 352 212 602 376 159 126 421 238 666 399 220 93 69 50 43 51 239 186 507 314 369 230 427 277 56 6 512 280 164 54 652 387 603 370 286 168
52 20 3405 204 85 480 269 15 20 52 52 749 454 82 16 24 28 568 360 135 33 480 264 26 37 147 58 227 124 827 491 410 249 382 233 336 188 417 242 895 542 354 189
53 20 2621 143 120 294 169 473 285 776 478 581 369 343 243 78 84 89 65 43 74 44 50 169 65 8 59 131 51 478 303 530 293 425 248 141 103 99 70 87 45 310 199
54 20 3349 50 82 808 477 339 204 597 353 6 24 855 505 233 184 779 467 795 471 66 53 597 338 16 20 679 391 78 23 4 15 110 58 110 62 38 59 457 303 82 101
55 20 3833 109 40 594 357 729 442 243 179 512 321 524 312 514 280 340 243 484 284 59 48 203 104 511 298 73 64 298 162 172 102 51 77 180 157 892 538 949 569 230 150
56 20 3867 309 194 165 146 978 587 477 292 268 138 106 68 96 16 426 280 599 343 631 367 739 450 460 249 452 256 55 55 99 107 853 515 26 56 31 34 166 147 798 474
57 20 3520 181 62 673 412 237 132 819 502 278 202 65 40 423 284 342 210 107 68 623 386 289 176 311 225 890 529 212 123 106 77 237 133 284 194 228 116 357 237 379 214
58 20 3532 160 143 338 178 446 248 318 164 55 70 10 22 290 140 589 360 258 189 725 444 148 139 381 217 485 293 31 23 51 17 620 383 851 515 513 300 320 231 476 312
59 20 4090 468 258 349 194 374 190 380 197 252 107 252 154 133 43 641 371 614 362 72 90 31 55 202 86 200 119 801 483 164 101 860 520 932 556 245 136 500 302 710 423
60 20 3854 632 394 62 79 41 15 120 68 644 391 282 142 315 185 609 384 563 324 87 25 45 20 33 66 717 442 355 213 382 242 571 368 523 331 801 475 316 160 611 361
61 20 3915 855 515 437 257 154 66 453 248 405 216 548 338 867 528 122 59 411 261 755 460 131 100 43 60 330 190 459 291 507 302 219 179 872 526 161 100 42 80 60 51
62 20 3933 429 267 81 55 313 160 816 494 174 132 158 95 232 149 568 364 689 413 74 99 472 298 446 255 780 480 981 589 2 40 424 233 659 403 114 82 74 7 381 238
63 20 3141 82 99 55 87 166 96 609 366 133 83 513 296 562 353 430 246 302 153 401 263 67 51 344 245 433 258 22 41 422 260 505 282 105 50 461 297 356 236 315 162
64 20 3570 284 207 534 310 2 5 829 489 70 18 951 571 432 255 318 153 415 255 237 107 20 23 504 318 57 76 215 125 396 232 43 47 582 353 424 225 342 221 486 301
65 20 3745 225 112 614 355 143 50 382 252 331 166 643 405 25 47 173 125 789 481 110 75 268 189 565 335 680 423 245 147 361 213 550 351 344 227 433 291 127 80 483 274
66 20 4015 88 21 483 305 68 85 352 179 31 59 433 267 158 108 441 270 801 469 600 368 121 22 624 372 479 287 705 430 333 181 363 249 512 312 649 397 247 107 542 298
67 20 4062 865 514 501 277 370 239 237 173 39 53 17 27 69 34 11 46 193 129 763 471 546 335 837 508 781 468 112 72 657 393 161 85 199 98 881 528 456 306 430 286
68 20 4502 399 230 918 553 336 231 489 320 239 100 148 95 8 49 964 577 899 544 511 315 789 474 500 306 31 41 210 171 169 53 776 474 333 228 61 86 562 316 663 408
69 20 2968 454 263 25 14 139 91 21 41 50 15 775 457 404 271 182 155 445 266 522 292 178 110 59 91 803 482 57 51 216 167 868 521 123 88 104 46 34 21 478 301
70 20 3331 246 191 300 150 736 438 77 70 101 72 587 329 591 370 209 126 107 62 105 53 406 277 128 35 158 55 81 81 914 548 217 157 622 389 808 492 151 41 118 73
71 20 3502 731 455 70 72 921 552 301 190 281 175 296 137 27 56 201 118 253 131 1 5 780 466 185 63 43 44 212 81 770 457 143 74 206 97 59 33 654 380 870 518
72 20 2973 21 6 190 71 185 63 331 219 121 30 592 376 385 218 497 292 551 310 538 344 281 137 570 336 272 146 17 67 331 208 173 92 74 14 45 84 747 461 25 54
73 20 2754 366 246 82 90 182 111 130 67 286 214 41 21 230 154 82 2 332 173 372 191 465 276 833 496 195 125 678 400 47 53 1 17 639 398 57 76 313 210 178 148
74 20 3374 658 384 338 234 32 9 556 344 231 105 433 256 364 248 492 299 315 175 213 87 156 65 467 306 334 208 491 275 66 41 19 61 875 518 417 261 35 69 256 158
75 20 3411 651 398 197 156 742 450 191 82 777 459 205 82 211 100 88 11 670 418 237 114 400 269 300 163 25 61 393 271 146 94 406 253 446 256 1 7 70 32 667 389
76 20 3936 441 243 713 420 806 474 219 96 57 77 813 493 870 529 804 473 96 39 228 163 78 62 357 241 386 209 699 409 17 50 342 242 379 191 110 14 116 53 342 171
77 20 5386 322 176 758 461 4 15 133 107 260 142 649 409 591 346 817 487 607 357 728 439 667 412 150 39 824 490 601 355 501 279 926 559 724 434 83 48 909 540 519 291
78 20 3594 302 151 55 36 11 47 858 508 851 513 117 44 386 259 372 247 697 413 221 165 333 163 216 103 367 190 249 127 392 272 590 346 302 171 488 317 294 145 88 3
79 20 4603 227 148 392 256 703 423 188 99 140 80 241 166 847 508 508 286 589 350 534 303 349 189 859 511 425 261 624 392 357 251 338 209 468 311 36 40 504 277 877 524
80 20 3024 73 38 79 34 149 46 886 528 461 272 338 218 319 176 219 111 608 361 47 75 475 302 98 94 310 220 473 261 237 186 181 134 144 64 67 78 584 364 300 169
81 20 3831 748 449 139 125 184 106 188 115 465 298 625 394 298 179 366 213 82 85 814 483 331 231 825 488 139 114 509 303 335 231 304 211 328 196 747 447 68 50 168 121
82 20 4347 353 184 651 377 481 262 412 271 218 88 466 277 682 416 565 355 10 17 446 270 165 127 34 33 458 266 781 469 424 254 272 193 273 131 700 405 335 224 968 581
83 20 3090 281 127 386 225 240 121 188 108 167 86 223 128 769 461 266 139 618 369 33 58 505 324 130 65 83 2 508 317 157 131 642 392 250 123 624 385 70 56 41 47
84 20 3995 103 49 414 252 539 314 666 381 400 212 19 4 14 4 602 348 174 112 921 550 585 339 461 303 97 82 579 354 480 276 357 212 206 117 543 301 226 131 605 373
85 20 3092 313 229 698 415 430 280 143 100 625 380 530 302 14 60 118 105 488 313 389 216 194 127 194 124 316 200 221 138 70 85 200 109 436 249 184 130 353 230 268 199
86 20 3933 532 334 167 112 720 431 14 38 629 391 488 305 433 289 330 176 502 299 648 377 633 397 57 80 537 304 108 90 180 112 710 427 698 421 60 28 224 145 196 161
87 20 3827 286 189 85 51 657 401 509 295 646 385 39 72 60 14 649 389 17 52 615 390 192 91 369 218 300 162 891 534 345 220 447 252 433 238 398 231 535 334 181 93
88 20 3986 118 115 544 317 679 397 147 123 678 409 536 338 43 78 901 545 557 359 347 232 559 330 118 25 494 268 33 51 182 155 407 247 253 120 650 410 254 117 472 291
89 20 2565 63 12 114 21 890 530 277 176 102 97 411 218 253 143 167 142 138 120 324 156 272 185 201 99 68 91 504 275 453 269 361 180 24 34 38 11 299 144 171 80
90 20 3415 389 210 563 322 188 140 108 61 452 244 71 52 86 84 502 279 27 12 389 215 501 281 657 396 364 182 588 369 463 257 348 244 175 123 548 303 129 26 283 195
91 20 4607 43 59 979 589 314 193 767 459 363 198 163 69 287 214 432 287 794 465 743 447 17 29 113 73 160 115 538 318 878 520 311 217 883 526 625 393 144 69 660 394
92 20 4319 514 309 325 183 68 64 22 70 594 381 375 227 264 194 384 253 684 392 338 215 483 281 410 232 562 352 164 88 542 306 34 39 644 387 827 505 498 280 907 539
93 20 3824 190 123 598 343 42 56 26 2 683 420 263 169 378 201 122 43 624 357 6 51 689 426 421 231 254 182 590 354 250 172 313 219 632 397 546 347 733 424 288 183
94 20 3367 115 27 385 225 436 279 68 38 447 254 344 208 233 117 190 159 571 354 472 291 402 265 796 484 509 280 92 31 196 119 184 112 134 82 272 132 505 322 384 252
95 20 2999 278 156 49 61 359 197 417 243 243 165 317 205 483 300 19 10 84 45 12 25 448 258 320 152 423 288 754 448 51 10 100 61 856 507 360 254 97 10 328 180
96 20 3551 366 221 570 356 46 13 360 208 69 72 310 169 525 339 189 76 496 314 6 4 724 449 161 88 395 268 277 195 171 88 499 279 485 307 636 385 799 481 18 33
97 20 4334 27 50 578 324 159 108 859 510 689 427 301 156 196 151 144 128 658 409 643 372 703 440 283 169 426 275 956 574 341 231 5 34 775 462 131 41 384 253 411 267
98 20 3891 316 199 658 395 621 359 398 237 439 240 509 283 652 391 870 519 253 114 4 14 100 34 283 149 102 102 397 214 586 375 370 228 14 23 816 487 126 69 269 183
99 20 3436 612 358 459 271 208 101 248 183 511 307 306 187 313 198 336 219 361 193 140 50 92 44 591 344 378 232 137 46 358 231 550 354 793 470 205 158 30 66 245 186
100 20 3628 297 148 320 201 731 445 25 18 891 531 484 285 626 367 10 52 240 154 769 459 40 58 236 164 375 230 178 95 404 216 145 74 36 31 292 178 290 167 867 522
101 20 3396 326 168 141 78 500 301 46 26 187 68 746 455 359 245 133 92 27 7 744 461 79 50 476 299 44 34 220 133 109 18 927 558 238 181 919 552 184 77 387 214
102 20 3667 280 206 368 186 925 552 652 371 538 311 361 248 451 292 331 234 292 146 212 116 350 206 516 313 480 259 229 154 8 20 338 227 248 132 167 97 414 235 175 136
103 20 2688 63 37 609 365 57 45 354 174 198 154 161 125 781 465 204 132 16 1 109 79 590 333 7 25 394 234 103 31 806 493 6 32 281 145 125 84 282 141 231 123
104 20 3814 607 356 255 121 724 424 332 190 527 332 255 173 222 168 611 347 428 225 508 317 703 430 346 169 392 200 559 345 363 190 266 169 89 108 193 117 219 129 30 27
105 20 3389 871 520 658 386 11 33 41 80 650 407 213 169 149 96 314 190 180 91 310 185 517 327 362 217 191 159 17 7 26 40 678 418 156 88 805 482 582 327 47 68
106 20 2913 372 234 391 252 119 124 7 12 95 5 496 306 189 146 496 323 383 225 258 168 226 176 721 426 603 348 345 210 260 150 59 45 42 77 438 238 153 116 173 134
107 20 3862 673 391 668 399 54 16 819 501 280 176 342 241 126 59 525 314 600 371 123 49 177 133 658 409 105 70 20 22 771 471 24 57 873 523 300 206 549 305 38 41
108 20 3032 713 419 133 97 289 214 30 56 304 144 592 345 93 42 334 226 66 8 785 469 276 167 305 147 79 67 325 182 95 76 346 194 421 239 492 319 225 169 161 118
109 20 3137 527 328 131 117 227 97 98 65 413 237 160 127 182 155 934 563 526 339 677 410 854 507 177 73 229 173 270 148 15 14 276 151 227 163 101 95 26 31 225 164
110 20 3175 360 210 489 288 101 11 156 86 389 220 280 210 123 60 75 31 31 55 725 435 13 20 81 38 627 364 204 84 341 205 826 488 335 199 388 239 348 197 458 249
111 20 4138 654 387 516 336 821 484 41 31 105 12 813 487 174 137 489 304 782 457 251 175 281 172 567 353 720 439 665 388 461 280 13 42 224 137 48 57 327 188 325 218
112 20 3520 117 77 239 124 308 206 482 261 22 14 348 211 896 541 194 106 343 218 563 359 218 97 323 228 893 532 661 382 99 8 470 305 264 137 187 82 384 216 30 73
113 20 3159 30 37 87 18 265 150 607 347 220 150 532 346 24 42 609 365 133 39 711 440 305 157 38 60 530 296 346 186 227 143 296 215 489 270 169 64 626 398 74 18
114 20 2870 119 32 94 83 167 59 22 3 171 59 449 286 136 101 173 112 132 82 808 489 734 428 290 189 103 113 368 186 428 246 108 40 186 121 335 227 849 515 69 89
115 20 3607 691 419 454 304 784 472 216 165 276 180 462 301 689 428 457 253 39 37 4 19 3 10 201 160 361 226 520 330 238 158 110 100 79 18 300 142 898 540 433 282
116 20 3138 506 279 382 223 295 163 275 124 425 237 277 129 470 304 109 34 270 181 93 40 237 177 444 287 65 47 460 298 110 33 311 211 311 152 391 246 401 209 445 276
117 20 3456 15 17 472 268 317 178 896 540 547 316 200 167 148 106 148 120 174 134 69 51 56 8 706 433 933 564 359 210 124 29 272 162 753 458 233 95 209 154 282 183
118 20 3339 420 224 357 229 976 585 427 261 15 52 178 82 300 221 486 293 480 291 9 25 241 128 332 226 304 153 5 28 268 203 693 400 249 170 301 179 556 357 82 17
119 20 2466 366 216 235 157 205 139 92 55 258 147 93 94 309 149 107 56 81 8 578 348 151 57 69 11 571 322 161 80 326 164 131 115 121 32 589 339 82 65 407 247
120 20 2654 460 298 937 566 116 78 623 388 539 306 207 123 103 57 46 47 150 85 240 162 204 92 24 62 709 440 156 126 67 45 184 72 29 25 351 197 120 104 43 30
121 20 3399 477 262 698 431 40 43 81 81 654 373 239 154 512 304 640 380 109 69 271 192 232 133 775 461 216 117 773 460 206 130 429 224 34 77 239 142 75 71 99 42
122 20 3841 621 368 274 179 877 526 611 361 344 235 477 256 690 396 179 140 242 115 533 347 24 68 286 197 398 251 241 117 92 87 841 508 350 222 413 259 80 62 109 76
123 20 4170 933 556 271 147 975 584 698 401 746 445 43 26 419 282 174 135 76 36 576 355 552 358 139 132 715 433 478 267 425 237 325 225 360 241 56 61 48 19 331 195
124 20 3464 857 508 419 252 692 418 401 263 296 184 211 80 776 479 43 17 740 458 177 85 338 197 571 351 228 98 89 63 186 109 145 102 146 128 520 313 37 46 57 13
125 20 4866 366 220 248 159 731 434 120 21 635 367 680 391 310 211 516 303 90 77 253 126 578 371 286 185 833 505 766 469 168 110 457 277 800 480 735 445 520 328 641 406
126 20 3986 501 327 525 291 114 44 556 350 445 271 258 171 504 330 105 24 868 515 35 57 690 395 14 46 179 102 828 492 227 158 121 70 670 392 326 228 453 251 554 330
127 20 2830 152 48 268 171 131 71 82 97 42 5 175 146 663 410 236 150 100 89 611 352 402 220 159 87 38 17 733 455 463 297 200 137 49 46 238 123 523 294 395 273
128 20 3715 267 120 619 378 206 121 263 129 580 328 124 26 385 250 1 59 835 510 620 358 886 527 495 288 92 34 408 215 119 81 59 22 4 6 493 310 571 349 403 275
129 20 4631 620 370 589 332 747 457 282 187 602 354 206 135 110 72 753 455 303 152 450 299 500 295 653 375 879 527 1 54 133 110 482 303 466 303 306 197 534 299 646 408
130 20 3815 221 126 558 331 146 70 354 233 485 279 688 417 392 269 142 103 689 431 791 469 697 434 14 10 299 192 77 72 64 90 677 393 222 145 858 512 249 195 8 33
131 20 2951 362 206 105 59 124 90 5 61 430 246 208 122 236 159 260 174 43 39 505 324 165 61 55 5 853 505 457 258 518 340 266 135 654 386 16 50 482 311 158 145
132 20 4026 68 76 810 480 75 56 203 119 719 432 480 293 672 396 212 141 593 332 281 171 435 244 671 394 493 325 325 232 381 192 41 23 279 164 44 82 742 439 529 306
133 20 3145 87 94 402 239 21 64 486 276 674 405 415 235 402 257 106 16 815 479 146 127 113 71 268 123 66 59 162 95 345 212 403 275 385 237 282 145 464 285 248 167
134 20 4246 833 503 295 162 19 24 664 417 334 230 467 291 526 304 774 470 296 143 335 219 522 298 491 310 277 184 834 492 540 315 412 229 48 74 204 155 327 173 295 197
135 20 3388 606 347 91 101 183 115 20 13 501 320 112 111 548 306 125 80 187 80 55 4 689 430 491 325 523 286 349 214 164 113 431 290 167 86 730 435 266 154 539 328
136 20 3224 75 76 327 201 182 67 569 359 202 117 301 177 108 59 284 139 673 402 396 235 76 77 790 466 7 3 407 249 32 56 195 137 112 99 664 390 686 405 363 242
137 20 4634 597 380 816 487 106 97 129 72 740 445 87 12 210 108 760 470 579 370 668 398 27 73 528 344 620 362 448 292 201 161 503 296 699 437 616 388 584 342 351 199
138 20 3168 161 145 868 526 585 356 40 34 81 17 376 207 115 90 306 166 317 200 45 51 483 271 801 475 384 257 660 397 172 86 173 100 130 66 302 142 245 108 93 76
139 20 3147 116 67 650 375 518 336 223 169 166 113 261 141 82 69 245 128 418 273 537 318 467 262 148 43 500 317 67 30 276 162 70 13 702 423 127 104 6 42 716 414
140 20 3091 866 525 92 103 937 561 231 96 205 126 178 89 266 137 217 110 236 142 429 229 190 143 175 57 281 177 1 60 206 101 738 443 72 2 468 253 356 239 39 11
141 20 3782 399 248 740 460 156 51 947 566 69 35 691 415 474 260 303 185 110 14 135 45 287 165 115 120 532 304 383 265 202 113 50 1 936 563 564 324 104 74 367 209
142 20 3719 265 184 416 272 289 163 717 418 883 536 273 184 376 218 557 317 520 296 56 6 900 541 573 366 521 310 173 99 215 136 395 243 57 36 29 74 92 90 131 87
143 20 4690 747 455 643 383 340 243 419 227 14 58 429 230 297 183 569 323 770 462 126 113 866 520 285 213 168 79 721 427 331 237 853 520 376 231 299 221 726 437 401 276
144 20 3048 275 197 72 21 84 54 202 79 812 477 51 45 594 372 420 240 320 190 644 375 201 100 238 173 450 257 142 90 209 94 107 62 389 262 450 284 316 163 120 86
145 20 3657 568 340 376 201 639 375 236 104 25 39 374 196 314 150 491 298 657 412 594 369 466 288 136 120 41 23 133 83 55 81 283 209 533 339 307 199 379 264 707 437
146 20 3233 2 25 221 177 239 108 269 190 78 101 27 57 649 397 349 246 5 30 232 184 699 417 107 80 251 137 837 501 353 199 769 454 32 36 744 452 224 147 379 238
147 20 3753 209 148 429 260 547 337 330 209 128 100 90 2 100 30 73 52 93 18 700 407 54 64 512 333 294 181 632 357 823 489 694 429 7 29 832 495 667 400 292 153
148 20 3400 528 300 239 176 491 319 214 101 26 38 512 307 212 136 103 98 278 194 125 117 40 47 300 139 773 458 78 49 534 314 582 345 406 233 361 232 529 339 469 300
149 20 4353 7 1 836 509 191 162 585 363 13 13 247 105 408 244 363 219 643 391 867 521 278 146 33 61 582 349 612 366 109 52 744 446 308 220 173 102 828 491 880 533
150 20 3741 382 217 141 57 399 239 682 412 256 129 798 486 581 372 322 219 21 63 10 41 359 203 538 322 247 115 341 210 91 50 731 441 104 94 511 298 236 124 733 441
151 20 2847 293 143 340 189 733 437 177 84 65 93 507 313 8 6 696 419 58 49 321 153 24 42 130 125 211 85 807 490 84 74 302 154 191 99 274 193 203 105 271 126
152 20 3730 303 217 513 324 630 398 569 330 523 294 418 257 105 112 258 130 101 35 403 235 373 226 173 135 625 377 10 40 326 234 579 350 567 338 610 352 319 195 55 66
153 20 2680 841 508 232 122 357 250 38 80 65 34 246 168 253 180 466 281 200 107 483 283 132 94 253 145 178 110 150 115 464 248 228 160 391 241 38 56 104 19 241 137
154 20 4517 205 123 425 238 948 567 564 350 230 146 475 259 346 179 585 357 510 292 460 305 671 422 684 427 184 76 30 33 461 268 291 199 538 296 741 448 365 244 322 189
155 20 2642 149 52 670 399 236 103 253 110 17 40 149 92 840 511 290 187 438 240 150 105 9 57 552 331 75 76 465 286 8 12 101 10 43 67 367 208 277 203 195 91
156 20 4034 248 181 745 439 612 367 564 324 665 409 704 435 518 297 268 146 148 77 541 342 371 186 518 329 202 126 420 229 139 101 107 49 124 127 127 56 720 426 327 161
157 20 4166 782 476 458 294 2 14 472 292 338 188 407 224 268 141 7 8 10 36 568 343 534 333 545 330 704 424 890 535 451 274 394 206 200 165 548 327 373 188 382 225
158 20 4123 155 47 516 321 607 366 422 236 498 289 807 491 139 95 191 99 761 457 48 74 179 83 765 451 366 187 643 384 67 53 429 281 559 310 154 83 855 507 85 106
159 20 4097 498 296 722 443 412 261 598 363 351 239 141 55 669 384 545 350 329 191 12 36 432 248 524 316 634 385 38 28 692 423 518 300 59 35 553 315 427 266 41 39
160 20 3305 212 174 820 499 564 337 142 62 28 65 484 272 80 3 357 192 687 400 24 20 325 174 738 454 504 318 181 113 376 254 519 306 138 130 244 164 163 103 24 49
161 20 4429 310 149 691 398 13 49 431 246 800 469 826 505 178 140 483 289 472 281 370 189 702 434 81 54 744 447 8 23 807 486 173 131 900 545 250 164 292 144 328 189
162 20 3500 409 263 379 251 51 36 760 469 440 283 91 40 493 289 480 317 494 297 393 266 44 67 22 62 2 6 427 242 846 504 425 246 614 364 363 232 50 74 217 100
163 20 4364 746 463 544 345 282 156 191 150 714 440 425 256 202 101 431 270 771 464 534 318 169 119 241 137 484 317 72 38 492 269 634 393 202 80 644 369 497 273 453 301
164 20 4122 42 34 25 10 94 99 962 578 591 354 475 307 649 403 182 79 664 407 473 290 468 276 720 418 381 205 190 126 934 560 243 178 389 219 328 207 328 200 107 115
165 20 3812 138 104 197 154 99 46 412 274 298 145 304 160 740 450 227 95 21 24 820 492 740 446 290 180 633 362 435 273 199 134 389 235 479 267 505 312 575 354 124 121
166 20 2864 732 450 39 6 108 72 41 45 87 12 22 2 191 137 46 47 161 90 551 335 294 163 519 331 139 106 252 193 625 378 491 282 623 353 332 228 67 62 409 270
167 20 3734 126 122 689 408 422 229 20 49 277 150 118 84 611 383 130 105 270 146 15 45 779 480 104 82 646 386 638 399 314 208 872 527 287 215 289 189 574 369 288 152
168 20 2785 523 291 14 1 372 247 28 67 89 39 285 157 686 398 97 83 433 280 338 234 463 299 101 37 5 20 693 434 76 7 590 346 29 21 207 131 69 34 473 298
169 20 3134 26 16 31 34 575 331 109 100 40 13 459 252 348 212 280 184 212 100 632 388 397 203 293 193 744 437 43 3 85 7 321 212 568 358 429 225 544 335 133 125
170 20 3649 506 294 515 321 181 146 210 81 25 9 834 498 234 101 10 27 248 178 790 485 286 203 123 55 154 143 407 227 815 481 187 88 619 389 677 417 335 191 142 47
171 20 4142 503 294 629 370 399 205 15 37 343 212 615 368 143 127 316 191 888 538 458 288 566 316 487 316 38 14 442 276 264 127 917 550 364 226 515 285 364 222 18 19
172 20 2583 574 354 247 110 81 93 7 55 556 332 172 61 221 115 520 288 77 4 17 35 262 195 224 163 218 151 901 536 16 53 95 69 308 219 29 26 431 283 210 136
173 20 3314 298 141 850 505 508 320 132 110 282 208 619 382 308 226 279 185 270 195 286 201 288 214 145 136 95 90 49 30 76 86 132 76 354 178 297 186 704 438 656 403
174 20 3257 99 96 655 393 271 142 349 186 53 37 707 432 467 284 339 217 534 342 51 2 482 318 50 62 149 59 522 293 109 82 359 218 155 48 53 19 159 95 952 571
175 20 3551 130 92 198 116 425 253 682 416 740 438 336 218 720 416 224 109 82 11 130 99 701 405 868 513 187 75 453 262 543 335 5 44 73 98 532 335 37 10 37 12
176 20 4009 246 118 283 167 726 433 173 92 336 190 65 88 126 107 803 477 970 581 730 454 839 507 427 226 587 352 84 99 411 215 621 387 145 108 161 145 76 49 210 135
177 20 3334 790 462 383 256 567 352 150 55 448 241 234 164 535 348 194 76 46 27 437 272 762 443 167 75 107 42 522 334 324 213 171 92 63 6 388 248 19 5 362 239
178 20 3552 62 79 305 204 686 412 40 67 65 48 427 268 470 296 724 420 42 48 535 299 174 118 461 267 92 76 27 46 699 417 550 342 375 207 460 270 764 449 146 41
179 20 2732 393 256 418 229 67 18 66 9 331 202 340 193 378 251 572 340 454 303 98 33 639 401 53 24 84 53 40 49 105 10 27 47 642 375 453 290 90 62 215 97
180 20 3324 522 337 319 183 119 70 67 21 384 232 412 249 103 71 470 277 47 23 186 145 407 247 86 36 42 74 656 377 590 360 375 222 494 286 41 68 584 339 745 441
181 20 3533 359 225 319 200 655 373 371 245 57 26 537 299 316 190 811 494 79 64 124 36 177 149 630 374 357 197 851 511 283 151 89 26 106 63 317 167 12 66 617 375
182 20 3672 935 559 544 321 24 63 198 90 76 26 254 124 94 88 87 25 344 221 920 549 686 422 37 9 662 408 219 129 46 52 794 467 9 41 710 440 233 120 473 267
183 20 3876 828 505 390 233 187 143 137 44 37 20 299 169 494 291 205 139 836 499 866 522 336 186 453 247 426 272 174 66 51 41 267 138 688 398 265 141 363 228 450 283
184 20 3057 47 14 373 256 306 175 292 171 334 162 1 33 75 17 308 165 6 1 356 212 370 196 3 28 600 347 182 145 724 420 441 234 342 197 294 168 177 59 884 535
185 20 2905 521 321 238 151 13 59 653 393 22 32 347 179 84 22 113 98 391 200 526 338 360 206 351 243 201 75 15 27 177 61 437 270 22 43 605 364 46 25 689 402
186 20 3673 139 134 183 87 253 185 45 18 78 56 478 298 660 412 470 310 488 307 650 379 24 3 336 231 651 391 429 279 657 406 391 207 418 264 256 140 563 313 178 126
187 20 2770 20 45 377 199 100 89 869 514 364 193 119 99 238 104 142 100 120 33 440 290 331 233 309 227 329 202 748 438 32 38 352 248 292 134 21 6 265 183 72 75
188 20 4415 454 274 29 33 715 433 881 523 422 269 605 353 336 221 581 342 57 30 157 101 576 354 26 31 901 544 810 476 271 137 357 201 273 124 396 263 773 451 210 138
189 20 3769 317 219 703 419 359 178 548 339 536 339 607 361 256 163 236 131 40 10 466 272 801 475 649 409 216 107 56 69 848 512 40 68 306 162 25 7 177 92 353 217
190 20 3991 156 107 466 249 155 81 197 86 268 194 680 427 339 198 629 359 58 56 411 265 432 233 191 83 628 382 271 132 257 185 818 481 659 405 105 56 802 482 460 307
191 20 4061 107 88 760 453 38 19 480 271 625 394 453 254 309 152 818 487 182 143 286 193 182 106 827 500 606 377 63 32 673 416 652 384 299 196 360 205 319 153 83 15
192 20 3292 714 445 58 87 359 186 101 111 295 173 144 116 345 184 138 42 495 315 589 344 696 425 89 50 372 259 309 205 94 52 573 354 405 267 437 247 364 232 8 20
193 20 3716 3 34 205 84 363 187 602 375 345 181 250 132 32 57 587 365 647 403 58 38 856 509 303 189 420 232 318 212 730 453 471 294 369 253 257 134 257 133 360 239
194 20 3044 580 334 161 93 155 100 162 70 204 162 93 14 37 63 275 203 539 318 510 301 379 196 256 127 566 359 168 145 219 127 223 110 316 169 189 153 450 302 606 358
195 20 2473 50 63 39 73 93 50 124 23 192 100 143 54 574 333 524 333 57 69 18 68 210 94 231 99 563 364 631 358 91 89 860 514 16 24 318 173 88 65 124 114
196 20 3354 31 57 407 271 614 351 175 121 308 195 208 87 418 278 452 291 626 354 217 161 614 352 916 551 95 110 47 8 470 267 239 186 177 69 79 6 120 32 496 267
197 20 3818 317 176 586 366 605 374 312 215 97 18 111 66 598 373 322 163 46 4 28 19 276 133 342 176 58 65 889 537 721 435 710 422 620 354 626 396 250 159 123 102
198 20 3539 306 218 273 163 64 15 204 82 453 267 2 49 798 487 64 27 483 282 466 298 722 444 534 304 69 59 50 36 608 355 325 233 34 55 744 455 842 501 37 12
199 20 2219 438 260 47 22 80 14 153 105 146 86 1 5 208 149 531 296 133 95 222 138 512 329 61 60 266 130 251 188 170 105 15 68 578 334 423 276 105 85 98 110
200 20 3396 224 163 187 112 299 169 120 35 14 34 743 434 154 128 339 233 702 431 344 235 843 507 100 90 867 527 772 455 9 14 4 36 194 104 392 235 347 197 138 111
201 20 3258 433 251 283 195 276 203 16 30 841 507 381 265 76 92 124 90 759 444 69 20 395 233 433 289 33 34 631 364 717 429 79 34 117 99 637 361 61 68 156 64
202 20 2965 383 228 21 71 274 135 28 64 685 421 198 97 82 15 720 430 55 66 523 313 645 383 62 36 212 85 67 58 581 365 198 110 229 117 222 88 436 271 310 178
203 20 3176 27 70 260 115 276 170 230 141 439 248 43 10 80 101 469 279 349 176 182 88 645 399 384 237 327 204 573 361 535 298 232 103 609 362 244 173 11 3 438 249
204 20 3089 777 463 312 149 119 48 14 17 165 113 251 163 701 431 351 173 27 56 746 439 526 334 267 133 334 183 93 90 22 30 118 66 453 245 98 39 205 150 600 357
205 20 2335 144 128 150 115 233 94 664 388 193 155 58 44 233 178 191 146 219 135 149 103 19 52 9 23 347 236 312 160 164 124 77 92 744 443 367 239 322 171 76 73
206 20 3050 416 252 910 547 480 286 22 49 189 139 712 413 611 346 170 90 187 159 310 174 71 31 221 145 32 10 157 69 182 78 270 131 167 139 209 100 568 351 216 97
207 20 3922 494 301 640 375 305 212 473 263 633 383 345 239 28 3 496 302 562 324 361 190 158 109 879 531 270 186 147 138 540 342 147 116 129 92 157 73 562 316 519 318
208 20 3580 152 103 767 448 509 288 231 143 522 300 801 475 69 14 761 468 18 63 6 57 650 389 658 414 87 66 693 408 587 367 62 47 269 124 87 34 10 41 221 174
209 20 4565 84 96 209 143 120 82 244 183 594 359 122 103 878 531 934 559 192 147 613 390 614 379 368 248 847 511 102 102 464 246 790 481 589 376 542 341 786 463 39 54
210 20 3665 582 357 91 103 625 385 486 281 440 252 366 216 455 262 681 415 201 93 108 20 83 6 391 260 239 140 425 269 493 307 554 339 48 61 705 410 205 159 153 117
211 20 3739 461 258 700 429 314 181 291 158 628 390 747 449 601 357 322 179 47 40 580 350 853 505 65 43 362 200 7 11 69 30 154 134 761 467 354 186 129 97 33 76
212 20 3433 81 43 102 13 333 178 153 131 460 281 2 56 387 226 27 54 313 182 238 98 881 531 575 332 418 284 304 202 30 45 283 193 915 546 89 45 796 485 480 260
213 20 4059 760 464 737 450 808 479 5 31 407 237 753 466 197 134 239 146 720 446 819 494 551 346 245 188 191 156 16 14 762 460 108 96 398 207 230 105 43 82 130 70
214 20 3070 571 323 186 100 603 365 377 227 414 230 90 99 24 34 474 277 262 147 240 143 634 383 445 294 240 162 144 128 124 74 144 93 7 35 453 253 502 314 206 104
215 20 2908 532 296 243 142 71 11 386 228 254 156 539 311 452 268 91 80 336 222 99 16 211 107 83 28 131 114 37 17 741 454 51 74 678 393 242 167 214 88 426 283
216 20 4452 709 437 609 375 173 118 446 261 755 439 300 185 326 215 830 503 240 118 9 55 311 193 136 133 444 246 655 382 870 528 720 436 299 170 211 95 105 53 756 453
217 20 3387 30 74 877 530 806 493 547 310 358 199 182 121 105 52 479 287 164 116 726 446 104 65 228 141 633 373 70 87 418 237 153 126 337 222 176 110 57 37 325 187
218 20 2908 279 136 327 210 292 198 211 125 781 466 84 59 607 379 217 167 378 213 35 74 785 482 215 108 450 265 17 6 46 73 504 324 224 94 192 71 125 109 47 61
219 20 4993 728 445 673 405 305 162 546 343 189 75 216 171 733 444 532 306 151 119 331 167 858 518 527 339 572 340 900 545 65 36 202 127 813 478 399 210 629 380 618 385
220 20 4251 461 298 402 245 350 207 833 491 798 487 613 390 50 43 55 15 614 390 2 25 752 445 224 154 196 143 289 179 461 294 445 283 561 327 610 369 435 263 351 180
221 20 3660 528 340 86 9 475 294 246 179 705 435 829 502 260 193 359 217 436 243 283 203 86 89 246 184 280 209 57 21 748 442 470 261 440 236 198 102 294 169 294 205
222 20 4182 911 542 386 203 393 252 572 332 5 56 321 205 567 338 368 216 704 439 51 40 32 34 472 286 188 122 18 25 904 547 463 254 619 389 550 315 807 479 33 68
223 20 4073 129 40 414 238 460 262 695 424 155 49 27 42 273 145 558 325 55 66 62 6 341 239 826 487 301 165 461 252 153 74 604 370 814 487 452 283 826 486 541 312
224 20 3869 43 6 447 256 435 237 619 357 34 61 166 55 147 109 210 129 378 220 727 440 655 385 25 50 39 40 301 162 277 125 455 249 520 294 408 247 979 588 873 519
225 20 3626 516 314 496 301 238 105 514 283 76 31 389 201 473 307 267 172 645 406 736 427 77 19 162 116 217 162 32 71 626 394 232 171 440 254 331 236 600 370 186 159
226 20 2651 20 68 122 55 625 377 246 176 278 129 2 50 591 358 31 44 451 263 224 132 97 87 39 8 106 20 118 94 891 531 256 168 643 392 203 75 230 157 129 42
227 20 3909 97 65 559 326 599 338 884 524 950 567 328 176 498 302 422 244 222 131 257 182 226 98 720 447 187 91 216 106 474 256 781 477 44 5 131 126 50 73 174 153
228 20 4020 354 246 239 141 60 40 717 425 440 257 301 217 304 145 875 519 446 288 507 302 81 27 652 372 641 384 294 142 3 11 256 188 428 279 650 396 63 79 729 431
229 20 2998 530 334 243 121 370 220 649 388 323 178 239 170 54 49 574 329 317 198 103 107 333 219 347 218 35 7 344 227 150 88 233 176 19 56 434 266 487 274 212 136
230 20 4206 17 18 444 245 584 361 91 47 289 193 405 278 566 319 627 380 882 530 634 362 151 84 162 81 520 331 336 220 580 338 341 234 241 184 585 345 567 324 390 205
231 20 3524 850 519 377 211 182 69 405 212 433 258 424 255 28 65 110 119 573 330 289 199 121 121 268 145 514 319 687 420 226 161 330 219 183 145 199 112 144 110 705 407
232 20 2917 351 235 34 48 326 171 2 17 290 138 259 168 312 165 155 115 607 358 430 271 91 81 548 326 241 148 27 69 662 381 391 210 523 329 316 180 184 111 85 11
233 20 3448 421 270 230 99 608 360 295 146 180 59 195 82 76 49 68 36 312 147 393 241 363 189 498 300 535 325 759 458 806 475 132 93 10 46 102 9 395 213 518 304
234 20 3387 71 7 303 177 631 366 201 136 2 29 326 168 237 131 159 141 490 287 10 64 723 438 80 63 55 19 577 327 332 239 422 282 424 261 554 338 902 543 275 185
235 20 4648 711 442 362 254 175 57 758 442 40 51 493 293 276 131 333 198 619 386 675 398 169 71 113 44 165 137 451 279 534 305 666 389 528 295 964 580 608 342 656 400
236 20 4351 524 319 422 279 480 282 246 110 345 220 347 170 300 140 792 478 649 372 776 455 865 512 768 449 240 135 391 230 213 141 62 81 63 87 193 106 849 512 178 150
237 20 3099 523 316 230 163 469 259 67 91 93 29 493 311 149 96 852 504 7 43 175 123 304 159 786 477 158 110 450 289 86 43 529 344 367 203 298 156 51 13 112 79
238 20 3206 246 186 623 368 75 77 159 139 376 259 249 190 5 15 576 350 509 278 327 186 582 335 21 54 80 101 108 14 441 297 547 338 708 440 33 62 497 313 251 147
239 20 3270 393 267 492 276 22 44 399 244 242 160 840 503 86 41 417 248 15 24 279 206 451 250 378 262 59 47 47 4 419 253 838 501 27 6 294 140 814 493 28 16
240 20 4342 433 244 565 323 335 193 902 546 344 176 701 405 301 221 298 157 522 286 374 189 220 89 486 305 768 458 154 96 75 22 248 156 679 395 430 282 689 413 160 108
241 20 3594 407 263 252 120 233 158 684 396 156 62 791 482 339 164 431 247 769 451 900 546 107 58 199 78 126 104 339 175 246 175 21 69 35 39 13 61 484 288 657 393
242 20 3678 23 14 42 29 865 522 834 503 382 232 877 528 211 86 520 291 523 333 368 208 142 36 83 91 161 105 151 94 90 27 130 50 787 481 450 298 188 106 530 321
243 20 3455 274 182 142 127 354 245 147 77 691 397 515 328 250 133 498 306 416 246 616 393 602 346 283 181 280 165 407 236 64 35 14 67 127 30 935 562 270 184 26 47
244 20 3082 194 83 527 300 541 307 166 77 187 93 215 84 61 50 345 180 55 29 108 36 811 486 492 276 706 413 129 112 129 56 263 171 614 363 99 15 73 23 449 248
245 20 3608 301 177 621 391 491 292 144 83 314 209 509 303 180 61 29 68 338 241 273 122 322 227 217 107 420 228 414 252 424 253 762 467 790 467 337 241 13 10 317 165
246 20 3702 909 544 24 4 382 195 104 30 424 227 175 106 70 17 59 49 434 237 374 254 99 16 779 469 147 122 213 118 879 530 937 562 374 261 355 200 221 106 446 283
247 20 4427 904 546 59 72 421 232 574 345 402 272 686 410 952 573 181 155 134 130 710 411 119 122 858 522 263 118 19 32 734 447 809 477 211 110 700 431 50 31 68 57
248 20 3833 35 69 119 115 79 82 850 509 166 108 36 12 710 413 534 296 484 282 660 399 639 390 674 396 545 340 261 186 559 336 326 183 385 265 278 151 20 48 306 210
249 20 3446 575 335 168 108 247 171 881 531 796 467 524 333 54 82 224 141 219 162 581 353 376 193 160 89 367 253 469 290 468 298 149 131 28 44 230 184 311 183 66 81
250 20 3273 86 35 150 49 490 270 245 184 233 130 422 277 41 11 68 20 150 85 376 225 12 39 132 59 790 476 560 336 509 280 604 376 522 307 15 22 810 476 331 174
251 20 3193 525 301 563 330 592 360 446 263 780 467 32 34 262 114 125 34 164 105 91 97 304 151 608 346 295 201 104 46 318 192 151 69 610 365 23 70 255 196 138 120
252 20 3516 688 429 73 55 434 251 408 221 947 568 243 176 758 461 71 85 35 58 329 219 384 234 70 53 356 249 369 256 609 356 110 47 902 545 74 82 83 68 90 94
253 20 4324 481 289 519 296 61 41 630 367 617 372 717 416 352 181 663 412 163 59 457 265 177 122 153 88 238 176 756 454 212 131 591 378 223 145 781 459 218 156 639 391
254 20 4281 14 31 90 104 192 103 367 220 938 564 176 59 802 477 344 185 296 140 9 30 406 219 192 146 745 456 717 423 579 365 532 343 957 575 636 392 408 256 163 141
255 20 3545 373 210 682 400 3 35 713 422 364 200 652 409 155 89 351 200 654 372 62 11 404 245 637 379 112 36 268 169 29 17 113 63 110 14 373 193 199 163 837 511
256 20 3484 629 357 259 147 424 251 169 109 494 289 282 162 87 33 32 48 683 397 543 330 214 136 363 224 15 16 44 69 510 291 511 321 612 359 246 163 340 178 512 301
257 20 3881 15 58 331 176 400 249 347 243 386 236 526 318 897 543 241 183 12 38 27 53 631 384 431 258 435 285 83 28 598 336 242 136 422 265 734 432 651 394 354 204
258 20 3299 184 65 298 220 183 114 535 338 380 230 150 98 832 494 388 237 143 134 18 49 769 472 836 501 433 269 185 82 250 180 443 245 99 40 84 83 100 36 288 211
259 20 2912 661 384 166 109 237 163 340 208 77 70 5 51 232 144 123 113 440 247 26 8 320 203 194 88 661 391 363 187 464 277 316 152 93 36 613 386 469 285 24 68
260 20 3295 277 195 690 426 14 44 139 48 17 55 518 329 182 123 795 477 79 71 31 22 456 277 5 61 64 4 129 56 971 583 96 95 386 228 621 357 747 440 373 232
261 20 3835 368 241 250 184 621 361 369 201 86 58 172 89 612 372 236 165 376 242 189 145 590 355 695 425 529 346 738 455 285 143 254 116 514 297 240 140 194 118 353 212
262 20 4941 43 12 766 466 491 305 555 336 261 118 639 385 395 218 122 114 941 568 670 401 450 271 359 193 564 330 275 132 410 240 700 423 869 518 737 454 382 225 253 173
263 20 4154 608 367 133 107 711 415 385 211 159 61 256 143 346 169 756 449 746 442 848 516 687 418 270 204 342 183 563 351 238 157 114 87 452 275 59 12 417 271 219 149
264 20 3369 57 81 94 18 73 19 444 275 201 133 260 158 881 532 481 282 755 453 310 148 160 63 100 24 112 29 89 18 553 333 338 171 84 40 389 270 529 313 829 492
265 20 3161 146 59 184 87 232 165 105 75 584 371 149 102 103 41 133 50 803 481 472 292 164 76 37 24 457 267 584 339 226 108 673 414 98 21 473 254 608 345 91 100
266 20 4259 351 202 58 43 543 307 817 492 584 337 445 295 669 418 733 446 576 338 803 478 297 214 362 241 395 230 5 34 242 175 113 105 103 66 73 65 825 486 525 299
267 20 3238 591 361 372 255 190 71 412 244 337 227 79 89 580 340 110 44 857 515 101 62 600 351 512 331 1 49 21 27 128 40 146 39 815 487 58 19 184 143 383 224
268 20 3349 17 24 151 56 65 83 376 211 463 296 114 77 73 65 221 115 373 192 335 205 843 506 108 49 139 87 546 302 248 108 199 125 729 424 896 538 500 300 303 182
269 20 3129 211 165 910 548 503 319 185 139 440 284 271 162 441 254 180 77 319 162 807 493 220 168 15 34 130 47 267 118 384 267 53 51 104 11 283 196 67 66 468 312
270 20 3569 258 136 623 384 742 455 16 28 312 184 667 383 400 223 619 377 34 41 171 105 123 61 14 39 16 60 783 476 193 155 147 82 476 309 652 394 150 123 743 444
271 20 3904 124 85 133 29 599 363 254 180 313 208 158 77 335 162 171 63 862 513 53 72 491 288 363 191 483 284 535 302 723 429 538 342 192 132 703 429 451 273 327 218
272 20 3853 114 36 225 137 848 505 300 141 265 187 530 337 669 403 157 50 116 70 309 150 117 74 879 530 553 343 419 229 595 347 713 421 219 105 502 290 124 29 53 18
273 20 4397 97 6 314 158 265 145 823 492 800 481 41 34 525 339 111 108 710 411 825 498 550 333 492 280 274 133 639 368 106 43 321 216 344 228 509 303 566 325 483 266
274 20 4078 398 212 360 220 103 101 163 78 210 146 362 232 837 511 285 165 456 242 466 311 584 346 894 538 385 218 499 293 259 189 124 59 882 531 736 447 73 49 80 73
275 20 3957 302 154 896 544 333 210 12 24 193 131 52 9 294 190 409 277 261 143 541 304 327 228 452 251 786 473 128 124 796 478 159 80 779 460 386 267 220 89 589 354
276 20 3460 349 195 215 122 548 333 133 51 440 263 154 109 137 93 13 61 387 241 723 423 594 353 240 154 347 182 419 270 159 91 439 285 565 343 682 411 218 134 159 133
277 20 3349 647 369 225 127 785 482 63 80 97 73 482 271 244 167 477 313 392 200 33 43 513 334 785 483 267 119 307 168 207 102 400 266 193 109 341 215 202 159 39 76
278 20 4454 3 50 472 276 669 393 472 290 77 23 753 457 818 501 895 535 275 181 142 99 735 456 325 199 578 360 279 210 743 450 684 402 192 116 295 140 185 99 317 161
279 20 3727 673 417 129 77 297 178 332 170 83 31 10 42 569 365 740 432 224 124 523 342 937 559 447 238 277 180 160 145 146 133 136 56 637 384 252 145 420 256 463 271
280 20 4003 15 48 953 574 81 87 407 219 415 231 118 109 601 354 265 166 805 477 537 298 362 229 153 53 638 373 57 61 70 85 467 296 467 273 933 557 493 320 170 136
281 20 4239 651 377 419 276 115 26 279 198 218 93 822 501 419 274 494 319 814 486 588 343 131 67 847 506 436 277 379 201 22 48 91 19 367 240 584 326 751 465 52 28
282 20 3513 173 78 581 349 249 177 3 16 168 83 677 410 255 140 683 394 562 363 229 119 396 209 302 188 42 72 373 191 582 341 609 378 276 152 256 139 359 223 252 148
283 20 3307 322 167 180 91 401 221 564 364 251 177 410 280 192 132 17 28 92 95 754 450 473 307 516 315 644 393 13 41 232 181 13 21 850 510 250 139 63 87 378 216
284 20 4275 185 159 447 263 249 114 512 278 71 82 724 440 569 320 637 370 535 322 639 380 280 154 545 316 547 334 316 195 379 194 144 120 321 183 469 252 272 123 710 443
285 20 2436 532 309 288 177 258 121 252 163 216 123 38 50 272 184 157 92 163 100 159 63 136 113 189 74 306 174 496 278 388 214 85 30 566 340 19 46 274 160 78 11
286 20 3164 299 205 141 44 449 270 309 168 74 62 33 32 78 87 274 156 868 515 145 109 192 133 631 391 4 49 717 429 486 307 68 68 163 106 605 341 565 354 227 110
287 20 3812 188 108 714 436 34 73 137 76 154 113 233 137 328 205 778 480 556 355 312 146 814 482 669 389 408 256 388 253 703 419 138 108 79 38 207 79 237 154 547 353
288 20 2422 130 115 195 159 131 83 41 72 42 43 73 88 394 202 689 424 122 23 223 101 173 74 292 165 874 519 215 107 6 21 5 56 419 239 473 263 15 62 332 181
289 20 3632 221 97 291 179 314 187 741 430 323 213 159 134 87 102 466 258 498 269 2 13 49 65 477 256 354 233 470 278 1 6 804 491 630 381 442 287 50 51 886 537
290 20 4469 96 104 740 439 42 75 229 129 69 65 551 336 869 515 201 145 589 350 88 57 824 495 705 419 299 181 43 8 514 334 794 472 66 25 755 439 773 455 691 428
291 20 2484 225 112 448 302 135 92 300 169 224 132 45 53 332 165 76 74 320 183 29 51 187 156 196 101 51 4 88 106 437 280 181 135 449 296 543 327 25 33 678 404
292 20 2949 77 78 185 84 160 57 163 80 319 215 423 226 93 85 238 119 394 261 36 26 435 260 391 258 782 469 86 13 48 85 213 174 76 88 426 245 705 411 648 406
293 20 4049 625 367 888 536 653 392 65 54 682 397 66 1 851 509 184 85 59 38 391 265 490 318 31 40 855 507 7 51 482 316 712 434 68 96 504 307 348 228 137 64
294 20 4047 207 107 657 407 109 74 620 390 588 369 107 78 36 32 756 458 640 402 597 356 63 75 459 249 921 550 352 208 407 274 195 128 572 336 153 75 614 384 42 34
295 20 4023 242 155 531 306 35 52 686 420 728 430 611 349 28 70 62 73 711 438 304 166 127 112 265 163 580 356 688 430 613 362 461 276 45 30 114 32 792 478 423 253
296 20 4041 187 65 688 398 360 196 569 357 711 431 571 351 281 137 177 57 222 159 308 204 240 182 833 491 573 358 701 404 302 197 14 62 113 113 172 113 473 295 588 336
297 20 4214 67 32 270 125 899 538 187 91 241 160 98 92 317 166 794 471 662 404 28 63 320 182 480 261 386 263 602 383 596 376 53 40 489 294 744 459 752 462 443 250
298 20 4186 461 262 828 494 688 414 654 391 344 214 628 356 216 129 910 546 563 339 362 248 69 2 149 45 149 55 331 171 771 472 168 149 302 204 465 261 167 82 147 139
299 20 3679 432 237 241 153 494 315 396 232 969 581 973 585 209 139 34 60 579 366 198 161 691 418 319 155 154 105 66 20 156 115 14 3 458 269 103 27 863 525 9 25
300 20 2868 67 43 229 121 358 200 387 248 354 227 254 181 249 180 155 119 464 308 113 77 850 504 242 109 38 56 112 89 169 73 636 376 663 407 175 124 213 99 8 62
301 20 4160 325 155 530 300 74 83 239 148 200 118 358 191 539 322 118 91 143 111 612 363 276 133 409 215 837 499 736 438 406 258 550 347 205 170 530 339 649 398 584 348
302 20 3719 765 457 713 414 64 28 124 33 917 550 69 6 233 176 545 323 471 312 3 10 190 108 515 298 36 43 156 82 382 250 558 361 485 317 86 48 735 430 391 242
303 20 3936 238 183 500 307 116 46 979 587 6 50 322 215 201 152 665 393 61 30 497 285 662 415 237 99 615 353 240 142 981 590 502 272 493 309 77 42 66 22 415 222
304 20 4009 14 48 7 2 576 335 404 274 833 504 211 131 308 201 251 173 631 378 427 261 374 219 91 64 767 453 615 352 326 176 743 432 29 45 182 147 305 143 924 553
305 20 3358 127 92 133 101 3 47 156 101 619 362 539 313 336 207 314 161 622 382 146 98 382 204 601 341 291 210 187 138 143 127 144 47 121 39 478 297 728 438 647 401
306 20 2923 307 174 249 151 530 317 401 233 697 416 89 105 192 151 362 245 344 230 399 229 653 412 32 63 9 16 230 142 185 80 394 206 252 131 133 35 142 129 246 148
307 20 3837 610 358 487 308 253 122 319 216 306 221 390 203 357 187 148 95 379 193 25 27 313 224 119 97 762 446 826 485 306 198 545 333 372 200 591 374 76 32 490 299
308 20 3001 284 196 71 24 699 428 291 212 368 187 137 101 369 240 128 34 118 88 283 192 311 198 173 148 227 166 142 35 293 154 380 237 445 269 638 394 481 303 165 128
309 20 3645 488 318 370 217 419 263 117 77 186 63 250 134 221 113 647 393 277 148 301 197 465 266 224 88 131 112 371 252 594 359 758 466 256 143 651 404 52 11 513 291
310 20 3735 4 19 539 309 181 74 441 295 310 202 126 79 177 138 590 351 46 21 124 31 669 385 138 62 340 170 526 342 308 173 698 427 629 373 631 393 22 55 971 582
311 20 3098 297 149 556 352 365 193 90 71 842 502 366 215 36 33 333 240 335 164 121 125 101 19 40 78 279 144 660 403 604 374 150 70 204 112 74 85 647 393 96 106
312 20 3685 251 129 655 403 459 245 642 373 173 120 56 13 97 32 610 383 675 422 259 172 795 480 45 41 113 115 958 574 344 234 156 54 244 164 163 122 616 377 60 29
313 20 3346 431 268 439 251 650 375 52 32 563 340 531 335 84 51 112 19 18 70 113 112 522 287 480 291 791 472 77 37 366 223 209 137 452 290 143 69 17 59 643 369
314 20 3646 279 126 354 193 757 458 125 78 445 270 343 173 208 153 173 78 131 50 650 394 856 514 750 465 16 62 373 191 662 391 107 65 193 137 210 88 231 169 430 254
315 20 3809 597 355 441 235 57 36 532 337 405 278 499 275 212 99 666 401 305 155 562 320 215 159 656 382 84 92 41 5 62 1 551 353 388 246 610 348 685 413 50 40
316 20 3447 316 219 373 251 126 44 83 6 553 339 313 151 529 331 12 65 85 3 449 275 265 136 721 439 115 112 486 300 410 280 225 131 318 160 530 341 503 311 482 314
317 20 3440 4 53 159 80 597 338 105 97 603 358 427 236 646 384 737 449 80 58 779 464 192 108 186 128 493 319 2 58 22 29 466 275 306 153 706 416 87 8 284 152
318 20 3562 279 165 601 367 417 267 75 16 61 50 391 213 379 237 755 446 322 166 85 1 312 164 548 343 698 436 161 96 415 253 307 185 176 109 152 111 554 331 437 274
319 20 3378 376 229 17 5 152 65 357 245 79 89 221 177 286 184 938 565 258 186 799 478 287 136 425 230 264 136 18 28 793 488 297 161 250 176 410 253 107 74 422 268
320 20 3803 19 27 648 398 285 175 648 368 191 138 789 483 587 348 149 110 388 244 418 247 484 290 218 87 277 185 392 231 511 331 439 282 112 65 143 70 458 295 451 247
321 20 3324 337 215 118 34 101 76 198 161 622 365 810 491 119 61 421 229 526 338 444 286 602 378 891 535 38 22 162 63 60 33 380 193 535 337 128 117 11 14 146 126
322 20 3081 678 393 455 256 345 171 33 77 253 176 343 173 289 154 362 208 59 3 138 56 270 123 546 328 546 337 38 67 404 207 342 210 588 366 270 135 10 63 193 136
323 20 3969 720 444 276 199 474 305 167 133 190 104 447 242 115 90 47 22 296 210 497 287 323 210 418 220 420 277 408 238 809 490 589 366 50 41 250 107 595 347 847 500
324 20 3551 181 128 101 74 32 51 599 380 350 207 89 80 183 129 843 503 908 540 457 258 84 9 29 10 11 50 721 437 384 254 450 243 29 54 712 439 525 300 414 236
325 20 3231 160 68 348 191 594 349 416 222 70 74 377 192 526 303 273 147 16 53 812 496 201 85 533 314 65 62 522 317 90 71 20 7 610 351 216 171 314 149 300 207
326 20 3008 307 180 84 64 109 77 35 77 239 149 277 180 42 15 152 65 564 319 191 80 579 361 244 159 437 241 240 138 831 504 23 50 245 188 739 436 182 102 497 283
327 20 4006 414 279 288 157 775 456 18 27 608 377 626 392 748 438 600 363 41 61 235 123 4 42 485 281 552 334 87 88 362 182 49 59 560 351 606 362 823 501 131 89
328 20 3434 93 32 676 417 522 293 109 114 515 310 154 141 198 85 24 11 431 241 280 179 837 502 14 15 502 274 187 157 65 11 188 97 613 361 236 152 298 149 926 556
329 20 2906 574 348 188 149 692 398 198 87 44 59 295 159 5 35 143 67 109 104 248 176 75 2 102 14 576 328 555 327 26 11 475 270 278 175 268 196 633 392 329 192
330 20 3687 9 57 337 172 707 410 386 220 250 155 296 175 116 88 267 170 311 176 213 113 101 96 447 250 661 410 539 334 701 427 100 114 879 530 41 76 758 451 256 119
331 20 2827 662 388 695 401 359 198 405 255 219 137 124 28 664 393 1 7 52 25 144 96 136 130 445 251 295 157 564 319 300 178 107 58 42 63 24 63 186 160 230 119
332 20 4054 894 539 347 200 62 38 195 103 835 492 152 63 411 257 411 224 499 320 263 123 845 505 481 319 700 426 396 256 200 108 286 175 625 392 12 45 465 293 30 66
333 20 3912 514 337 737 452 434 265 885 531 931 557 229 146 242 132 112 27 369 219 400 272 312 167 182 123 51 63 378 220 124 110 222 141 24 35 71 42 783 460 824 485
334 20 3537 368 237 473 299 343 211 670 400 775 458 11 17 391 238 192 100 658 381 22 53 43 21 56 4 600 377 404 222 41 37 630 367 148 42 733 444 30 21 487 288
335 20 3425 989 594 47 68 122 125 109 38 693 432 586 350 382 257 199 109 665 381 513 296 389 212 290 172 681 406 102 62 22 70 461 279 203 122 117 49 182 142 98 88
336 20 3528 556 327 113 110 315 155 437 238 33 75 749 452 27 22 8 62 136 130 766 458 669 412 355 213 941 565 559 334 466 253 53 16 495 273 226 118 40 42 112 90
337 20 3421 68 10 249 170 95 17 188 149 212 84 482 306 581 343 14 68 635 375 700 414 480 257 137 46 504 304 171 143 461 301 786 466 386 264 267 124 414 249 12 22
338 20 3819 475 306 533 346 186 127 472 274 270 135 405 260 454 245 827 490 465 287 402 234 142 43 93 17 727 445 540 323 127 53 246 126 569 333 457 297 62 64 187 146
339 20 4608 91 50 790 482 251 141 407 233 547 327 260 177 188 119 696 407 44 4 261 171 320 198 81 77 794 480 655 404 554 325 857 518 710 412 99 20 729 447 883 533
340 20 4108 269 171 308 176 544 349 56 52 946 568 77 22 904 546 909 549 538 316 156 120 154 117 430 272 484 267 252 149 593 334 341 207 351 241 7 14 194 110 704 410
341 20 3403 77 41 214 151 784 470 410 235 634 396 195 74 388 220 420 222 565 344 148 76 247 187 163 100 37 49 121 90 118 72 276 159 600 358 325 173 456 283 629 373
342 20 3846 237 107 63 27 213 135 879 521 391 244 155 107 517 318 807 489 249 143 116 102 752 452 145 99 349 231 814 500 342 230 540 351 84 25 81 82 759 455 200 140
343 20 2925 91 60 168 53 192 101 169 102 81 17 617 359 725 439 721 419 105 47 472 314 353 210 670 384 348 220 42 49 77 44 147 62 504 325 59 1 166 68 144 61
344 20 3745 751 451 766 472 231 184 259 171 544 335 307 191 72 67 220 140 8 52 600 365 619 391 740 457 295 145 131 89 249 142 475 286 637 372 157 61 394 238 36 20
345 20 3691 529 311 786 481 330 185 236 137 251 117 583 369 173 129 417 261 82 65 523 293 108 100 940 562 29 47 340 213 479 308 346 229 527 291 344 221 69 97 290 150
346 20 3192 454 260 137 124 38 73 709 427 244 149 864 520 189 151 408 213 839 512 5 59 38 23 125 127 170 117 248 139 152 112 244 155 392 209 547 341 27 57 554 323
347 20 4182 242 175 257 149 123 82 356 235 973 584 287 182 222 164 166 83 156 82 82 44 457 262 535 312 272 150 808 488 724 443 711 437 667 408 430 250 455 265 441 277
348 20 4236 944 564 660 396 637 403 139 133 831 504 745 453 65 83 27 41 215 142 248 118 492 295 366 199 832 508 506 305 241 121 450 259 555 338 248 176 91 14 181 90
349 20 3210 108 16 337 214 424 269 113 70 250 121 202 75 12 36 273 143 730 453 44 22 830 490 154 92 745 446 342 207 597 340 246 102 206 80 592 377 210 86 6 55
350 20 4487 366 242 465 295 780 472 107 27 358 240 625 357 774 457 332 206 343 233 631 370 261 141 723 449 230 173 728 433 505 316 312 172 16 35 360 219 547 325 511 322
351 20 3226 652 391 383 208 43 12 706 417 544 351 76 41 66 73 148 40 239 101 4 35 302 153 428 227 267 159 747 446 209 160 362 230 499 318 20 40 382 198 375 229
352 20 4205 450 247 550 357 710 429 310 227 5 39 761 462 382 238 172 123 15 33 710 431 924 555 748 451 644 400 272 202 340 242 233 127 174 55 70 1 264 145 676 406
353 20 3251 183 93 104 110 724 433 171 62 122 83 165 147 374 197 44 22 457 242 649 402 296 216 373 214 155 121 230 176 167 101 592 345 496 304 333 185 64 95 803 475
354 20 2276 280 204 67 73 26 50 33 48 226 105 288 211 37 3 189 129 411 219 501 309 24 40 320 216 392 230 18 33 178 58 307 146 668 386 125 126 439 278 24 10
355 20 2851 147 77 101 59 52 33 191 89 484 263 139 101 432 277 360 204 368 250 532 315 239 179 399 228 766 468 294 145 227 122 276 138 381 203 109 76 127 104 78 86
356 20 4341 567 359 795 486 36 55 535 347 339 175 252 166 499 326 362 183 295 180 341 242 403 234 475 302 333 223 611 375 607 377 264 182 613 388 889 531 415 276 51 16
357 20 3543 15 26 291 214 655 398 244 147 211 79 741 445 464 285 102 113 437 289 620 390 257 177 92 72 732 453 552 334 399 256 56 48 399 248 122 110 249 138 448 252
358 20 3256 215 148 82 103 214 146 71 27 443 261 463 282 161 48 127 117 277 179 834 502 76 39 436 253 377 225 209 83 613 355 341 202 387 234 873 525 63 14 251 191
359 20 3453 91 29 645 390 545 316 762 464 35 15 133 42 851 512 316 169 187 73 51 16 77 93 349 242 330 225 169 71 126 27 826 493 316 229 301 222 652 392 144 136
360 20 3543 135 86 555 346 75 64 42 50 532 321 86 84 101 91 582 339 155 137 603 351 48 39 432 257 916 551 465 258 138 87 771 460 133 120 604 380 107 61 607 363
361 20 3682 371 238 315 199 22 41 557 348 159 84 784 465 471 298 142 54 26 53 572 358 82 69 860 520 844 513 112 93 394 208 39 45 469 265 606 364 478 272 61 83
362 20 2940 509 328 151 72 65 22 254 183 93 44 391 252 275 201 247 168 137 122 392 243 43 55 37 34 152 98 198 78 714 441 669 418 329 228 350 236 506 308 369 252
363 20 3313 721 447 771 460 33 72 558 334 359 201 37 23 80 66 223 137 801 483 369 252 101 28 401 227 220 108 385 246 82 48 82 33 482 292 44 59 634 397 244 125
364 20 3644 335 183 266 124 143 112 453 244 377 212 468 285 240 137 197 94 95 85 811 491 448 288 195 152 644 403 569 338 32 77 372 199 595 379 888 540 64 13 96 48
365 20 3487 352 174 433 247 360 219 676 395 310 211 439 232 74 43 357 193 316 169 158 76 208 141 312 152 520 339 285 174 227 165 252 181 210 158 829 505 639 366 18 21
366 20 3161 80 40 373 190 275 123 52 51 117 90 325 193 109 95 479 306 114 74 579 371 129 94 576 334 557 326 252 125 523 300 185 136 22 18 757 460 85 54 733 438
367 20 3636 14 15 152 96 90 66 572 328 434 260 242 180 659 388 751 458 395 202 271 156 841 506 343 203 146 58 288 143 160 142 503 307 48 33 546 310 467 293 350 204
368 20 4144 142 135 498 313 823 495 377 218 429 264 87 48 298 166 974 586 547 306 965 581 184 66 479 317 137 53 322 220 78 96 71 94 571 362 660 396 78 83 568 336
369 20 4117 456 274 205 94 248 140 733 436 904 541 387 257 673 419 727 445 317 228 798 484 421 221 287 206 351 199 78 75 342 236 424 273 2 24 447 251 247 173 187 113
370 20 4200 180 86 343 191 305 158 340 223 521 299 69 84 495 325 143 44 817 487 165 60 171 136 505 284 846 499 661 386 951 568 467 293 557 312 277 160 578 363 9 4
371 20 2891 629 391 326 228 469 255 462 261 442 247 952 570 483 265 135 62 59 48 337 219 71 3 444 251 98 20 56 66 22 62 188 137 244 134 53 46 307 156 5 33
372 20 2976 533 311 236 127 530 332 236 148 353 238 287 191 572 342 24 28 534 318 114 75 49 15 287 141 500 282 268 199 559 332 112 21 184 145 36 49 521 310 18 24
373 20 4099 523 334 169 129 581 365 758 441 146 64 294 193 479 300 287 192 602 379 424 255 401 259 42 38 397 226 696 420 509 314 444 254 220 107 412 272 390 226 424 258
374 20 4691 706 440 759 445 230 138 151 53 47 35 787 461 32 77 255 111 488 315 803 480 576 340 774 464 874 528 185 145 379 254 28 42 478 293 594 364 904 548 333 198
375 20 3337 14 7 377 259 78 28 290 162 194 77 269 165 758 444 238 160 84 37 824 489 568 341 223 159 38 8 93 110 315 176 268 129 652 396 723 443 134 43 534 292
376 20 4009 467 294 152 64 11 2 59 13 790 484 573 324 731 448 657 375 105 104 94 67 203 85 199 142 713 415 692 408 911 552 583 349 105 54 437 256 215 125 322 214
377 20 4421 586 371 503 289 417 279 331 202 329 194 556 318 544 336 16 51 903 538 291 155 477 310 184 154 29 33 638 370 523 310 453 277 320 200 894 537 616 386 232 132
378 20 2869 62 72 102 12 401 226 639 381 257 137 238 186 221 133 123 62 338 170 134 50 299 185 696 402 402 248 254 113 146 133 149 54 143 99 499 306 223 91 412 253
379 20 5025 471 265 962 578 366 198 312 217 249 151 688 430 836 505 286 133 783 466 759 454 804 479 340 235 597 369 301 216 401 222 703 417 346 183 638 402 140 41 68 78
380 20 2027 380 244 101 37 10 26 8 42 288 140 128 51 475 268 38 45 549 309 167 129 388 228 300 189 26 68 34 22 4 21 214 111 891 535 24 49 10 60 19 36
381 20 3667 329 161 383 266 321 228 259 159 79 62 268 194 49 55 409 278 51 82 340 200 370 251 887 539 160 69 313 172 574 336 367 246 121 69 878 527 480 316 696 407
382 20 3626 498 280 40 24 471 256 97 100 294 146 463 304 611 353 383 197 222 105 70 65 818 482 27 1 117 67 693 428 186 78 713 432 550 348 533 303 286 132 180 105
383 20 2575 131 82 219 167 145 45 849 516 71 76 456 291 25 24 142 128 47 24 83 38 267 204 228 142 236 154 109 105 345 208 197 137 147 51 157 47 843 500 454 269
384 20 3143 159 92 697 409 476 297 51 3 98 105 563 349 485 301 663 387 40 30 817 482 1 4 97 70 224 150 51 46 26 52 34 78 154 44 738 456 112 73 801 493
385 20 3556 149 103 384 199 124 88 406 263 149 122 238 110 338 230 244 143 247 139 226 139 607 351 13 25 119 116 281 182 140 40 470 255 533 295 870 525 700 423 874 529
386 20 4745 639 396 205 157 596 371 383 233 128 42 902 546 528 302 444 276 724 447 388 259 47 48 723 427 571 359 67 79 666 414 732 435 246 136 504 275 503 318 495 327
387 20 3334 531 319 532 299 779 458 680 411 320 199 82 38 16 45 186 131 481 310 95 44 606 379 197 88 286 187 271 157 762 464 414 283 151 61 164 56 70 52 46 80
388 20 3527 408 272 650 380 175 147 418 222 469 295 435 283 220 122 62 87 1 49 627 372 128 109 505 308 272 165 7 26 398 253 670 404 254 191 366 214 796 483 194 94
389 20 3756 743 440 66 59 562 362 216 163 618 365 636 387 159 84 281 160 674 422 585 360 447 265 133 82 171 148 149 49 115 29 165 90 636 386 575 368 128 49 454 299
390 20 3323 120 101 309 218 36 16 721 435 149 62 94 87 74 62 503 306 309 221 132 50 246 190 703 428 619 355 503 309 163 84 596 380 276 146 257 139 413 272 423 273
391 20 4301 39 12 463 281 507 280 504 318 302 147 458 274 447 256 702 425 553 306 501 318 502 294 417 275 316 168 435 240 387 268 134 47 924 552 506 333 72 57 433 245
392 20 4300 158 139 597 377 818 484 468 271 207 79 145 49 413 231 616 370 768 466 252 109 330 204 437 236 687 414 74 30 401 215 424 270 396 265 449 253 610 387 351 177
393 20 3034 24 42 97 94 448 283 131 36 276 153 371 190 113 83 354 213 386 255 387 258 194 98 149 115 602 364 693 430 297 200 115 57 134 77 310 162 87 1 900 542
394 20 2368 10 18 260 148 304 185 949 572 226 161 155 129 125 34 392 208 23 26 195 75 56 77 128 126 150 50 159 94 580 370 33 20 101 73 225 125 8 12 657 401
395 20 3673 79 21 418 262 762 450 183 89 72 33 57 65 762 459 442 274 245 189 137 129 583 370 484 275 454 270 168 100 125 88 720 440 189 119 408 251 603 345 455 269
396 20 3391 319 229 179 81 508 311 126 76 261 168 728 449 294 187 701 420 43 8 74 85 865 522 199 95 448 283 654 402 507 306 378 232 281 195 24 65 95 107 99 38
397 20 3366 366 209 29 70 423 286 473 297 585 367 139 41 260 116 685 410 783 458 325 188 47 77 291 217 680 412 115 111 210 88 42 82 136 95 671 393 293 196 179 93
398 20 2531 768 452 62 15 426 232 274 159 139 84 23 33 317 224 136 90 490 269 745 443 179 144 32 49 158 55 15 24 555 326 68 49 87 76 344 229 134 102 110 53
399 20 3504 546 308 38 3 171 93 553 335 196 78 298 158 392 233 184 147 241 174 979 588 276 191 737 429 383 211 504 321 194 137 311 186 97 17 564 314 62 89 283 150
400 20 4091 414 228 867 527 358 227 354 184 525 304 577 367 46 83 887 537 321 233 127 26 241 177 197 105 313 183 209 114 157 145 397 212 970 581 746 458 338 169 138 110
